number,contract_name,name,address,latitude,longitude,banking,bonus,status,last_update,connected,overflow,shape,total_available_bikes,total_available_stands,total_mechanical_bikes,total_electrical_bikes,total_electrical_internal_battery_bikes,total_electrical_removable_battery_bikes,total_capacity,main_available_bikes,main_available_stands,main_mechanical_bikes,main_electrical_bikes,main_electrical_internal_battery_bikes,main_electrical_removable_battery_bikes,main_capacity
1,dublin,"CLARENDON ROW","Clarendon Row",53.3409,-6.2625,0,0,OPEN,"2025-02-22 02:55:22",1,0,{},11,20,6,5,0,5,31,11,20,6,5,0,5,31
1,dublin,"CLARENDON ROW","Clarendon Row",53.3409,-6.2625,0,0,OPEN,"2025-02-22 03:05:25",1,0,{},11,20,6,5,0,5,31,11,20,6,5,0,5,31
1,dublin,"CLARENDON ROW","Clarendon Row",53.3409,-6.2625,0,0,OPEN,"2025-02-22 10:13:03",1,0,{},22,9,13,9,0,9,31,22,9,13,9,0,9,31
1,dublin,"CLARENDON ROW","Clarendon Row",53.3409,-6.2625,0,0,OPEN,"2025-02-22 10:17:58",1,0,{},18,13,11,7,0,7,31,18,13,11,7,0,7,31
1,dublin,"CLARENDON ROW","Clarendon Row",53.3409,-6.2625,0,0,OPEN,"2025-02-22 10:23:14",1,0,{},19,12,12,7,0,7,31,19,12,12,7,0,7,31
1,dublin,"CLARENDON ROW","Clarendon Row",53.3409,-6.2625,0,0,OPEN,"2025-02-22 10:27:54",1,0,{},20,11,12,8,0,8,31,20,11,12,8,0,8,31
1,dublin,"CLARENDON ROW","Clarendon Row",53.3409,-6.2625,0,0,OPEN,"2025-02-22 10:33:21",1,0,{},22,9,13,9,0,9,31,22,9,13,9,0,9,31
1,dublin,"CLARENDON ROW","Clarendon Row",53.3409,-6.2625,0,0,OPEN,"2025-02-22 10:43:27",1,0,{},22,9,13,9,0,9,31,22,9,13,9,0,9,31
1,dublin,"CLARENDON ROW","Clarendon Row",53.3409,-6.2625,0,0,OPEN,"2025-02-22 10:47:28",1,0,{},21,10,13,8,0,8,31,21,10,13,8,0,8,31
1,dublin,"CLARENDON ROW","Clarendon Row",53.3409,-6.2625,0,0,OPEN,"2025-02-22 10:58:16",1,0,{},22,9,13,9,0,9,31,22,9,13,9,0,9,31
1,dublin,"CLARENDON ROW","Clarendon Row",53.3409,-6.2625,0,0,OPEN,"2025-02-22 11:03:40",1,0,{},22,9,13,9,0,9,31,22,9,13,9,0,9,31
1,dublin,"CLARENDON ROW","Clarendon Row",53.3409,-6.2625,0,0,OPEN,"2025-02-22 11:13:45",1,0,{},22,9,13,9,0,9,31,22,9,13,9,0,9,31
1,dublin,"CLARENDON ROW","Clarendon Row",53.3409,-6.2625,0,0,OPEN,"2025-02-22 11:26:43",1,0,{},23,8,13,10,0,10,31,23,8,13,10,0,10,31
1,dublin,"CLARENDON ROW","Clarendon Row",53.3409,-6.2625,0,0,OPEN,"2025-02-22 11:31:34",1,0,{},24,7,14,10,0,10,31,24,7,14,10,0,10,31
1,dublin,"CLARENDON ROW","Clarendon Row",53.3409,-6.2625,0,0,OPEN,"2025-02-22 11:33:55",1,0,{},24,7,14,10,0,10,31,24,7,14,10,0,10,31
1,dublin,"CLARENDON ROW","Clarendon Row",53.3409,-6.2625,0,0,OPEN,"2025-02-22 11:46:13",1,0,{},25,6,15,10,0,10,31,25,6,15,10,0,10,31
1,dublin,"CLARENDON ROW","Clarendon Row",53.3409,-6.2625,0,0,OPEN,"2025-02-22 11:58:17",1,0,{},25,6,14,11,0,11,31,25,6,14,11,0,11,31
1,dublin,"CLARENDON ROW","Clarendon Row",53.3409,-6.2625,0,0,OPEN,"2025-02-22 12:01:10",1,0,{},26,5,15,11,0,11,31,26,5,15,11,0,11,31
1,dublin,"CLARENDON ROW","Clarendon Row",53.3409,-6.2625,0,0,OPEN,"2025-02-22 12:07:47",1,0,{},27,4,16,11,0,11,31,27,4,16,11,0,11,31
1,dublin,"CLARENDON ROW","Clarendon Row",53.3409,-6.2625,0,0,OPEN,"2025-02-22 12:11:18",1,0,{},28,3,17,11,0,11,31,28,3,17,11,0,11,31
1,dublin,"CLARENDON ROW","Clarendon Row",53.3409,-6.2625,0,0,OPEN,"2025-02-22 12:14:21",1,0,{},28,3,17,11,0,11,31,28,3,17,11,0,11,31
1,dublin,"CLARENDON ROW","Clarendon Row",53.3409,-6.2625,0,0,OPEN,"2025-02-22 12:26:50",1,0,{},27,4,16,11,0,11,31,27,4,16,11,0,11,31
1,dublin,"CLARENDON ROW","Clarendon Row",53.3409,-6.2625,0,0,OPEN,"2025-02-22 12:30:29",1,0,{},28,3,17,11,0,11,31,28,3,17,11,0,11,31
1,dublin,"CLARENDON ROW","Clarendon Row",53.3409,-6.2625,0,0,OPEN,"2025-02-22 12:38:19",1,0,{},27,4,16,11,0,11,31,27,4,16,11,0,11,31
1,dublin,"CLARENDON ROW","Clarendon Row",53.3409,-6.2625,0,0,OPEN,"2025-02-22 12:39:35",1,0,{},28,3,17,11,0,11,31,28,3,17,11,0,11,31
1,dublin,"CLARENDON ROW","Clarendon Row",53.3409,-6.2625,0,0,OPEN,"2025-02-22 12:44:39",1,0,{},28,3,17,11,0,11,31,28,3,17,11,0,11,31
1,dublin,"CLARENDON ROW","Clarendon Row",53.3409,-6.2625,0,0,OPEN,"2025-02-22 12:48:50",1,0,{},27,4,17,10,0,10,31,27,4,17,10,0,10,31
1,dublin,"CLARENDON ROW","Clarendon Row",53.3409,-6.2625,0,0,OPEN,"2025-02-22 12:58:12",1,0,{},29,2,18,11,0,11,31,29,2,18,11,0,11,31
1,dublin,"CLARENDON ROW","Clarendon Row",53.3409,-6.2625,0,0,OPEN,"2025-02-22 13:06:59",1,0,{},31,0,19,12,0,12,31,31,0,19,12,0,12,31
1,dublin,"CLARENDON ROW","Clarendon Row",53.3409,-6.2625,0,0,OPEN,"2025-02-22 13:15:02",1,0,{},31,0,19,12,0,12,31,31,0,19,12,0,12,31
1,dublin,"CLARENDON ROW","Clarendon Row",53.3409,-6.2625,0,0,OPEN,"2025-02-22 13:28:20",1,0,{},29,2,18,11,0,11,31,29,2,18,11,0,11,31
1,dublin,"CLARENDON ROW","Clarendon Row",53.3409,-6.2625,0,0,OPEN,"2025-02-22 13:31:28",1,0,{},28,3,17,11,0,11,31,28,3,17,11,0,11,31
1,dublin,"CLARENDON ROW","Clarendon Row",53.3409,-6.2625,0,0,OPEN,"2025-02-22 13:35:12",1,0,{},28,3,17,11,0,11,31,28,3,17,11,0,11,31
1,dublin,"CLARENDON ROW","Clarendon Row",53.3409,-6.2625,0,0,OPEN,"2025-02-22 13:39:28",1,0,{},28,3,17,11,0,11,31,28,3,17,11,0,11,31
1,dublin,"CLARENDON ROW","Clarendon Row",53.3409,-6.2625,0,0,OPEN,"2025-02-22 13:45:19",1,0,{},28,3,17,11,0,11,31,28,3,17,11,0,11,31
1,dublin,"CLARENDON ROW","Clarendon Row",53.3409,-6.2625,0,0,OPEN,"2025-02-22 13:57:55",1,0,{},27,4,17,10,0,10,31,27,4,17,10,0,10,31
1,dublin,"CLARENDON ROW","Clarendon Row",53.3409,-6.2625,0,0,OPEN,"2025-02-22 14:03:08",1,0,{},28,3,18,10,0,10,31,28,3,18,10,0,10,31
1,dublin,"CLARENDON ROW","Clarendon Row",53.3409,-6.2625,0,0,OPEN,"2025-02-22 14:05:31",1,0,{},28,3,18,10,0,10,31,28,3,18,10,0,10,31
1,dublin,"CLARENDON ROW","Clarendon Row",53.3409,-6.2625,0,0,OPEN,"2025-02-22 14:15:36",1,0,{},28,3,18,10,0,10,31,28,3,18,10,0,10,31
1,dublin,"CLARENDON ROW","Clarendon Row",53.3409,-6.2625,0,0,OPEN,"2025-02-22 14:25:41",1,0,{},28,3,18,10,0,10,31,28,3,18,10,0,10,31
1,dublin,"CLARENDON ROW","Clarendon Row",53.3409,-6.2625,0,0,OPEN,"2025-02-22 14:35:47",1,0,{},28,3,18,10,0,10,31,28,3,18,10,0,10,31
1,dublin,"CLARENDON ROW","Clarendon Row",53.3409,-6.2625,0,0,OPEN,"2025-02-22 14:39:58",1,0,{},29,2,18,11,0,11,31,29,2,18,11,0,11,31
1,dublin,"CLARENDON ROW","Clarendon Row",53.3409,-6.2625,0,0,OPEN,"2025-02-22 14:45:53",1,0,{},29,2,18,11,0,11,31,29,2,18,11,0,11,31
1,dublin,"CLARENDON ROW","Clarendon Row",53.3409,-6.2625,0,0,OPEN,"2025-02-22 14:55:58",1,0,{},29,2,18,11,0,11,31,29,2,18,11,0,11,31
1,dublin,"CLARENDON ROW","Clarendon Row",53.3409,-6.2625,0,0,OPEN,"2025-02-22 15:01:14",1,0,{},29,2,18,11,0,11,31,29,2,18,11,0,11,31
1,dublin,"CLARENDON ROW","Clarendon Row",53.3409,-6.2625,0,0,OPEN,"2025-02-22 15:08:28",1,0,{},25,6,16,9,0,9,31,25,6,16,9,0,9,31
1,dublin,"CLARENDON ROW","Clarendon Row",53.3409,-6.2625,0,0,OPEN,"2025-02-22 15:10:49",1,0,{},21,10,15,6,0,6,31,21,10,15,6,0,6,31
1,dublin,"CLARENDON ROW","Clarendon Row",53.3409,-6.2625,0,0,OPEN,"2025-02-22 15:16:23",1,0,{},21,10,15,6,0,6,31,21,10,15,6,0,6,31
1,dublin,"CLARENDON ROW","Clarendon Row",53.3409,-6.2625,0,0,OPEN,"2025-02-22 15:27:44",1,0,{},24,7,17,7,0,7,31,24,7,17,7,0,7,31
1,dublin,"CLARENDON ROW","Clarendon Row",53.3409,-6.2625,0,0,OPEN,"2025-02-22 15:31:31",1,0,{},25,6,17,8,0,8,31,25,6,17,8,0,8,31
1,dublin,"CLARENDON ROW","Clarendon Row",53.3409,-6.2625,0,0,OPEN,"2025-02-22 15:36:33",1,0,{},25,6,17,8,0,8,31,25,6,17,8,0,8,31
1,dublin,"CLARENDON ROW","Clarendon Row",53.3409,-6.2625,0,0,OPEN,"2025-02-22 15:46:39",1,0,{},25,6,17,8,0,8,31,25,6,17,8,0,8,31
1,dublin,"CLARENDON ROW","Clarendon Row",53.3409,-6.2625,0,0,OPEN,"2025-02-22 15:56:46",1,0,{},25,6,17,8,0,8,31,25,6,17,8,0,8,31
1,dublin,"CLARENDON ROW","Clarendon Row",53.3409,-6.2625,0,0,OPEN,"2025-02-22 16:06:51",1,0,{},25,6,17,8,0,8,31,25,6,17,8,0,8,31
1,dublin,"CLARENDON ROW","Clarendon Row",53.3409,-6.2625,0,0,OPEN,"2025-02-22 16:16:58",1,0,{},24,7,16,8,0,8,31,24,7,16,8,0,8,31
1,dublin,"CLARENDON ROW","Clarendon Row",53.3409,-6.2625,0,0,OPEN,"2025-02-22 16:28:27",1,0,{},23,8,15,8,0,8,31,23,8,15,8,0,8,31
1,dublin,"CLARENDON ROW","Clarendon Row",53.3409,-6.2625,0,0,OPEN,"2025-02-22 16:37:11",1,0,{},23,8,15,8,0,8,31,23,8,15,8,0,8,31
1,dublin,"CLARENDON ROW","Clarendon Row",53.3409,-6.2625,0,0,OPEN,"2025-02-22 16:40:51",1,0,{},24,7,16,8,0,8,31,24,7,16,8,0,8,31
1,dublin,"CLARENDON ROW","Clarendon Row",53.3409,-6.2625,0,0,OPEN,"2025-02-22 16:47:22",1,0,{},24,7,16,8,0,8,31,24,7,16,8,0,8,31
1,dublin,"CLARENDON ROW","Clarendon Row",53.3409,-6.2625,0,0,OPEN,"2025-02-22 16:52:15",1,0,{},24,7,16,8,0,8,31,24,7,16,8,0,8,31
1,dublin,"CLARENDON ROW","Clarendon Row",53.3409,-6.2625,0,0,OPEN,"2025-02-22 16:57:41",1,0,{},26,5,17,9,0,9,31,26,5,17,9,0,9,31
1,dublin,"CLARENDON ROW","Clarendon Row",53.3409,-6.2625,0,0,OPEN,"2025-02-22 17:07:35",1,0,{},26,5,17,9,0,9,31,26,5,17,9,0,9,31
1,dublin,"CLARENDON ROW","Clarendon Row",53.3409,-6.2625,0,0,OPEN,"2025-02-22 17:12:19",1,0,{},25,6,16,9,0,9,31,25,6,16,9,0,9,31
1,dublin,"CLARENDON ROW","Clarendon Row",53.3409,-6.2625,0,0,OPEN,"2025-02-22 17:17:42",1,0,{},25,6,16,9,0,9,31,25,6,16,9,0,9,31
1,dublin,"CLARENDON ROW","Clarendon Row",53.3409,-6.2625,0,0,OPEN,"2025-02-22 17:22:50",1,0,{},25,6,16,9,0,9,31,25,6,16,9,0,9,31
1,dublin,"CLARENDON ROW","Clarendon Row",53.3409,-6.2625,0,0,OPEN,"2025-02-22 17:27:54",1,0,{},22,9,13,9,0,9,31,22,9,13,9,0,9,31
1,dublin,"CLARENDON ROW","Clarendon Row",53.3409,-6.2625,0,0,OPEN,"2025-02-22 17:31:40",1,0,{},21,10,12,9,0,9,31,21,10,12,9,0,9,31
1,dublin,"CLARENDON ROW","Clarendon Row",53.3409,-6.2625,0,0,OPEN,"2025-02-22 17:38:02",1,0,{},21,10,12,9,0,9,31,21,10,12,9,0,9,31
1,dublin,"CLARENDON ROW","Clarendon Row",53.3409,-6.2625,0,0,OPEN,"2025-02-22 17:42:23",1,0,{},20,11,11,9,0,9,31,20,11,11,9,0,9,31
1,dublin,"CLARENDON ROW","Clarendon Row",53.3409,-6.2625,0,0,OPEN,"2025-02-22 17:48:08",1,0,{},20,11,11,9,0,9,31,20,11,11,9,0,9,31
1,dublin,"CLARENDON ROW","Clarendon Row",53.3409,-6.2625,0,0,OPEN,"2025-02-22 17:52:33",1,0,{},20,11,11,9,0,9,31,20,11,11,9,0,9,31
1,dublin,"CLARENDON ROW","Clarendon Row",53.3409,-6.2625,0,0,OPEN,"2025-02-22 17:58:15",1,0,{},20,11,11,9,0,9,31,20,11,11,9,0,9,31
1,dublin,"CLARENDON ROW","Clarendon Row",53.3409,-6.2625,0,0,OPEN,"2025-02-22 18:00:57",1,0,{},22,9,13,9,0,9,31,22,9,13,9,0,9,31
1,dublin,"CLARENDON ROW","Clarendon Row",53.3409,-6.2625,0,0,OPEN,"2025-02-22 18:08:21",1,0,{},21,10,13,8,0,8,31,21,10,13,8,0,8,31
1,dublin,"CLARENDON ROW","Clarendon Row",53.3409,-6.2625,0,0,OPEN,"2025-02-22 18:18:28",1,0,{},19,12,11,8,0,8,31,19,12,11,8,0,8,31
1,dublin,"CLARENDON ROW","Clarendon Row",53.3409,-6.2625,0,0,OPEN,"2025-02-22 18:22:40",1,0,{},18,13,11,7,0,7,31,18,13,11,7,0,7,31
1,dublin,"CLARENDON ROW","Clarendon Row",53.3409,-6.2625,0,0,OPEN,"2025-02-22 18:28:38",1,0,{},18,13,11,7,0,7,31,18,13,11,7,0,7,31
1,dublin,"CLARENDON ROW","Clarendon Row",53.3409,-6.2625,0,0,OPEN,"2025-02-22 18:38:44",1,0,{},18,13,11,7,0,7,31,18,13,11,7,0,7,31
1,dublin,"CLARENDON ROW","Clarendon Row",53.3409,-6.2625,0,0,OPEN,"2025-02-22 18:41:54",1,0,{},19,12,12,7,0,7,31,19,12,12,7,0,7,31
1,dublin,"CLARENDON ROW","Clarendon Row",53.3409,-6.2625,0,0,OPEN,"2025-02-22 18:48:50",1,0,{},19,12,12,7,0,7,31,19,12,12,7,0,7,31
1,dublin,"CLARENDON ROW","Clarendon Row",53.3409,-6.2625,0,0,OPEN,"2025-02-22 18:59:29",1,0,{},19,12,11,8,0,8,31,19,12,11,8,0,8,31
1,dublin,"CLARENDON ROW","Clarendon Row",53.3409,-6.2625,0,0,OPEN,"2025-02-22 19:09:32",1,0,{},19,12,11,8,0,8,31,19,12,11,8,0,8,31
1,dublin,"CLARENDON ROW","Clarendon Row",53.3409,-6.2625,0,0,OPEN,"2025-02-22 19:13:20",1,0,{},17,14,9,8,0,8,31,17,14,9,8,0,8,31
1,dublin,"CLARENDON ROW","Clarendon Row",53.3409,-6.2625,0,0,OPEN,"2025-02-22 19:19:14",1,0,{},16,15,8,8,0,8,31,16,15,8,8,0,8,31
1,dublin,"CLARENDON ROW","Clarendon Row",53.3409,-6.2625,0,0,OPEN,"2025-02-22 19:29:19",1,0,{},16,15,8,8,0,8,31,16,15,8,8,0,8,31
1,dublin,"CLARENDON ROW","Clarendon Row",53.3409,-6.2625,0,0,OPEN,"2025-02-22 19:39:24",1,0,{},16,15,8,8,0,8,31,16,15,8,8,0,8,31
1,dublin,"CLARENDON ROW","Clarendon Row",53.3409,-6.2625,0,0,OPEN,"2025-02-22 19:49:29",1,0,{},16,15,8,8,0,8,31,16,15,8,8,0,8,31
1,dublin,"CLARENDON ROW","Clarendon Row",53.3409,-6.2625,0,0,OPEN,"2025-02-22 19:52:06",1,0,{},15,16,7,8,0,8,31,15,16,7,8,0,8,31
1,dublin,"CLARENDON ROW","Clarendon Row",53.3409,-6.2625,0,0,OPEN,"2025-02-22 19:59:36",1,0,{},15,16,7,8,0,8,31,15,16,7,8,0,8,31
1,dublin,"CLARENDON ROW","Clarendon Row",53.3409,-6.2625,0,0,OPEN,"2025-02-22 20:08:18",1,0,{},16,15,8,8,0,8,31,16,15,8,8,0,8,31
1,dublin,"CLARENDON ROW","Clarendon Row",53.3409,-6.2625,0,0,OPEN,"2025-02-22 20:09:42",1,0,{},16,15,8,8,0,8,31,16,15,8,8,0,8,31
1,dublin,"CLARENDON ROW","Clarendon Row",53.3409,-6.2625,0,0,OPEN,"2025-02-22 20:14:51",1,0,{},16,15,7,9,0,9,31,16,15,7,9,0,9,31
1,dublin,"CLARENDON ROW","Clarendon Row",53.3409,-6.2625,0,0,OPEN,"2025-02-22 20:23:55",1,0,{},15,16,6,9,0,9,31,15,16,6,9,0,9,31
1,dublin,"CLARENDON ROW","Clarendon Row",53.3409,-6.2625,0,0,OPEN,"2025-02-22 20:30:24",1,0,{},15,16,6,9,0,9,31,15,16,6,9,0,9,31
1,dublin,"CLARENDON ROW","Clarendon Row",53.3409,-6.2625,0,0,OPEN,"2025-02-22 20:40:29",1,0,{},15,16,6,9,0,9,31,15,16,6,9,0,9,31
1,dublin,"CLARENDON ROW","Clarendon Row",53.3409,-6.2625,0,0,OPEN,"2025-02-22 20:50:34",1,0,{},15,16,6,9,0,9,31,15,16,6,9,0,9,31
1,dublin,"CLARENDON ROW","Clarendon Row",53.3409,-6.2625,0,0,OPEN,"2025-02-22 21:00:40",1,0,{},15,16,6,9,0,9,31,15,16,6,9,0,9,31
1,dublin,"CLARENDON ROW","Clarendon Row",53.3409,-6.2625,0,0,OPEN,"2025-02-22 21:10:46",1,0,{},15,16,6,9,0,9,31,15,16,6,9,0,9,31
1,dublin,"CLARENDON ROW","Clarendon Row",53.3409,-6.2625,0,0,OPEN,"2025-02-22 21:20:51",1,0,{},15,16,6,9,0,9,31,15,16,6,9,0,9,31
1,dublin,"CLARENDON ROW","Clarendon Row",53.3409,-6.2625,0,0,OPEN,"2025-02-22 21:30:57",1,0,{},15,16,6,9,0,9,31,15,16,6,9,0,9,31
1,dublin,"CLARENDON ROW","Clarendon Row",53.3409,-6.2625,0,0,OPEN,"2025-02-22 21:41:02",1,0,{},15,16,6,9,0,9,31,15,16,6,9,0,9,31
1,dublin,"CLARENDON ROW","Clarendon Row",53.3409,-6.2625,0,0,OPEN,"2025-02-22 21:53:35",1,0,{},13,18,6,7,0,7,31,13,18,6,7,0,7,31
1,dublin,"CLARENDON ROW","Clarendon Row",53.3409,-6.2625,0,0,OPEN,"2025-02-22 21:56:07",1,0,{},13,18,6,7,0,7,31,13,18,6,7,0,7,31
1,dublin,"CLARENDON ROW","Clarendon Row",53.3409,-6.2625,0,0,OPEN,"2025-02-22 22:01:17",1,0,{},13,18,6,7,0,7,31,13,18,6,7,0,7,31
1,dublin,"CLARENDON ROW","Clarendon Row",53.3409,-6.2625,0,0,OPEN,"2025-02-22 22:13:29",1,0,{},14,17,7,7,0,7,31,14,17,7,7,0,7,31
1,dublin,"CLARENDON ROW","Clarendon Row",53.3409,-6.2625,0,0,OPEN,"2025-02-22 22:16:53",1,0,{},15,16,8,7,0,7,31,15,16,8,7,0,7,31
2,dublin,"BLESSINGTON STREET","Blessington Street",53.3568,-6.26814,0,0,OPEN,"2025-02-22 02:55:08",1,0,{},2,18,0,2,0,2,20,2,18,0,2,0,2,20
2,dublin,"BLESSINGTON STREET","Blessington Street",53.3568,-6.26814,0,0,OPEN,"2025-02-22 03:05:11",1,0,{},2,18,0,2,0,2,20,2,18,0,2,0,2,20
2,dublin,"BLESSINGTON STREET","Blessington Street",53.3568,-6.26814,0,0,OPEN,"2025-02-22 03:16:30",1,0,{},2,18,0,2,0,2,20,2,18,0,2,0,2,20
2,dublin,"BLESSINGTON STREET","Blessington Street",53.3568,-6.26814,0,0,OPEN,"2025-02-22 10:09:32",1,0,{},0,20,0,0,0,0,20,0,20,0,0,0,0,20
2,dublin,"BLESSINGTON STREET","Blessington Street",53.3568,-6.26814,0,0,OPEN,"2025-02-22 10:19:36",1,0,{},0,20,0,0,0,0,20,0,20,0,0,0,0,20
2,dublin,"BLESSINGTON STREET","Blessington Street",53.3568,-6.26814,0,0,OPEN,"2025-02-22 10:29:39",1,0,{},0,20,0,0,0,0,20,0,20,0,0,0,0,20
2,dublin,"BLESSINGTON STREET","Blessington Street",53.3568,-6.26814,0,0,OPEN,"2025-02-22 10:39:43",1,0,{},0,20,0,0,0,0,20,0,20,0,0,0,0,20
2,dublin,"BLESSINGTON STREET","Blessington Street",53.3568,-6.26814,0,0,OPEN,"2025-02-22 10:49:46",1,0,{},0,20,0,0,0,0,20,0,20,0,0,0,0,20
2,dublin,"BLESSINGTON STREET","Blessington Street",53.3568,-6.26814,0,0,OPEN,"2025-02-22 10:59:50",1,0,{},0,20,0,0,0,0,20,0,20,0,0,0,0,20
2,dublin,"BLESSINGTON STREET","Blessington Street",53.3568,-6.26814,0,0,OPEN,"2025-02-22 11:09:54",1,0,{},0,20,0,0,0,0,20,0,20,0,0,0,0,20
2,dublin,"BLESSINGTON STREET","Blessington Street",53.3568,-6.26814,0,0,OPEN,"2025-02-22 11:19:57",1,0,{},0,20,0,0,0,0,20,0,20,0,0,0,0,20
2,dublin,"BLESSINGTON STREET","Blessington Street",53.3568,-6.26814,0,0,OPEN,"2025-02-22 11:28:19",1,0,{},1,19,1,0,0,0,20,1,19,1,0,0,0,20
2,dublin,"BLESSINGTON STREET","Blessington Street",53.3568,-6.26814,0,0,OPEN,"2025-02-22 11:30:01",1,0,{},1,19,1,0,0,0,20,1,19,1,0,0,0,20
2,dublin,"BLESSINGTON STREET","Blessington Street",53.3568,-6.26814,0,0,OPEN,"2025-02-22 11:40:04",1,0,{},1,19,1,0,0,0,20,1,19,1,0,0,0,20
2,dublin,"BLESSINGTON STREET","Blessington Street",53.3568,-6.26814,0,0,OPEN,"2025-02-22 11:52:10",1,0,{},0,20,0,0,0,0,20,0,20,0,0,0,0,20
2,dublin,"BLESSINGTON STREET","Blessington Street",53.3568,-6.26814,0,0,OPEN,"2025-02-22 12:00:13",1,0,{},0,20,0,0,0,0,20,0,20,0,0,0,0,20
2,dublin,"BLESSINGTON STREET","Blessington Street",53.3568,-6.26814,0,0,OPEN,"2025-02-22 12:10:17",1,0,{},0,20,0,0,0,0,20,0,20,0,0,0,0,20
2,dublin,"BLESSINGTON STREET","Blessington Street",53.3568,-6.26814,0,0,OPEN,"2025-02-22 12:20:21",1,0,{},0,20,0,0,0,0,20,0,20,0,0,0,0,20
2,dublin,"BLESSINGTON STREET","Blessington Street",53.3568,-6.26814,0,0,OPEN,"2025-02-22 12:30:25",1,0,{},0,20,0,0,0,0,20,0,20,0,0,0,0,20
2,dublin,"BLESSINGTON STREET","Blessington Street",53.3568,-6.26814,0,0,OPEN,"2025-02-22 12:40:28",1,0,{},0,20,0,0,0,0,20,0,20,0,0,0,0,20
2,dublin,"BLESSINGTON STREET","Blessington Street",53.3568,-6.26814,0,0,OPEN,"2025-02-22 12:50:32",1,0,{},1,19,1,0,0,0,20,1,19,1,0,0,0,20
2,dublin,"BLESSINGTON STREET","Blessington Street",53.3568,-6.26814,0,0,OPEN,"2025-02-22 12:55:42",1,0,{},0,20,0,0,0,0,20,0,20,0,0,0,0,20
2,dublin,"BLESSINGTON STREET","Blessington Street",53.3568,-6.26814,0,0,OPEN,"2025-02-22 13:03:14",1,0,{},1,19,0,1,0,1,20,1,19,0,1,0,1,20
2,dublin,"BLESSINGTON STREET","Blessington Street",53.3568,-6.26814,0,0,OPEN,"2025-02-22 13:10:41",1,0,{},1,19,0,1,0,1,20,1,19,0,1,0,1,20
2,dublin,"BLESSINGTON STREET","Blessington Street",53.3568,-6.26814,0,0,OPEN,"2025-02-22 13:15:38",1,0,{},2,18,0,2,0,2,20,2,18,0,2,0,2,20
2,dublin,"BLESSINGTON STREET","Blessington Street",53.3568,-6.26814,0,0,OPEN,"2025-02-22 13:20:45",1,0,{},2,18,0,2,0,2,20,2,18,0,2,0,2,20
2,dublin,"BLESSINGTON STREET","Blessington Street",53.3568,-6.26814,0,0,OPEN,"2025-02-22 13:26:56",1,0,{},1,19,0,1,0,1,20,1,19,0,1,0,1,20
2,dublin,"BLESSINGTON STREET","Blessington Street",53.3568,-6.26814,0,0,OPEN,"2025-02-22 13:30:50",1,0,{},1,19,0,1,0,1,20,1,19,0,1,0,1,20
2,dublin,"BLESSINGTON STREET","Blessington Street",53.3568,-6.26814,0,0,OPEN,"2025-02-22 13:34:17",1,0,{},0,20,0,0,0,0,20,0,20,0,0,0,0,20
2,dublin,"BLESSINGTON STREET","Blessington Street",53.3568,-6.26814,0,0,OPEN,"2025-02-22 13:40:55",1,0,{},1,19,1,0,0,0,20,1,19,1,0,0,0,20
2,dublin,"BLESSINGTON STREET","Blessington Street",53.3568,-6.26814,0,0,OPEN,"2025-02-22 13:50:59",1,0,{},1,19,1,0,0,0,20,1,19,1,0,0,0,20
2,dublin,"BLESSINGTON STREET","Blessington Street",53.3568,-6.26814,0,0,OPEN,"2025-02-22 13:55:15",1,0,{},0,20,0,0,0,0,20,0,20,0,0,0,0,20
2,dublin,"BLESSINGTON STREET","Blessington Street",53.3568,-6.26814,0,0,OPEN,"2025-02-22 14:01:03",1,0,{},0,20,0,0,0,0,20,0,20,0,0,0,0,20
2,dublin,"BLESSINGTON STREET","Blessington Street",53.3568,-6.26814,0,0,OPEN,"2025-02-22 14:11:07",1,0,{},0,20,0,0,0,0,20,0,20,0,0,0,0,20
2,dublin,"BLESSINGTON STREET","Blessington Street",53.3568,-6.26814,0,0,OPEN,"2025-02-22 14:15:45",1,0,{},2,18,2,0,0,0,20,2,18,2,0,0,0,20
2,dublin,"BLESSINGTON STREET","Blessington Street",53.3568,-6.26814,0,0,OPEN,"2025-02-22 14:21:11",1,0,{},2,18,2,0,0,0,20,2,18,2,0,0,0,20
2,dublin,"BLESSINGTON STREET","Blessington Street",53.3568,-6.26814,0,0,OPEN,"2025-02-22 14:32:58",1,0,{},2,18,2,0,0,0,20,2,18,2,0,0,0,20
2,dublin,"BLESSINGTON STREET","Blessington Street",53.3568,-6.26814,0,0,OPEN,"2025-02-22 14:41:19",1,0,{},2,18,2,0,0,0,20,2,18,2,0,0,0,20
2,dublin,"BLESSINGTON STREET","Blessington Street",53.3568,-6.26814,0,0,OPEN,"2025-02-22 14:51:25",1,0,{},1,19,1,0,0,0,20,1,19,1,0,0,0,20
2,dublin,"BLESSINGTON STREET","Blessington Street",53.3568,-6.26814,0,0,OPEN,"2025-02-22 15:01:28",1,0,{},1,19,1,0,0,0,20,1,19,1,0,0,0,20
2,dublin,"BLESSINGTON STREET","Blessington Street",53.3568,-6.26814,0,0,OPEN,"2025-02-22 15:06:39",1,0,{},0,20,0,0,0,0,20,0,20,0,0,0,0,20
2,dublin,"BLESSINGTON STREET","Blessington Street",53.3568,-6.26814,0,0,OPEN,"2025-02-22 15:11:33",1,0,{},0,20,0,0,0,0,20,0,20,0,0,0,0,20
2,dublin,"BLESSINGTON STREET","Blessington Street",53.3568,-6.26814,0,0,OPEN,"2025-02-22 15:21:37",1,0,{},0,20,0,0,0,0,20,0,20,0,0,0,0,20
2,dublin,"BLESSINGTON STREET","Blessington Street",53.3568,-6.26814,0,0,OPEN,"2025-02-22 15:24:12",1,0,{},1,19,1,0,0,0,20,1,19,1,0,0,0,20
2,dublin,"BLESSINGTON STREET","Blessington Street",53.3568,-6.26814,0,0,OPEN,"2025-02-22 15:31:41",1,0,{},3,17,2,1,0,1,20,3,17,2,1,0,1,20
2,dublin,"BLESSINGTON STREET","Blessington Street",53.3568,-6.26814,0,0,OPEN,"2025-02-22 15:41:45",1,0,{},3,17,2,1,0,1,20,3,17,2,1,0,1,20
2,dublin,"BLESSINGTON STREET","Blessington Street",53.3568,-6.26814,0,0,OPEN,"2025-02-22 15:52:08",1,0,{},1,19,0,1,0,1,20,1,19,0,1,0,1,20
2,dublin,"BLESSINGTON STREET","Blessington Street",53.3568,-6.26814,0,0,OPEN,"2025-02-22 15:58:27",1,0,{},1,19,0,1,0,1,20,1,19,0,1,0,1,20
2,dublin,"BLESSINGTON STREET","Blessington Street",53.3568,-6.26814,0,0,OPEN,"2025-02-22 16:01:56",1,0,{},1,19,0,1,0,1,20,1,19,0,1,0,1,20
2,dublin,"BLESSINGTON STREET","Blessington Street",53.3568,-6.26814,0,0,OPEN,"2025-02-22 16:07:27",1,0,{},1,19,1,0,0,0,20,1,19,1,0,0,0,20
2,dublin,"BLESSINGTON STREET","Blessington Street",53.3568,-6.26814,0,0,OPEN,"2025-02-22 16:12:03",1,0,{},1,19,1,0,0,0,20,1,19,1,0,0,0,20
2,dublin,"BLESSINGTON STREET","Blessington Street",53.3568,-6.26814,0,0,OPEN,"2025-02-22 16:22:07",1,0,{},2,18,1,1,0,1,20,2,18,1,1,0,1,20
2,dublin,"BLESSINGTON STREET","Blessington Street",53.3568,-6.26814,0,0,OPEN,"2025-02-22 16:32:13",1,0,{},1,19,1,0,0,0,20,1,19,1,0,0,0,20
2,dublin,"BLESSINGTON STREET","Blessington Street",53.3568,-6.26814,0,0,OPEN,"2025-02-22 16:42:17",1,0,{},0,20,0,0,0,0,20,0,20,0,0,0,0,20
2,dublin,"BLESSINGTON STREET","Blessington Street",53.3568,-6.26814,0,0,OPEN,"2025-02-22 16:52:22",1,0,{},1,19,1,0,0,0,20,1,19,1,0,0,0,20
2,dublin,"BLESSINGTON STREET","Blessington Street",53.3568,-6.26814,0,0,OPEN,"2025-02-22 17:02:25",1,0,{},1,19,1,0,0,0,20,1,19,1,0,0,0,20
2,dublin,"BLESSINGTON STREET","Blessington Street",53.3568,-6.26814,0,0,OPEN,"2025-02-22 17:12:29",1,0,{},1,19,1,0,0,0,20,1,19,1,0,0,0,20
2,dublin,"BLESSINGTON STREET","Blessington Street",53.3568,-6.26814,0,0,OPEN,"2025-02-22 17:22:33",1,0,{},1,19,1,0,0,0,20,1,19,1,0,0,0,20
2,dublin,"BLESSINGTON STREET","Blessington Street",53.3568,-6.26814,0,0,OPEN,"2025-02-22 17:25:27",1,0,{},0,20,0,0,0,0,20,0,20,0,0,0,0,20
2,dublin,"BLESSINGTON STREET","Blessington Street",53.3568,-6.26814,0,0,OPEN,"2025-02-22 17:32:37",1,0,{},0,20,0,0,0,0,20,0,20,0,0,0,0,20
2,dublin,"BLESSINGTON STREET","Blessington Street",53.3568,-6.26814,0,0,OPEN,"2025-02-22 17:42:42",1,0,{},0,20,0,0,0,0,20,0,20,0,0,0,0,20
2,dublin,"BLESSINGTON STREET","Blessington Street",53.3568,-6.26814,0,0,OPEN,"2025-02-22 17:52:45",1,0,{},0,20,0,0,0,0,20,0,20,0,0,0,0,20
2,dublin,"BLESSINGTON STREET","Blessington Street",53.3568,-6.26814,0,0,OPEN,"2025-02-22 18:02:49",1,0,{},0,20,0,0,0,0,20,0,20,0,0,0,0,20
2,dublin,"BLESSINGTON STREET","Blessington Street",53.3568,-6.26814,0,0,OPEN,"2025-02-22 18:12:53",1,0,{},0,20,0,0,0,0,20,0,20,0,0,0,0,20
2,dublin,"BLESSINGTON STREET","Blessington Street",53.3568,-6.26814,0,0,OPEN,"2025-02-22 18:22:56",1,0,{},0,20,0,0,0,0,20,0,20,0,0,0,0,20
2,dublin,"BLESSINGTON STREET","Blessington Street",53.3568,-6.26814,0,0,OPEN,"2025-02-22 18:27:39",1,0,{},1,19,0,1,0,1,20,1,19,0,1,0,1,20
2,dublin,"BLESSINGTON STREET","Blessington Street",53.3568,-6.26814,0,0,OPEN,"2025-02-22 18:33:01",1,0,{},1,19,0,1,0,1,20,1,19,0,1,0,1,20
2,dublin,"BLESSINGTON STREET","Blessington Street",53.3568,-6.26814,0,0,OPEN,"2025-02-22 18:43:04",1,0,{},1,19,0,1,0,1,20,1,19,0,1,0,1,20
2,dublin,"BLESSINGTON STREET","Blessington Street",53.3568,-6.26814,0,0,OPEN,"2025-02-22 18:45:06",1,0,{},2,18,0,2,0,2,20,2,18,0,2,0,2,20
2,dublin,"BLESSINGTON STREET","Blessington Street",53.3568,-6.26814,0,0,OPEN,"2025-02-22 18:53:08",1,0,{},2,18,0,2,0,2,20,2,18,0,2,0,2,20
2,dublin,"BLESSINGTON STREET","Blessington Street",53.3568,-6.26814,0,0,OPEN,"2025-02-22 19:03:13",1,0,{},2,18,0,2,0,2,20,2,18,0,2,0,2,20
2,dublin,"BLESSINGTON STREET","Blessington Street",53.3568,-6.26814,0,0,OPEN,"2025-02-22 19:13:17",1,0,{},2,18,0,2,0,2,20,2,18,0,2,0,2,20
2,dublin,"BLESSINGTON STREET","Blessington Street",53.3568,-6.26814,0,0,OPEN,"2025-02-22 19:23:21",1,0,{},2,18,0,2,0,2,20,2,18,0,2,0,2,20
2,dublin,"BLESSINGTON STREET","Blessington Street",53.3568,-6.26814,0,0,OPEN,"2025-02-22 19:29:31",1,0,{},2,17,0,2,0,2,20,2,17,0,2,0,2,20
2,dublin,"BLESSINGTON STREET","Blessington Street",53.3568,-6.26814,0,0,OPEN,"2025-02-22 19:33:27",1,0,{},3,17,1,2,0,2,20,3,17,1,2,0,2,20
2,dublin,"BLESSINGTON STREET","Blessington Street",53.3568,-6.26814,0,0,OPEN,"2025-02-22 19:43:30",1,0,{},3,17,1,2,0,2,20,3,17,1,2,0,2,20
2,dublin,"BLESSINGTON STREET","Blessington Street",53.3568,-6.26814,0,0,OPEN,"2025-02-22 19:53:34",1,0,{},3,17,1,2,0,2,20,3,17,1,2,0,2,20
2,dublin,"BLESSINGTON STREET","Blessington Street",53.3568,-6.26814,0,0,OPEN,"2025-02-22 20:03:38",1,0,{},3,17,1,2,0,2,20,3,17,1,2,0,2,20
2,dublin,"BLESSINGTON STREET","Blessington Street",53.3568,-6.26814,0,0,OPEN,"2025-02-22 20:05:36",1,0,{},4,16,2,2,0,2,20,4,16,2,2,0,2,20
2,dublin,"BLESSINGTON STREET","Blessington Street",53.3568,-6.26814,0,0,OPEN,"2025-02-22 20:13:42",1,0,{},4,16,2,2,0,2,20,4,16,2,2,0,2,20
2,dublin,"BLESSINGTON STREET","Blessington Street",53.3568,-6.26814,0,0,OPEN,"2025-02-22 20:15:10",1,0,{},3,17,1,2,0,2,20,3,17,1,2,0,2,20
2,dublin,"BLESSINGTON STREET","Blessington Street",53.3568,-6.26814,0,0,OPEN,"2025-02-22 20:23:47",1,0,{},3,17,1,2,0,2,20,3,17,1,2,0,2,20
2,dublin,"BLESSINGTON STREET","Blessington Street",53.3568,-6.26814,0,0,OPEN,"2025-02-22 20:33:53",1,0,{},2,18,0,2,0,2,20,2,18,0,2,0,2,20
2,dublin,"BLESSINGTON STREET","Blessington Street",53.3568,-6.26814,0,0,OPEN,"2025-02-22 20:43:57",1,0,{},2,18,0,2,0,2,20,2,18,0,2,0,2,20
2,dublin,"BLESSINGTON STREET","Blessington Street",53.3568,-6.26814,0,0,OPEN,"2025-02-22 20:54:01",1,0,{},2,18,0,2,0,2,20,2,18,0,2,0,2,20
2,dublin,"BLESSINGTON STREET","Blessington Street",53.3568,-6.26814,0,0,OPEN,"2025-02-22 20:56:23",1,0,{},3,17,1,2,0,2,20,3,17,1,2,0,2,20
2,dublin,"BLESSINGTON STREET","Blessington Street",53.3568,-6.26814,0,0,OPEN,"2025-02-22 21:04:05",1,0,{},3,17,1,2,0,2,20,3,17,1,2,0,2,20
2,dublin,"BLESSINGTON STREET","Blessington Street",53.3568,-6.26814,0,0,OPEN,"2025-02-22 21:14:09",1,0,{},3,17,1,2,0,2,20,3,17,1,2,0,2,20
2,dublin,"BLESSINGTON STREET","Blessington Street",53.3568,-6.26814,0,0,OPEN,"2025-02-22 21:24:12",1,0,{},3,17,1,2,0,2,20,3,17,1,2,0,2,20
2,dublin,"BLESSINGTON STREET","Blessington Street",53.3568,-6.26814,0,0,OPEN,"2025-02-22 21:34:15",1,0,{},3,17,1,2,0,2,20,3,17,1,2,0,2,20
2,dublin,"BLESSINGTON STREET","Blessington Street",53.3568,-6.26814,0,0,OPEN,"2025-02-22 21:44:19",1,0,{},3,17,1,2,0,2,20,3,17,1,2,0,2,20
2,dublin,"BLESSINGTON STREET","Blessington Street",53.3568,-6.26814,0,0,OPEN,"2025-02-22 21:54:22",1,0,{},3,17,1,2,0,2,20,3,17,1,2,0,2,20
2,dublin,"BLESSINGTON STREET","Blessington Street",53.3568,-6.26814,0,0,OPEN,"2025-02-22 22:04:26",1,0,{},3,17,1,2,0,2,20,3,17,1,2,0,2,20
2,dublin,"BLESSINGTON STREET","Blessington Street",53.3568,-6.26814,0,0,OPEN,"2025-02-22 22:14:30",1,0,{},3,17,1,2,0,2,20,3,17,1,2,0,2,20
2,dublin,"BLESSINGTON STREET","Blessington Street",53.3568,-6.26814,0,0,OPEN,"2025-02-22 22:15:00",1,0,{},2,18,0,2,0,2,20,2,18,0,2,0,2,20
3,dublin,"BOLTON STREET","Bolton Street",53.3512,-6.26986,0,0,OPEN,"2025-02-22 03:01:08",1,0,{},9,11,5,4,0,4,20,9,11,5,4,0,4,20
3,dublin,"BOLTON STREET","Bolton Street",53.3512,-6.26986,0,0,OPEN,"2025-02-22 03:11:14",1,0,{},9,11,5,4,0,4,20,9,11,5,4,0,4,20
3,dublin,"BOLTON STREET","Bolton Street",53.3512,-6.26986,0,0,OPEN,"2025-02-22 10:10:53",1,0,{},5,15,1,4,0,4,20,5,15,1,4,0,4,20
3,dublin,"BOLTON STREET","Bolton Street",53.3512,-6.26986,0,0,OPEN,"2025-02-22 10:22:05",1,0,{},4,16,0,4,0,4,20,4,16,0,4,0,4,20
3,dublin,"BOLTON STREET","Bolton Street",53.3512,-6.26986,0,0,OPEN,"2025-02-22 10:27:44",1,0,{},5,15,0,5,0,5,20,5,15,0,5,0,5,20
3,dublin,"BOLTON STREET","Bolton Street",53.3512,-6.26986,0,0,OPEN,"2025-02-22 10:31:01",1,0,{},5,15,0,5,0,5,20,5,15,0,5,0,5,20
3,dublin,"BOLTON STREET","Bolton Street",53.3512,-6.26986,0,0,OPEN,"2025-02-22 10:41:06",1,0,{},4,16,0,4,0,4,20,4,16,0,4,0,4,20
3,dublin,"BOLTON STREET","Bolton Street",53.3512,-6.26986,0,0,OPEN,"2025-02-22 10:51:11",1,0,{},3,17,0,3,0,3,20,3,17,0,3,0,3,20
3,dublin,"BOLTON STREET","Bolton Street",53.3512,-6.26986,0,0,OPEN,"2025-02-22 11:01:13",1,0,{},3,17,0,3,0,3,20,3,17,0,3,0,3,20
3,dublin,"BOLTON STREET","Bolton Street",53.3512,-6.26986,0,0,OPEN,"2025-02-22 11:11:18",1,0,{},4,16,1,3,0,3,20,4,16,1,3,0,3,20
3,dublin,"BOLTON STREET","Bolton Street",53.3512,-6.26986,0,0,OPEN,"2025-02-22 11:21:23",1,0,{},2,18,1,1,0,1,20,2,18,1,1,0,1,20
3,dublin,"BOLTON STREET","Bolton Street",53.3512,-6.26986,0,0,OPEN,"2025-02-22 11:32:17",1,0,{},2,18,0,2,0,2,20,2,18,0,2,0,2,20
3,dublin,"BOLTON STREET","Bolton Street",53.3512,-6.26986,0,0,OPEN,"2025-02-22 11:41:31",1,0,{},2,18,0,2,0,2,20,2,18,0,2,0,2,20
3,dublin,"BOLTON STREET","Bolton Street",53.3512,-6.26986,0,0,OPEN,"2025-02-22 11:47:12",1,0,{},1,19,0,1,0,1,20,1,19,0,1,0,1,20
3,dublin,"BOLTON STREET","Bolton Street",53.3512,-6.26986,0,0,OPEN,"2025-02-22 11:51:37",1,0,{},0,20,0,0,0,0,20,0,20,0,0,0,0,20
3,dublin,"BOLTON STREET","Bolton Street",53.3512,-6.26986,0,0,OPEN,"2025-02-22 11:55:15",1,0,{},1,19,1,0,0,0,20,1,19,1,0,0,0,20
3,dublin,"BOLTON STREET","Bolton Street",53.3512,-6.26986,0,0,OPEN,"2025-02-22 12:01:40",1,0,{},1,19,1,0,0,0,20,1,19,1,0,0,0,20
3,dublin,"BOLTON STREET","Bolton Street",53.3512,-6.26986,0,0,OPEN,"2025-02-22 12:11:43",1,0,{},1,19,1,0,0,0,20,1,19,1,0,0,0,20
3,dublin,"BOLTON STREET","Bolton Street",53.3512,-6.26986,0,0,OPEN,"2025-02-22 12:14:27",1,0,{},0,20,0,0,0,0,20,0,20,0,0,0,0,20
3,dublin,"BOLTON STREET","Bolton Street",53.3512,-6.26986,0,0,OPEN,"2025-02-22 12:21:46",1,0,{},0,20,0,0,0,0,20,0,20,0,0,0,0,20
3,dublin,"BOLTON STREET","Bolton Street",53.3512,-6.26986,0,0,OPEN,"2025-02-22 12:31:49",1,0,{},0,20,0,0,0,0,20,0,20,0,0,0,0,20
3,dublin,"BOLTON STREET","Bolton Street",53.3512,-6.26986,0,0,OPEN,"2025-02-22 12:38:20",1,0,{},3,17,0,3,0,3,20,3,17,0,3,0,3,20
3,dublin,"BOLTON STREET","Bolton Street",53.3512,-6.26986,0,0,OPEN,"2025-02-22 12:42:46",1,0,{},3,17,1,2,0,2,20,3,17,1,2,0,2,20
3,dublin,"BOLTON STREET","Bolton Street",53.3512,-6.26986,0,0,OPEN,"2025-02-22 12:48:06",1,0,{},5,15,1,4,0,4,20,5,15,1,4,0,4,20
3,dublin,"BOLTON STREET","Bolton Street",53.3512,-6.26986,0,0,OPEN,"2025-02-22 12:52:00",1,0,{},6,14,1,5,0,5,20,6,14,1,5,0,5,20
3,dublin,"BOLTON STREET","Bolton Street",53.3512,-6.26986,0,0,OPEN,"2025-02-22 13:02:03",1,0,{},6,14,1,5,0,5,20,6,14,1,5,0,5,20
3,dublin,"BOLTON STREET","Bolton Street",53.3512,-6.26986,0,0,OPEN,"2025-02-22 13:12:06",1,0,{},6,14,1,5,0,5,20,6,14,1,5,0,5,20
3,dublin,"BOLTON STREET","Bolton Street",53.3512,-6.26986,0,0,OPEN,"2025-02-22 13:15:54",1,0,{},6,14,1,5,0,5,20,6,14,1,5,0,5,20
3,dublin,"BOLTON STREET","Bolton Street",53.3512,-6.26986,0,0,OPEN,"2025-02-22 13:22:31",1,0,{},5,15,1,4,0,4,20,5,15,1,4,0,4,20
3,dublin,"BOLTON STREET","Bolton Street",53.3512,-6.26986,0,0,OPEN,"2025-02-22 13:32:15",1,0,{},5,15,1,4,0,4,20,5,15,1,4,0,4,20
3,dublin,"BOLTON STREET","Bolton Street",53.3512,-6.26986,0,0,OPEN,"2025-02-22 13:34:33",1,0,{},4,16,0,4,0,4,20,4,16,0,4,0,4,20
3,dublin,"BOLTON STREET","Bolton Street",53.3512,-6.26986,0,0,OPEN,"2025-02-22 13:42:21",1,0,{},4,16,0,4,0,4,20,4,16,0,4,0,4,20
3,dublin,"BOLTON STREET","Bolton Street",53.3512,-6.26986,0,0,OPEN,"2025-02-22 13:44:35",1,0,{},4,16,0,4,0,4,20,4,16,0,4,0,4,20
3,dublin,"BOLTON STREET","Bolton Street",53.3512,-6.26986,0,0,OPEN,"2025-02-22 13:53:13",1,0,{},4,15,1,3,0,3,20,4,15,1,3,0,3,20
3,dublin,"BOLTON STREET","Bolton Street",53.3512,-6.26986,0,0,OPEN,"2025-02-22 14:02:58",1,0,{},5,14,1,4,0,4,20,5,14,1,4,0,4,20
3,dublin,"BOLTON STREET","Bolton Street",53.3512,-6.26986,0,0,OPEN,"2025-02-22 14:12:33",1,0,{},6,13,2,4,0,4,20,6,13,2,4,0,4,20
3,dublin,"BOLTON STREET","Bolton Street",53.3512,-6.26986,0,0,OPEN,"2025-02-22 14:22:36",1,0,{},6,13,2,4,0,4,20,6,13,2,4,0,4,20
3,dublin,"BOLTON STREET","Bolton Street",53.3512,-6.26986,0,0,OPEN,"2025-02-22 14:32:40",1,0,{},6,13,2,4,0,4,20,6,13,2,4,0,4,20
3,dublin,"BOLTON STREET","Bolton Street",53.3512,-6.26986,0,0,OPEN,"2025-02-22 14:42:43",1,0,{},6,13,2,4,0,4,20,6,13,2,4,0,4,20
3,dublin,"BOLTON STREET","Bolton Street",53.3512,-6.26986,0,0,OPEN,"2025-02-22 14:53:21",1,0,{},8,11,3,5,0,5,20,8,11,3,5,0,5,20
3,dublin,"BOLTON STREET","Bolton Street",53.3512,-6.26986,0,0,OPEN,"2025-02-22 15:02:51",1,0,{},8,11,3,5,0,5,20,8,11,3,5,0,5,20
3,dublin,"BOLTON STREET","Bolton Street",53.3512,-6.26986,0,0,OPEN,"2025-02-22 15:12:56",1,0,{},6,13,1,5,0,5,20,6,13,1,5,0,5,20
3,dublin,"BOLTON STREET","Bolton Street",53.3512,-6.26986,0,0,OPEN,"2025-02-22 15:23:01",1,0,{},6,13,1,5,0,5,20,6,13,1,5,0,5,20
3,dublin,"BOLTON STREET","Bolton Street",53.3512,-6.26986,0,0,OPEN,"2025-02-22 15:26:12",1,0,{},7,12,2,5,0,5,20,7,12,2,5,0,5,20
3,dublin,"BOLTON STREET","Bolton Street",53.3512,-6.26986,0,0,OPEN,"2025-02-22 15:33:05",1,0,{},7,12,2,5,0,5,20,7,12,2,5,0,5,20
3,dublin,"BOLTON STREET","Bolton Street",53.3512,-6.26986,0,0,OPEN,"2025-02-22 15:43:08",1,0,{},9,10,3,6,0,6,20,9,10,3,6,0,6,20
3,dublin,"BOLTON STREET","Bolton Street",53.3512,-6.26986,0,0,OPEN,"2025-02-22 15:44:54",1,0,{},8,11,2,6,0,6,20,8,11,2,6,0,6,20
3,dublin,"BOLTON STREET","Bolton Street",53.3512,-6.26986,0,0,OPEN,"2025-02-22 15:53:15",1,0,{},7,12,1,6,0,6,20,7,12,1,6,0,6,20
3,dublin,"BOLTON STREET","Bolton Street",53.3512,-6.26986,0,0,OPEN,"2025-02-22 15:54:57",1,0,{},9,11,2,7,0,7,20,9,11,2,7,0,7,20
3,dublin,"BOLTON STREET","Bolton Street",53.3512,-6.26986,0,0,OPEN,"2025-02-22 16:03:21",1,0,{},9,11,2,7,0,7,20,9,11,2,7,0,7,20
3,dublin,"BOLTON STREET","Bolton Street",53.3512,-6.26986,0,0,OPEN,"2025-02-22 16:13:25",1,0,{},9,11,2,7,0,7,20,9,11,2,7,0,7,20
3,dublin,"BOLTON STREET","Bolton Street",53.3512,-6.26986,0,0,OPEN,"2025-02-22 16:14:27",1,0,{},8,12,2,6,0,6,20,8,12,2,6,0,6,20
3,dublin,"BOLTON STREET","Bolton Street",53.3512,-6.26986,0,0,OPEN,"2025-02-22 16:23:30",1,0,{},8,12,2,6,0,6,20,8,12,2,6,0,6,20
3,dublin,"BOLTON STREET","Bolton Street",53.3512,-6.26986,0,0,OPEN,"2025-02-22 16:23:48",1,0,{},9,11,2,7,0,7,20,9,11,2,7,0,7,20
3,dublin,"BOLTON STREET","Bolton Street",53.3512,-6.26986,0,0,OPEN,"2025-02-22 16:33:34",1,0,{},9,11,2,7,0,7,20,9,11,2,7,0,7,20
3,dublin,"BOLTON STREET","Bolton Street",53.3512,-6.26986,0,0,OPEN,"2025-02-22 16:42:03",1,0,{},8,12,2,6,0,6,20,8,12,2,6,0,6,20
3,dublin,"BOLTON STREET","Bolton Street",53.3512,-6.26986,0,0,OPEN,"2025-02-22 16:43:39",1,0,{},8,12,2,6,0,6,20,8,12,2,6,0,6,20
3,dublin,"BOLTON STREET","Bolton Street",53.3512,-6.26986,0,0,OPEN,"2025-02-22 16:51:21",1,0,{},8,12,2,6,0,6,20,8,12,2,6,0,6,20
3,dublin,"BOLTON STREET","Bolton Street",53.3512,-6.26986,0,0,OPEN,"2025-02-22 16:53:44",1,0,{},8,12,2,6,0,6,20,8,12,2,6,0,6,20
3,dublin,"BOLTON STREET","Bolton Street",53.3512,-6.26986,0,0,OPEN,"2025-02-22 17:03:47",1,0,{},8,12,2,6,0,6,20,8,12,2,6,0,6,20
3,dublin,"BOLTON STREET","Bolton Street",53.3512,-6.26986,0,0,OPEN,"2025-02-22 17:13:50",1,0,{},8,12,2,6,0,6,20,8,12,2,6,0,6,20
3,dublin,"BOLTON STREET","Bolton Street",53.3512,-6.26986,0,0,OPEN,"2025-02-22 17:21:49",1,0,{},9,11,2,7,0,7,20,9,11,2,7,0,7,20
3,dublin,"BOLTON STREET","Bolton Street",53.3512,-6.26986,0,0,OPEN,"2025-02-22 17:23:54",1,0,{},9,11,2,7,0,7,20,9,11,2,7,0,7,20
3,dublin,"BOLTON STREET","Bolton Street",53.3512,-6.26986,0,0,OPEN,"2025-02-22 17:29:03",1,0,{},10,10,3,7,0,7,20,10,10,3,7,0,7,20
3,dublin,"BOLTON STREET","Bolton Street",53.3512,-6.26986,0,0,OPEN,"2025-02-22 17:34:00",1,0,{},10,10,3,7,0,7,20,10,10,3,7,0,7,20
3,dublin,"BOLTON STREET","Bolton Street",53.3512,-6.26986,0,0,OPEN,"2025-02-22 17:44:03",1,0,{},10,10,3,7,0,7,20,10,10,3,7,0,7,20
3,dublin,"BOLTON STREET","Bolton Street",53.3512,-6.26986,0,0,OPEN,"2025-02-22 17:49:22",1,0,{},9,11,3,6,0,6,20,9,11,3,6,0,6,20
3,dublin,"BOLTON STREET","Bolton Street",53.3512,-6.26986,0,0,OPEN,"2025-02-22 17:54:08",1,0,{},9,11,3,6,0,6,20,9,11,3,6,0,6,20
3,dublin,"BOLTON STREET","Bolton Street",53.3512,-6.26986,0,0,OPEN,"2025-02-22 18:04:12",1,0,{},9,11,3,6,0,6,20,9,11,3,6,0,6,20
3,dublin,"BOLTON STREET","Bolton Street",53.3512,-6.26986,0,0,OPEN,"2025-02-22 18:13:06",1,0,{},8,12,3,5,0,5,20,8,12,3,5,0,5,20
3,dublin,"BOLTON STREET","Bolton Street",53.3512,-6.26986,0,0,OPEN,"2025-02-22 18:14:18",1,0,{},8,12,3,5,0,5,20,8,12,3,5,0,5,20
3,dublin,"BOLTON STREET","Bolton Street",53.3512,-6.26986,0,0,OPEN,"2025-02-22 18:24:21",1,0,{},8,12,3,5,0,5,20,8,12,3,5,0,5,20
3,dublin,"BOLTON STREET","Bolton Street",53.3512,-6.26986,0,0,OPEN,"2025-02-22 18:34:24",1,0,{},8,12,3,5,0,5,20,8,12,3,5,0,5,20
3,dublin,"BOLTON STREET","Bolton Street",53.3512,-6.26986,0,0,OPEN,"2025-02-22 18:35:27",1,0,{},9,11,3,6,0,6,20,9,11,3,6,0,6,20
3,dublin,"BOLTON STREET","Bolton Street",53.3512,-6.26986,0,0,OPEN,"2025-02-22 18:44:27",1,0,{},9,11,3,6,0,6,20,9,11,3,6,0,6,20
3,dublin,"BOLTON STREET","Bolton Street",53.3512,-6.26986,0,0,OPEN,"2025-02-22 18:54:32",1,0,{},8,12,3,5,0,5,20,8,12,3,5,0,5,20
3,dublin,"BOLTON STREET","Bolton Street",53.3512,-6.26986,0,0,OPEN,"2025-02-22 19:03:27",1,0,{},7,13,2,5,0,5,20,7,13,2,5,0,5,20
3,dublin,"BOLTON STREET","Bolton Street",53.3512,-6.26986,0,0,OPEN,"2025-02-22 19:06:51",1,0,{},8,12,2,6,0,6,20,8,12,2,6,0,6,20
3,dublin,"BOLTON STREET","Bolton Street",53.3512,-6.26986,0,0,OPEN,"2025-02-22 19:17:20",1,0,{},7,13,2,5,0,5,20,7,13,2,5,0,5,20
3,dublin,"BOLTON STREET","Bolton Street",53.3512,-6.26986,0,0,OPEN,"2025-02-22 19:25:13",1,0,{},8,12,3,5,0,5,20,8,12,3,5,0,5,20
3,dublin,"BOLTON STREET","Bolton Street",53.3512,-6.26986,0,0,OPEN,"2025-02-22 19:33:08",1,0,{},10,10,5,5,0,5,20,10,10,5,5,0,5,20
3,dublin,"BOLTON STREET","Bolton Street",53.3512,-6.26986,0,0,OPEN,"2025-02-22 19:34:53",1,0,{},10,10,5,5,0,5,20,10,10,5,5,0,5,20
3,dublin,"BOLTON STREET","Bolton Street",53.3512,-6.26986,0,0,OPEN,"2025-02-22 19:47:29",1,0,{},11,9,5,6,0,6,20,11,9,5,6,0,6,20
3,dublin,"BOLTON STREET","Bolton Street",53.3512,-6.26986,0,0,OPEN,"2025-02-22 19:59:07",1,0,{},15,5,7,8,0,8,20,15,5,7,8,0,8,20
3,dublin,"BOLTON STREET","Bolton Street",53.3512,-6.26986,0,0,OPEN,"2025-02-22 20:02:52",1,0,{},17,3,8,9,0,9,20,17,3,8,9,0,9,20
3,dublin,"BOLTON STREET","Bolton Street",53.3512,-6.26986,0,0,OPEN,"2025-02-22 20:05:01",1,0,{},17,3,8,9,0,9,20,17,3,8,9,0,9,20
3,dublin,"BOLTON STREET","Bolton Street",53.3512,-6.26986,0,0,OPEN,"2025-02-22 20:14:27",1,0,{},16,4,7,9,0,9,20,16,4,7,9,0,9,20
3,dublin,"BOLTON STREET","Bolton Street",53.3512,-6.26986,0,0,OPEN,"2025-02-22 20:18:44",1,0,{},17,3,8,9,0,9,20,17,3,8,9,0,9,20
3,dublin,"BOLTON STREET","Bolton Street",53.3512,-6.26986,0,0,OPEN,"2025-02-22 20:20:04",1,0,{},18,2,9,9,0,9,20,18,2,9,9,0,9,20
3,dublin,"BOLTON STREET","Bolton Street",53.3512,-6.26986,0,0,OPEN,"2025-02-22 20:29:06",1,0,{},19,1,10,9,0,9,20,19,1,10,9,0,9,20
3,dublin,"BOLTON STREET","Bolton Street",53.3512,-6.26986,0,0,OPEN,"2025-02-22 20:35:13",1,0,{},19,1,10,9,0,9,20,19,1,10,9,0,9,20
3,dublin,"BOLTON STREET","Bolton Street",53.3512,-6.26986,0,0,OPEN,"2025-02-22 20:44:29",1,0,{},19,1,10,9,0,9,20,19,1,10,9,0,9,20
3,dublin,"BOLTON STREET","Bolton Street",53.3512,-6.26986,0,0,OPEN,"2025-02-22 20:45:17",1,0,{},19,1,10,9,0,9,20,19,1,10,9,0,9,20
3,dublin,"BOLTON STREET","Bolton Street",53.3512,-6.26986,0,0,OPEN,"2025-02-22 20:55:20",1,0,{},19,1,10,9,0,9,20,19,1,10,9,0,9,20
3,dublin,"BOLTON STREET","Bolton Street",53.3512,-6.26986,0,0,OPEN,"2025-02-22 21:02:56",1,0,{},20,0,11,9,0,9,20,20,0,11,9,0,9,20
3,dublin,"BOLTON STREET","Bolton Street",53.3512,-6.26986,0,0,OPEN,"2025-02-22 21:05:23",1,0,{},20,0,11,9,0,9,20,20,0,11,9,0,9,20
3,dublin,"BOLTON STREET","Bolton Street",53.3512,-6.26986,0,0,OPEN,"2025-02-22 21:15:27",1,0,{},20,0,11,9,0,9,20,20,0,11,9,0,9,20
3,dublin,"BOLTON STREET","Bolton Street",53.3512,-6.26986,0,0,OPEN,"2025-02-22 21:25:29",1,0,{},20,0,11,9,0,9,20,20,0,11,9,0,9,20
3,dublin,"BOLTON STREET","Bolton Street",53.3512,-6.26986,0,0,OPEN,"2025-02-22 21:35:32",1,0,{},20,0,11,9,0,9,20,20,0,11,9,0,9,20
3,dublin,"BOLTON STREET","Bolton Street",53.3512,-6.26986,0,0,OPEN,"2025-02-22 21:43:29",1,0,{},19,1,11,8,0,8,20,19,1,11,8,0,8,20
3,dublin,"BOLTON STREET","Bolton Street",53.3512,-6.26986,0,0,OPEN,"2025-02-22 21:45:36",1,0,{},19,1,11,8,0,8,20,19,1,11,8,0,8,20
3,dublin,"BOLTON STREET","Bolton Street",53.3512,-6.26986,0,0,OPEN,"2025-02-22 21:57:46",1,0,{},20,0,12,8,0,8,20,20,0,12,8,0,8,20
3,dublin,"BOLTON STREET","Bolton Street",53.3512,-6.26986,0,0,OPEN,"2025-02-22 22:05:42",1,0,{},20,0,12,8,0,8,20,20,0,12,8,0,8,20
3,dublin,"BOLTON STREET","Bolton Street",53.3512,-6.26986,0,0,OPEN,"2025-02-22 22:15:46",1,0,{},20,0,12,8,0,8,20,20,0,12,8,0,8,20
4,dublin,"GREEK STREET","Greek Street",53.3469,-6.27298,0,0,OPEN,"2025-02-22 02:58:48",1,0,{},13,7,12,1,0,1,20,13,7,12,1,0,1,20
4,dublin,"GREEK STREET","Greek Street",53.3469,-6.27298,0,0,OPEN,"2025-02-22 03:08:52",1,0,{},13,7,12,1,0,1,20,13,7,12,1,0,1,20
4,dublin,"GREEK STREET","Greek Street",53.3469,-6.27298,0,0,OPEN,"2025-02-22 10:12:52",1,0,{},17,3,13,4,0,4,20,17,3,13,4,0,4,20
4,dublin,"GREEK STREET","Greek Street",53.3469,-6.27298,0,0,OPEN,"2025-02-22 10:22:58",1,0,{},17,3,13,4,0,4,20,17,3,13,4,0,4,20
4,dublin,"GREEK STREET","Greek Street",53.3469,-6.27298,0,0,OPEN,"2025-02-22 10:33:10",1,0,{},18,2,14,4,0,4,20,18,2,14,4,0,4,20
4,dublin,"GREEK STREET","Greek Street",53.3469,-6.27298,0,0,OPEN,"2025-02-22 10:43:12",1,0,{},16,4,12,4,0,4,20,16,4,12,4,0,4,20
4,dublin,"GREEK STREET","Greek Street",53.3469,-6.27298,0,0,OPEN,"2025-02-22 10:53:18",1,0,{},16,4,12,4,0,4,20,16,4,12,4,0,4,20
4,dublin,"GREEK STREET","Greek Street",53.3469,-6.27298,0,0,OPEN,"2025-02-22 11:03:23",1,0,{},16,4,12,4,0,4,20,16,4,12,4,0,4,20
4,dublin,"GREEK STREET","Greek Street",53.3469,-6.27298,0,0,OPEN,"2025-02-22 11:13:29",1,0,{},16,4,12,4,0,4,20,16,4,12,4,0,4,20
4,dublin,"GREEK STREET","Greek Street",53.3469,-6.27298,0,0,OPEN,"2025-02-22 11:20:22",1,0,{},14,6,12,2,0,2,20,14,6,12,2,0,2,20
4,dublin,"GREEK STREET","Greek Street",53.3469,-6.27298,0,0,OPEN,"2025-02-22 11:23:37",1,0,{},14,6,12,2,0,2,20,14,6,12,2,0,2,20
4,dublin,"GREEK STREET","Greek Street",53.3469,-6.27298,0,0,OPEN,"2025-02-22 11:33:43",1,0,{},14,6,12,2,0,2,20,14,6,12,2,0,2,20
4,dublin,"GREEK STREET","Greek Street",53.3469,-6.27298,0,0,OPEN,"2025-02-22 11:43:48",1,0,{},14,6,12,2,0,2,20,14,6,12,2,0,2,20
4,dublin,"GREEK STREET","Greek Street",53.3469,-6.27298,0,0,OPEN,"2025-02-22 11:58:28",1,0,{},14,6,12,2,0,2,20,14,6,12,2,0,2,20
4,dublin,"GREEK STREET","Greek Street",53.3469,-6.27298,0,0,OPEN,"2025-02-22 11:58:36",1,0,{},13,7,11,2,0,2,20,13,7,11,2,0,2,20
4,dublin,"GREEK STREET","Greek Street",53.3469,-6.27298,0,0,OPEN,"2025-02-22 12:04:00",1,0,{},13,7,11,2,0,2,20,13,7,11,2,0,2,20
4,dublin,"GREEK STREET","Greek Street",53.3469,-6.27298,0,0,OPEN,"2025-02-22 12:14:05",1,0,{},13,7,11,2,0,2,20,13,7,11,2,0,2,20
4,dublin,"GREEK STREET","Greek Street",53.3469,-6.27298,0,0,OPEN,"2025-02-22 12:24:11",1,0,{},13,7,11,2,0,2,20,13,7,11,2,0,2,20
4,dublin,"GREEK STREET","Greek Street",53.3469,-6.27298,0,0,OPEN,"2025-02-22 12:34:16",1,0,{},13,7,11,2,0,2,20,13,7,11,2,0,2,20
4,dublin,"GREEK STREET","Greek Street",53.3469,-6.27298,0,0,OPEN,"2025-02-22 12:41:00",1,0,{},12,8,10,2,0,2,20,12,8,10,2,0,2,20
4,dublin,"GREEK STREET","Greek Street",53.3469,-6.27298,0,0,OPEN,"2025-02-22 12:44:22",1,0,{},12,8,10,2,0,2,20,12,8,10,2,0,2,20
4,dublin,"GREEK STREET","Greek Street",53.3469,-6.27298,0,0,OPEN,"2025-02-22 12:51:36",1,0,{},14,6,12,2,0,2,20,14,6,12,2,0,2,20
4,dublin,"GREEK STREET","Greek Street",53.3469,-6.27298,0,0,OPEN,"2025-02-22 12:54:27",1,0,{},14,6,12,2,0,2,20,14,6,12,2,0,2,20
4,dublin,"GREEK STREET","Greek Street",53.3469,-6.27298,0,0,OPEN,"2025-02-22 13:08:31",1,0,{},14,6,12,2,0,2,20,14,6,12,2,0,2,20
4,dublin,"GREEK STREET","Greek Street",53.3469,-6.27298,0,0,OPEN,"2025-02-22 13:14:40",1,0,{},14,6,12,2,0,2,20,14,6,12,2,0,2,20
4,dublin,"GREEK STREET","Greek Street",53.3469,-6.27298,0,0,OPEN,"2025-02-22 13:20:13",1,0,{},15,5,12,3,0,3,20,15,5,12,3,0,3,20
4,dublin,"GREEK STREET","Greek Street",53.3469,-6.27298,0,0,OPEN,"2025-02-22 13:25:34",1,0,{},13,7,10,3,0,3,20,13,7,10,3,0,3,20
4,dublin,"GREEK STREET","Greek Street",53.3469,-6.27298,0,0,OPEN,"2025-02-22 13:34:52",1,0,{},13,7,10,3,0,3,20,13,7,10,3,0,3,20
4,dublin,"GREEK STREET","Greek Street",53.3469,-6.27298,0,0,OPEN,"2025-02-22 13:44:58",1,0,{},13,7,10,3,0,3,20,13,7,10,3,0,3,20
4,dublin,"GREEK STREET","Greek Street",53.3469,-6.27298,0,0,OPEN,"2025-02-22 13:55:03",1,0,{},13,7,10,3,0,3,20,13,7,10,3,0,3,20
4,dublin,"GREEK STREET","Greek Street",53.3469,-6.27298,0,0,OPEN,"2025-02-22 14:05:08",1,0,{},13,7,10,3,0,3,20,13,7,10,3,0,3,20
4,dublin,"GREEK STREET","Greek Street",53.3469,-6.27298,0,0,OPEN,"2025-02-22 14:15:13",1,0,{},13,7,10,3,0,3,20,13,7,10,3,0,3,20
4,dublin,"GREEK STREET","Greek Street",53.3469,-6.27298,0,0,OPEN,"2025-02-22 14:20:04",1,0,{},14,6,11,3,0,3,20,14,6,11,3,0,3,20
4,dublin,"GREEK STREET","Greek Street",53.3469,-6.27298,0,0,OPEN,"2025-02-22 14:25:20",1,0,{},14,6,11,3,0,3,20,14,6,11,3,0,3,20
4,dublin,"GREEK STREET","Greek Street",53.3469,-6.27298,0,0,OPEN,"2025-02-22 14:37:09",1,0,{},16,4,13,3,0,3,20,16,4,13,3,0,3,20
4,dublin,"GREEK STREET","Greek Street",53.3469,-6.27298,0,0,OPEN,"2025-02-22 14:45:30",1,0,{},16,4,13,3,0,3,20,16,4,13,3,0,3,20
4,dublin,"GREEK STREET","Greek Street",53.3469,-6.27298,0,0,OPEN,"2025-02-22 14:49:07",1,0,{},15,5,12,3,0,3,20,15,5,12,3,0,3,20
4,dublin,"GREEK STREET","Greek Street",53.3469,-6.27298,0,0,OPEN,"2025-02-22 14:55:38",1,0,{},15,5,12,3,0,3,20,15,5,12,3,0,3,20
4,dublin,"GREEK STREET","Greek Street",53.3469,-6.27298,0,0,OPEN,"2025-02-22 15:05:44",1,0,{},15,5,12,3,0,3,20,15,5,12,3,0,3,20
4,dublin,"GREEK STREET","Greek Street",53.3469,-6.27298,0,0,OPEN,"2025-02-22 15:15:49",1,0,{},15,5,12,3,0,3,20,15,5,12,3,0,3,20
4,dublin,"GREEK STREET","Greek Street",53.3469,-6.27298,0,0,OPEN,"2025-02-22 15:25:55",1,0,{},15,5,12,3,0,3,20,15,5,12,3,0,3,20
4,dublin,"GREEK STREET","Greek Street",53.3469,-6.27298,0,0,OPEN,"2025-02-22 15:37:18",1,0,{},14,6,11,3,0,3,20,14,6,11,3,0,3,20
4,dublin,"GREEK STREET","Greek Street",53.3469,-6.27298,0,0,OPEN,"2025-02-22 15:46:23",1,0,{},13,7,10,3,0,3,20,13,7,10,3,0,3,20
4,dublin,"GREEK STREET","Greek Street",53.3469,-6.27298,0,0,OPEN,"2025-02-22 15:51:13",1,0,{},14,6,11,3,0,3,20,14,6,11,3,0,3,20
4,dublin,"GREEK STREET","Greek Street",53.3469,-6.27298,0,0,OPEN,"2025-02-22 15:56:15",1,0,{},14,6,11,3,0,3,20,14,6,11,3,0,3,20
4,dublin,"GREEK STREET","Greek Street",53.3469,-6.27298,0,0,OPEN,"2025-02-22 16:06:21",1,0,{},14,6,11,3,0,3,20,14,6,11,3,0,3,20
4,dublin,"GREEK STREET","Greek Street",53.3469,-6.27298,0,0,OPEN,"2025-02-22 16:16:28",1,0,{},13,7,11,2,0,2,20,13,7,11,2,0,2,20
4,dublin,"GREEK STREET","Greek Street",53.3469,-6.27298,0,0,OPEN,"2025-02-22 16:26:34",1,0,{},13,7,11,2,0,2,20,13,7,11,2,0,2,20
4,dublin,"GREEK STREET","Greek Street",53.3469,-6.27298,0,0,OPEN,"2025-02-22 16:36:39",1,0,{},13,7,11,2,0,2,20,13,7,11,2,0,2,20
4,dublin,"GREEK STREET","Greek Street",53.3469,-6.27298,0,0,OPEN,"2025-02-22 16:46:44",1,0,{},13,7,11,2,0,2,20,13,7,11,2,0,2,20
4,dublin,"GREEK STREET","Greek Street",53.3469,-6.27298,0,0,OPEN,"2025-02-22 16:56:49",1,0,{},13,7,11,2,0,2,20,13,7,11,2,0,2,20
4,dublin,"GREEK STREET","Greek Street",53.3469,-6.27298,0,0,OPEN,"2025-02-22 17:06:55",1,0,{},13,7,11,2,0,2,20,13,7,11,2,0,2,20
4,dublin,"GREEK STREET","Greek Street",53.3469,-6.27298,0,0,OPEN,"2025-02-22 17:17:01",1,0,{},13,7,11,2,0,2,20,13,7,11,2,0,2,20
4,dublin,"GREEK STREET","Greek Street",53.3469,-6.27298,0,0,OPEN,"2025-02-22 17:27:06",1,0,{},13,7,11,2,0,2,20,13,7,11,2,0,2,20
4,dublin,"GREEK STREET","Greek Street",53.3469,-6.27298,0,0,OPEN,"2025-02-22 17:37:12",1,0,{},14,6,12,2,0,2,20,14,6,12,2,0,2,20
4,dublin,"GREEK STREET","Greek Street",53.3469,-6.27298,0,0,OPEN,"2025-02-22 17:47:17",1,0,{},14,6,12,2,0,2,20,14,6,12,2,0,2,20
4,dublin,"GREEK STREET","Greek Street",53.3469,-6.27298,0,0,OPEN,"2025-02-22 17:57:23",1,0,{},14,6,12,2,0,2,20,14,6,12,2,0,2,20
4,dublin,"GREEK STREET","Greek Street",53.3469,-6.27298,0,0,OPEN,"2025-02-22 18:00:22",1,0,{},15,5,13,2,0,2,20,15,5,13,2,0,2,20
4,dublin,"GREEK STREET","Greek Street",53.3469,-6.27298,0,0,OPEN,"2025-02-22 18:07:29",1,0,{},15,5,13,2,0,2,20,15,5,13,2,0,2,20
4,dublin,"GREEK STREET","Greek Street",53.3469,-6.27298,0,0,OPEN,"2025-02-22 18:17:34",1,0,{},15,5,13,2,0,2,20,15,5,13,2,0,2,20
4,dublin,"GREEK STREET","Greek Street",53.3469,-6.27298,0,0,OPEN,"2025-02-22 18:27:39",1,0,{},15,5,13,2,0,2,20,15,5,13,2,0,2,20
4,dublin,"GREEK STREET","Greek Street",53.3469,-6.27298,0,0,OPEN,"2025-02-22 18:37:44",1,0,{},15,5,13,2,0,2,20,15,5,13,2,0,2,20
4,dublin,"GREEK STREET","Greek Street",53.3469,-6.27298,0,0,OPEN,"2025-02-22 18:40:21",1,0,{},14,6,12,2,0,2,20,14,6,12,2,0,2,20
4,dublin,"GREEK STREET","Greek Street",53.3469,-6.27298,0,0,OPEN,"2025-02-22 18:47:51",1,0,{},14,6,12,2,0,2,20,14,6,12,2,0,2,20
4,dublin,"GREEK STREET","Greek Street",53.3469,-6.27298,0,0,OPEN,"2025-02-22 18:57:56",1,0,{},14,6,12,2,0,2,20,14,6,12,2,0,2,20
4,dublin,"GREEK STREET","Greek Street",53.3469,-6.27298,0,0,OPEN,"2025-02-22 19:00:50",1,0,{},13,7,11,2,0,2,20,13,7,11,2,0,2,20
4,dublin,"GREEK STREET","Greek Street",53.3469,-6.27298,0,0,OPEN,"2025-02-22 19:08:04",1,0,{},13,7,11,2,0,2,20,13,7,11,2,0,2,20
4,dublin,"GREEK STREET","Greek Street",53.3469,-6.27298,0,0,OPEN,"2025-02-22 19:18:09",1,0,{},13,7,11,2,0,2,20,13,7,11,2,0,2,20
4,dublin,"GREEK STREET","Greek Street",53.3469,-6.27298,0,0,OPEN,"2025-02-22 19:28:14",1,0,{},14,6,12,2,0,2,20,14,6,12,2,0,2,20
4,dublin,"GREEK STREET","Greek Street",53.3469,-6.27298,0,0,OPEN,"2025-02-22 19:38:19",1,0,{},14,6,12,2,0,2,20,14,6,12,2,0,2,20
4,dublin,"GREEK STREET","Greek Street",53.3469,-6.27298,0,0,OPEN,"2025-02-22 19:48:25",1,0,{},14,6,12,2,0,2,20,14,6,12,2,0,2,20
4,dublin,"GREEK STREET","Greek Street",53.3469,-6.27298,0,0,OPEN,"2025-02-22 19:58:30",1,0,{},14,6,12,2,0,2,20,14,6,12,2,0,2,20
4,dublin,"GREEK STREET","Greek Street",53.3469,-6.27298,0,0,OPEN,"2025-02-22 20:08:36",1,0,{},14,6,12,2,0,2,20,14,6,12,2,0,2,20
4,dublin,"GREEK STREET","Greek Street",53.3469,-6.27298,0,0,OPEN,"2025-02-22 20:18:41",1,0,{},14,6,12,2,0,2,20,14,6,12,2,0,2,20
4,dublin,"GREEK STREET","Greek Street",53.3469,-6.27298,0,0,OPEN,"2025-02-22 20:28:46",1,0,{},14,6,12,2,0,2,20,14,6,12,2,0,2,20
4,dublin,"GREEK STREET","Greek Street",53.3469,-6.27298,0,0,OPEN,"2025-02-22 20:38:51",1,0,{},14,6,12,2,0,2,20,14,6,12,2,0,2,20
4,dublin,"GREEK STREET","Greek Street",53.3469,-6.27298,0,0,OPEN,"2025-02-22 20:48:56",1,0,{},14,6,12,2,0,2,20,14,6,12,2,0,2,20
4,dublin,"GREEK STREET","Greek Street",53.3469,-6.27298,0,0,OPEN,"2025-02-22 20:52:32",1,0,{},15,5,13,2,0,2,20,15,5,13,2,0,2,20
4,dublin,"GREEK STREET","Greek Street",53.3469,-6.27298,0,0,OPEN,"2025-02-22 20:59:02",1,0,{},15,5,13,2,0,2,20,15,5,13,2,0,2,20
4,dublin,"GREEK STREET","Greek Street",53.3469,-6.27298,0,0,OPEN,"2025-02-22 21:09:08",1,0,{},15,5,13,2,0,2,20,15,5,13,2,0,2,20
4,dublin,"GREEK STREET","Greek Street",53.3469,-6.27298,0,0,OPEN,"2025-02-22 21:19:13",1,0,{},15,5,13,2,0,2,20,15,5,13,2,0,2,20
4,dublin,"GREEK STREET","Greek Street",53.3469,-6.27298,0,0,OPEN,"2025-02-22 21:29:18",1,0,{},15,5,13,2,0,2,20,15,5,13,2,0,2,20
4,dublin,"GREEK STREET","Greek Street",53.3469,-6.27298,0,0,OPEN,"2025-02-22 21:39:24",1,0,{},15,5,13,2,0,2,20,15,5,13,2,0,2,20
4,dublin,"GREEK STREET","Greek Street",53.3469,-6.27298,0,0,OPEN,"2025-02-22 21:49:29",1,0,{},15,5,13,2,0,2,20,15,5,13,2,0,2,20
4,dublin,"GREEK STREET","Greek Street",53.3469,-6.27298,0,0,OPEN,"2025-02-22 21:59:34",1,0,{},15,5,13,2,0,2,20,15,5,13,2,0,2,20
4,dublin,"GREEK STREET","Greek Street",53.3469,-6.27298,0,0,OPEN,"2025-02-22 22:09:40",1,0,{},15,5,13,2,0,2,20,15,5,13,2,0,2,20
5,dublin,"CHARLEMONT PLACE","Charlemont Street",53.3307,-6.26018,0,0,OPEN,"2025-02-22 02:51:32",1,0,{},11,29,4,7,0,7,40,11,29,4,7,0,7,40
5,dublin,"CHARLEMONT PLACE","Charlemont Street",53.3307,-6.26018,0,0,OPEN,"2025-02-22 03:11:39",1,0,{},11,29,4,7,0,7,40,11,29,4,7,0,7,40
5,dublin,"CHARLEMONT PLACE","Charlemont Street",53.3307,-6.26018,0,0,OPEN,"2025-02-22 10:12:37",1,0,{},3,37,0,3,0,3,40,3,37,0,3,0,3,40
5,dublin,"CHARLEMONT PLACE","Charlemont Street",53.3307,-6.26018,0,0,OPEN,"2025-02-22 10:18:28",1,0,{},2,38,0,2,0,2,40,2,38,0,2,0,2,40
5,dublin,"CHARLEMONT PLACE","Charlemont Street",53.3307,-6.26018,0,0,OPEN,"2025-02-22 10:22:42",1,0,{},1,39,0,1,0,1,40,1,39,0,1,0,1,40
5,dublin,"CHARLEMONT PLACE","Charlemont Street",53.3307,-6.26018,0,0,OPEN,"2025-02-22 10:24:48",1,0,{},1,39,0,1,0,1,40,1,39,0,1,0,1,40
5,dublin,"CHARLEMONT PLACE","Charlemont Street",53.3307,-6.26018,0,0,OPEN,"2025-02-22 10:32:46",1,0,{},1,39,0,1,0,1,40,1,39,0,1,0,1,40
5,dublin,"CHARLEMONT PLACE","Charlemont Street",53.3307,-6.26018,0,0,OPEN,"2025-02-22 10:38:13",1,0,{},0,40,0,0,0,0,40,0,40,0,0,0,0,40
5,dublin,"CHARLEMONT PLACE","Charlemont Street",53.3307,-6.26018,0,0,OPEN,"2025-02-22 10:43:11",1,0,{},12,28,6,6,0,6,40,12,28,6,6,0,6,40
5,dublin,"CHARLEMONT PLACE","Charlemont Street",53.3307,-6.26018,0,0,OPEN,"2025-02-22 10:46:33",1,0,{},17,23,8,9,0,9,40,17,23,8,9,0,9,40
5,dublin,"CHARLEMONT PLACE","Charlemont Street",53.3307,-6.26018,0,0,OPEN,"2025-02-22 10:53:00",1,0,{},16,24,8,8,0,8,40,16,24,8,8,0,8,40
5,dublin,"CHARLEMONT PLACE","Charlemont Street",53.3307,-6.26018,0,0,OPEN,"2025-02-22 10:57:41",1,0,{},13,27,6,7,0,7,40,13,27,6,7,0,7,40
5,dublin,"CHARLEMONT PLACE","Charlemont Street",53.3307,-6.26018,0,0,OPEN,"2025-02-22 11:03:09",1,0,{},12,28,6,6,0,6,40,12,28,6,6,0,6,40
5,dublin,"CHARLEMONT PLACE","Charlemont Street",53.3307,-6.26018,0,0,OPEN,"2025-02-22 11:07:57",1,0,{},10,30,6,4,0,4,40,10,30,6,4,0,4,40
5,dublin,"CHARLEMONT PLACE","Charlemont Street",53.3307,-6.26018,0,0,OPEN,"2025-02-22 11:13:14",1,0,{},11,29,7,4,0,4,40,11,29,7,4,0,4,40
5,dublin,"CHARLEMONT PLACE","Charlemont Street",53.3307,-6.26018,0,0,OPEN,"2025-02-22 11:18:07",1,0,{},11,29,6,5,0,5,40,11,29,6,5,0,5,40
5,dublin,"CHARLEMONT PLACE","Charlemont Street",53.3307,-6.26018,0,0,OPEN,"2025-02-22 11:23:17",1,0,{},12,28,7,5,0,5,40,12,28,7,5,0,5,40
5,dublin,"CHARLEMONT PLACE","Charlemont Street",53.3307,-6.26018,0,0,OPEN,"2025-02-22 11:25:59",1,0,{},10,30,6,4,0,4,40,10,30,6,4,0,4,40
5,dublin,"CHARLEMONT PLACE","Charlemont Street",53.3307,-6.26018,0,0,OPEN,"2025-02-22 11:33:25",1,0,{},10,30,5,5,0,5,40,10,30,5,5,0,5,40
5,dublin,"CHARLEMONT PLACE","Charlemont Street",53.3307,-6.26018,0,0,OPEN,"2025-02-22 11:35:57",1,0,{},9,31,4,5,0,5,40,9,31,4,5,0,5,40
5,dublin,"CHARLEMONT PLACE","Charlemont Street",53.3307,-6.26018,0,0,OPEN,"2025-02-22 11:43:31",1,0,{},8,32,4,4,0,4,40,8,32,4,4,0,4,40
5,dublin,"CHARLEMONT PLACE","Charlemont Street",53.3307,-6.26018,0,0,OPEN,"2025-02-22 11:56:40",1,0,{},7,33,3,4,0,4,40,7,33,3,4,0,4,40
5,dublin,"CHARLEMONT PLACE","Charlemont Street",53.3307,-6.26018,0,0,OPEN,"2025-02-22 12:01:54",1,0,{},6,34,2,4,0,4,40,6,34,2,4,0,4,40
5,dublin,"CHARLEMONT PLACE","Charlemont Street",53.3307,-6.26018,0,0,OPEN,"2025-02-22 12:03:40",1,0,{},6,34,2,4,0,4,40,6,34,2,4,0,4,40
5,dublin,"CHARLEMONT PLACE","Charlemont Street",53.3307,-6.26018,0,0,OPEN,"2025-02-22 12:15:39",1,0,{},5,35,1,4,0,4,40,5,35,1,4,0,4,40
5,dublin,"CHARLEMONT PLACE","Charlemont Street",53.3307,-6.26018,0,0,OPEN,"2025-02-22 12:23:25",1,0,{},1,39,0,1,0,1,40,1,39,0,1,0,1,40
5,dublin,"CHARLEMONT PLACE","Charlemont Street",53.3307,-6.26018,0,0,OPEN,"2025-02-22 12:26:05",1,0,{},2,38,1,1,0,1,40,2,38,1,1,0,1,40
5,dublin,"CHARLEMONT PLACE","Charlemont Street",53.3307,-6.26018,0,0,OPEN,"2025-02-22 12:34:00",1,0,{},1,39,0,1,0,1,40,1,39,0,1,0,1,40
5,dublin,"CHARLEMONT PLACE","Charlemont Street",53.3307,-6.26018,0,0,OPEN,"2025-02-22 12:41:20",1,0,{},0,40,0,0,0,0,40,0,40,0,0,0,0,40
5,dublin,"CHARLEMONT PLACE","Charlemont Street",53.3307,-6.26018,0,0,OPEN,"2025-02-22 12:44:06",1,0,{},0,40,0,0,0,0,40,0,40,0,0,0,0,40
5,dublin,"CHARLEMONT PLACE","Charlemont Street",53.3307,-6.26018,0,0,OPEN,"2025-02-22 12:53:09",1,0,{},1,39,1,0,0,0,40,1,39,1,0,0,0,40
5,dublin,"CHARLEMONT PLACE","Charlemont Street",53.3307,-6.26018,0,0,OPEN,"2025-02-22 12:54:04",1,0,{},1,39,1,0,0,0,40,1,39,1,0,0,0,40
5,dublin,"CHARLEMONT PLACE","Charlemont Street",53.3307,-6.26018,0,0,OPEN,"2025-02-22 13:06:11",1,0,{},0,40,0,0,0,0,40,0,40,0,0,0,0,40
5,dublin,"CHARLEMONT PLACE","Charlemont Street",53.3307,-6.26018,0,0,OPEN,"2025-02-22 13:18:24",1,0,{},5,35,5,0,0,0,40,5,35,5,0,0,0,40
5,dublin,"CHARLEMONT PLACE","Charlemont Street",53.3307,-6.26018,0,0,OPEN,"2025-02-22 13:23:31",1,0,{},15,25,14,1,0,1,40,15,25,14,1,0,1,40
5,dublin,"CHARLEMONT PLACE","Charlemont Street",53.3307,-6.26018,0,0,OPEN,"2025-02-22 13:26:06",1,0,{},18,22,14,4,0,4,40,18,22,14,4,0,4,40
5,dublin,"CHARLEMONT PLACE","Charlemont Street",53.3307,-6.26018,0,0,OPEN,"2025-02-22 13:31:35",1,0,{},17,23,14,3,0,3,40,17,23,14,3,0,3,40
5,dublin,"CHARLEMONT PLACE","Charlemont Street",53.3307,-6.26018,0,0,OPEN,"2025-02-22 13:37:00",1,0,{},16,24,13,3,0,3,40,16,24,13,3,0,3,40
5,dublin,"CHARLEMONT PLACE","Charlemont Street",53.3307,-6.26018,0,0,OPEN,"2025-02-22 13:43:18",1,0,{},18,22,15,3,0,3,40,18,22,15,3,0,3,40
5,dublin,"CHARLEMONT PLACE","Charlemont Street",53.3307,-6.26018,0,0,OPEN,"2025-02-22 13:44:42",1,0,{},19,21,15,4,0,4,40,19,21,15,4,0,4,40
5,dublin,"CHARLEMONT PLACE","Charlemont Street",53.3307,-6.26018,0,0,OPEN,"2025-02-22 13:52:56",1,0,{},17,23,14,3,0,3,40,17,23,14,3,0,3,40
5,dublin,"CHARLEMONT PLACE","Charlemont Street",53.3307,-6.26018,0,0,OPEN,"2025-02-22 13:54:47",1,0,{},17,23,14,3,0,3,40,17,23,14,3,0,3,40
5,dublin,"CHARLEMONT PLACE","Charlemont Street",53.3307,-6.26018,0,0,OPEN,"2025-02-22 14:06:28",1,0,{},20,20,17,3,0,3,40,20,20,17,3,0,3,40
5,dublin,"CHARLEMONT PLACE","Charlemont Street",53.3307,-6.26018,0,0,OPEN,"2025-02-22 14:12:45",1,0,{},21,19,17,4,0,4,40,21,19,17,4,0,4,40
5,dublin,"CHARLEMONT PLACE","Charlemont Street",53.3307,-6.26018,0,0,OPEN,"2025-02-22 14:16:16",1,0,{},19,21,16,3,0,3,40,19,21,16,3,0,3,40
5,dublin,"CHARLEMONT PLACE","Charlemont Street",53.3307,-6.26018,0,0,OPEN,"2025-02-22 14:28:16",1,0,{},18,22,15,3,0,3,40,18,22,15,3,0,3,40
5,dublin,"CHARLEMONT PLACE","Charlemont Street",53.3307,-6.26018,0,0,OPEN,"2025-02-22 14:33:28",1,0,{},18,22,15,3,0,3,40,18,22,15,3,0,3,40
5,dublin,"CHARLEMONT PLACE","Charlemont Street",53.3307,-6.26018,0,0,OPEN,"2025-02-22 14:37:35",1,0,{},19,21,16,3,0,3,40,19,21,16,3,0,3,40
5,dublin,"CHARLEMONT PLACE","Charlemont Street",53.3307,-6.26018,0,0,OPEN,"2025-02-22 14:42:00",1,0,{},24,16,18,6,0,6,40,24,16,18,6,0,6,40
5,dublin,"CHARLEMONT PLACE","Charlemont Street",53.3307,-6.26018,0,0,OPEN,"2025-02-22 14:45:16",1,0,{},24,16,18,6,0,6,40,24,16,18,6,0,6,40
5,dublin,"CHARLEMONT PLACE","Charlemont Street",53.3307,-6.26018,0,0,OPEN,"2025-02-22 14:50:03",1,0,{},22,18,18,4,0,4,40,22,18,18,4,0,4,40
5,dublin,"CHARLEMONT PLACE","Charlemont Street",53.3307,-6.26018,0,0,OPEN,"2025-02-22 14:55:21",1,0,{},22,18,18,4,0,4,40,22,18,18,4,0,4,40
5,dublin,"CHARLEMONT PLACE","Charlemont Street",53.3307,-6.26018,0,0,OPEN,"2025-02-22 15:05:25",1,0,{},22,18,18,4,0,4,40,22,18,18,4,0,4,40
5,dublin,"CHARLEMONT PLACE","Charlemont Street",53.3307,-6.26018,0,0,OPEN,"2025-02-22 15:12:25",1,0,{},19,21,15,4,0,4,40,19,21,15,4,0,4,40
5,dublin,"CHARLEMONT PLACE","Charlemont Street",53.3307,-6.26018,0,0,OPEN,"2025-02-22 15:15:31",1,0,{},19,21,15,4,0,4,40,19,21,15,4,0,4,40
5,dublin,"CHARLEMONT PLACE","Charlemont Street",53.3307,-6.26018,0,0,OPEN,"2025-02-22 15:21:53",1,0,{},18,22,15,3,0,3,40,18,22,15,3,0,3,40
5,dublin,"CHARLEMONT PLACE","Charlemont Street",53.3307,-6.26018,0,0,OPEN,"2025-02-22 15:25:36",1,0,{},18,22,15,3,0,3,40,18,22,15,3,0,3,40
5,dublin,"CHARLEMONT PLACE","Charlemont Street",53.3307,-6.26018,0,0,OPEN,"2025-02-22 15:35:41",1,0,{},16,24,15,1,0,1,40,16,24,15,1,0,1,40
5,dublin,"CHARLEMONT PLACE","Charlemont Street",53.3307,-6.26018,0,0,OPEN,"2025-02-22 15:41:48",1,0,{},17,23,15,2,0,2,40,17,23,15,2,0,2,40
5,dublin,"CHARLEMONT PLACE","Charlemont Street",53.3307,-6.26018,0,0,OPEN,"2025-02-22 15:48:06",1,0,{},16,24,15,1,0,1,40,16,24,15,1,0,1,40
5,dublin,"CHARLEMONT PLACE","Charlemont Street",53.3307,-6.26018,0,0,OPEN,"2025-02-22 15:53:09",1,0,{},15,25,14,1,0,1,40,15,25,14,1,0,1,40
5,dublin,"CHARLEMONT PLACE","Charlemont Street",53.3307,-6.26018,0,0,OPEN,"2025-02-22 15:55:52",1,0,{},15,25,14,1,0,1,40,15,25,14,1,0,1,40
5,dublin,"CHARLEMONT PLACE","Charlemont Street",53.3307,-6.26018,0,0,OPEN,"2025-02-22 16:02:48",1,0,{},16,24,14,2,0,2,40,16,24,14,2,0,2,40
5,dublin,"CHARLEMONT PLACE","Charlemont Street",53.3307,-6.26018,0,0,OPEN,"2025-02-22 16:06:18",1,0,{},17,23,15,2,0,2,40,17,23,15,2,0,2,40
5,dublin,"CHARLEMONT PLACE","Charlemont Street",53.3307,-6.26018,0,0,OPEN,"2025-02-22 16:16:01",1,0,{},16,24,14,2,0,2,40,16,24,14,2,0,2,40
5,dublin,"CHARLEMONT PLACE","Charlemont Street",53.3307,-6.26018,0,0,OPEN,"2025-02-22 16:23:03",1,0,{},17,23,15,2,0,2,40,17,23,15,2,0,2,40
5,dublin,"CHARLEMONT PLACE","Charlemont Street",53.3307,-6.26018,0,0,OPEN,"2025-02-22 16:26:06",1,0,{},18,22,15,3,0,3,40,18,22,15,3,0,3,40
5,dublin,"CHARLEMONT PLACE","Charlemont Street",53.3307,-6.26018,0,0,OPEN,"2025-02-22 16:36:36",1,0,{},17,23,14,3,0,3,40,17,23,14,3,0,3,40
5,dublin,"CHARLEMONT PLACE","Charlemont Street",53.3307,-6.26018,0,0,OPEN,"2025-02-22 16:41:40",1,0,{},18,22,15,3,0,3,40,18,22,15,3,0,3,40
5,dublin,"CHARLEMONT PLACE","Charlemont Street",53.3307,-6.26018,0,0,OPEN,"2025-02-22 16:46:13",1,0,{},18,22,15,3,0,3,40,18,22,15,3,0,3,40
5,dublin,"CHARLEMONT PLACE","Charlemont Street",53.3307,-6.26018,0,0,OPEN,"2025-02-22 16:49:59",1,0,{},18,22,15,3,0,3,40,18,22,15,3,0,3,40
5,dublin,"CHARLEMONT PLACE","Charlemont Street",53.3307,-6.26018,0,0,OPEN,"2025-02-22 16:57:47",1,0,{},18,22,15,3,0,3,40,18,22,15,3,0,3,40
5,dublin,"CHARLEMONT PLACE","Charlemont Street",53.3307,-6.26018,0,0,OPEN,"2025-02-22 16:59:57",1,0,{},16,24,13,3,0,3,40,16,24,13,3,0,3,40
5,dublin,"CHARLEMONT PLACE","Charlemont Street",53.3307,-6.26018,0,0,OPEN,"2025-02-22 17:06:25",1,0,{},13,27,11,2,0,2,40,13,27,11,2,0,2,40
5,dublin,"CHARLEMONT PLACE","Charlemont Street",53.3307,-6.26018,0,0,OPEN,"2025-02-22 17:18:25",1,0,{},12,28,11,1,0,1,40,12,28,11,1,0,1,40
5,dublin,"CHARLEMONT PLACE","Charlemont Street",53.3307,-6.26018,0,0,OPEN,"2025-02-22 17:18:43",1,0,{},11,29,11,0,0,0,40,11,29,11,0,0,0,40
5,dublin,"CHARLEMONT PLACE","Charlemont Street",53.3307,-6.26018,0,0,OPEN,"2025-02-22 17:26:35",1,0,{},11,29,11,0,0,0,40,11,29,11,0,0,0,40
5,dublin,"CHARLEMONT PLACE","Charlemont Street",53.3307,-6.26018,0,0,OPEN,"2025-02-22 17:33:20",1,0,{},12,28,10,2,0,2,40,12,28,10,2,0,2,40
5,dublin,"CHARLEMONT PLACE","Charlemont Street",53.3307,-6.26018,0,0,OPEN,"2025-02-22 17:36:44",1,0,{},13,27,11,2,0,2,40,13,27,11,2,0,2,40
5,dublin,"CHARLEMONT PLACE","Charlemont Street",53.3307,-6.26018,0,0,OPEN,"2025-02-22 17:39:29",1,0,{},14,26,12,2,0,2,40,14,26,12,2,0,2,40
5,dublin,"CHARLEMONT PLACE","Charlemont Street",53.3307,-6.26018,0,0,OPEN,"2025-02-22 17:46:47",1,0,{},14,26,12,2,0,2,40,14,26,12,2,0,2,40
5,dublin,"CHARLEMONT PLACE","Charlemont Street",53.3307,-6.26018,0,0,OPEN,"2025-02-22 17:51:08",1,0,{},14,26,12,2,0,2,40,14,26,12,2,0,2,40
5,dublin,"CHARLEMONT PLACE","Charlemont Street",53.3307,-6.26018,0,0,OPEN,"2025-02-22 17:58:30",1,0,{},15,25,13,2,0,2,40,15,25,13,2,0,2,40
5,dublin,"CHARLEMONT PLACE","Charlemont Street",53.3307,-6.26018,0,0,OPEN,"2025-02-22 18:00:32",1,0,{},14,26,12,2,0,2,40,14,26,12,2,0,2,40
5,dublin,"CHARLEMONT PLACE","Charlemont Street",53.3307,-6.26018,0,0,OPEN,"2025-02-22 18:06:58",1,0,{},14,26,12,2,0,2,40,14,26,12,2,0,2,40
5,dublin,"CHARLEMONT PLACE","Charlemont Street",53.3307,-6.26018,0,0,OPEN,"2025-02-22 18:13:02",1,0,{},18,22,16,2,0,2,40,18,22,16,2,0,2,40
5,dublin,"CHARLEMONT PLACE","Charlemont Street",53.3307,-6.26018,0,0,OPEN,"2025-02-22 18:17:03",1,0,{},18,22,16,2,0,2,40,18,22,16,2,0,2,40
5,dublin,"CHARLEMONT PLACE","Charlemont Street",53.3307,-6.26018,0,0,OPEN,"2025-02-22 18:27:06",1,0,{},18,22,16,2,0,2,40,18,22,16,2,0,2,40
5,dublin,"CHARLEMONT PLACE","Charlemont Street",53.3307,-6.26018,0,0,OPEN,"2025-02-22 18:37:44",1,0,{},19,21,17,2,0,2,40,19,21,17,2,0,2,40
5,dublin,"CHARLEMONT PLACE","Charlemont Street",53.3307,-6.26018,0,0,OPEN,"2025-02-22 18:47:17",1,0,{},19,21,17,2,0,2,40,19,21,17,2,0,2,40
5,dublin,"CHARLEMONT PLACE","Charlemont Street",53.3307,-6.26018,0,0,OPEN,"2025-02-22 18:52:44",1,0,{},21,19,18,3,0,3,40,21,19,18,3,0,3,40
5,dublin,"CHARLEMONT PLACE","Charlemont Street",53.3307,-6.26018,0,0,OPEN,"2025-02-22 18:58:40",1,0,{},23,17,19,4,0,4,40,23,17,19,4,0,4,40
5,dublin,"CHARLEMONT PLACE","Charlemont Street",53.3307,-6.26018,0,0,OPEN,"2025-02-22 19:07:26",1,0,{},23,17,19,4,0,4,40,23,17,19,4,0,4,40
5,dublin,"CHARLEMONT PLACE","Charlemont Street",53.3307,-6.26018,0,0,OPEN,"2025-02-22 19:17:32",1,0,{},23,17,19,4,0,4,40,23,17,19,4,0,4,40
5,dublin,"CHARLEMONT PLACE","Charlemont Street",53.3307,-6.26018,0,0,OPEN,"2025-02-22 19:24:18",1,0,{},24,16,19,5,0,5,40,24,16,19,5,0,5,40
5,dublin,"CHARLEMONT PLACE","Charlemont Street",53.3307,-6.26018,0,0,OPEN,"2025-02-22 19:27:41",1,0,{},26,14,19,7,0,7,40,26,14,19,7,0,7,40
5,dublin,"CHARLEMONT PLACE","Charlemont Street",53.3307,-6.26018,0,0,OPEN,"2025-02-22 19:31:20",1,0,{},25,15,18,7,0,7,40,25,15,18,7,0,7,40
5,dublin,"CHARLEMONT PLACE","Charlemont Street",53.3307,-6.26018,0,0,OPEN,"2025-02-22 19:37:39",1,0,{},25,15,18,7,0,7,40,25,15,18,7,0,7,40
5,dublin,"CHARLEMONT PLACE","Charlemont Street",53.3307,-6.26018,0,0,OPEN,"2025-02-22 19:43:57",1,0,{},26,14,18,8,0,8,40,26,14,18,8,0,8,40
5,dublin,"CHARLEMONT PLACE","Charlemont Street",53.3307,-6.26018,0,0,OPEN,"2025-02-22 19:48:52",1,0,{},25,15,17,8,0,8,40,25,15,17,8,0,8,40
5,dublin,"CHARLEMONT PLACE","Charlemont Street",53.3307,-6.26018,0,0,OPEN,"2025-02-22 19:57:48",1,0,{},25,15,17,8,0,8,40,25,15,17,8,0,8,40
5,dublin,"CHARLEMONT PLACE","Charlemont Street",53.3307,-6.26018,0,0,OPEN,"2025-02-22 20:07:51",1,0,{},25,15,17,8,0,8,40,25,15,17,8,0,8,40
5,dublin,"CHARLEMONT PLACE","Charlemont Street",53.3307,-6.26018,0,0,OPEN,"2025-02-22 20:14:12",1,0,{},26,14,17,9,0,9,40,26,14,17,9,0,9,40
5,dublin,"CHARLEMONT PLACE","Charlemont Street",53.3307,-6.26018,0,0,OPEN,"2025-02-22 20:18:55",1,0,{},27,13,17,10,0,10,40,27,13,17,10,0,10,40
5,dublin,"CHARLEMONT PLACE","Charlemont Street",53.3307,-6.26018,0,0,OPEN,"2025-02-22 20:20:00",1,0,{},26,14,16,10,0,10,40,26,14,16,10,0,10,40
5,dublin,"CHARLEMONT PLACE","Charlemont Street",53.3307,-6.26018,0,0,OPEN,"2025-02-22 20:27:59",1,0,{},26,14,16,10,0,10,40,26,14,16,10,0,10,40
5,dublin,"CHARLEMONT PLACE","Charlemont Street",53.3307,-6.26018,0,0,OPEN,"2025-02-22 20:38:10",1,0,{},27,13,17,10,0,10,40,27,13,17,10,0,10,40
5,dublin,"CHARLEMONT PLACE","Charlemont Street",53.3307,-6.26018,0,0,OPEN,"2025-02-22 20:41:29",1,0,{},28,12,17,11,0,11,40,28,12,17,11,0,11,40
5,dublin,"CHARLEMONT PLACE","Charlemont Street",53.3307,-6.26018,0,0,OPEN,"2025-02-22 20:48:07",1,0,{},28,12,17,11,0,11,40,28,12,17,11,0,11,40
5,dublin,"CHARLEMONT PLACE","Charlemont Street",53.3307,-6.26018,0,0,OPEN,"2025-02-22 20:53:56",1,0,{},27,13,16,11,0,11,40,27,13,16,11,0,11,40
5,dublin,"CHARLEMONT PLACE","Charlemont Street",53.3307,-6.26018,0,0,OPEN,"2025-02-22 20:58:12",1,0,{},27,13,16,11,0,11,40,27,13,16,11,0,11,40
5,dublin,"CHARLEMONT PLACE","Charlemont Street",53.3307,-6.26018,0,0,OPEN,"2025-02-22 21:08:16",1,0,{},27,13,16,11,0,11,40,27,13,16,11,0,11,40
5,dublin,"CHARLEMONT PLACE","Charlemont Street",53.3307,-6.26018,0,0,OPEN,"2025-02-22 21:18:19",1,0,{},27,13,16,11,0,11,40,27,13,16,11,0,11,40
5,dublin,"CHARLEMONT PLACE","Charlemont Street",53.3307,-6.26018,0,0,OPEN,"2025-02-22 21:21:54",1,0,{},26,14,16,10,0,10,40,26,14,16,10,0,10,40
5,dublin,"CHARLEMONT PLACE","Charlemont Street",53.3307,-6.26018,0,0,OPEN,"2025-02-22 21:28:23",1,0,{},26,14,16,10,0,10,40,26,14,16,10,0,10,40
5,dublin,"CHARLEMONT PLACE","Charlemont Street",53.3307,-6.26018,0,0,OPEN,"2025-02-22 21:32:42",1,0,{},26,14,16,10,0,10,40,26,14,16,10,0,10,40
5,dublin,"CHARLEMONT PLACE","Charlemont Street",53.3307,-6.26018,0,0,OPEN,"2025-02-22 21:38:30",1,0,{},25,15,15,10,0,10,40,25,15,15,10,0,10,40
5,dublin,"CHARLEMONT PLACE","Charlemont Street",53.3307,-6.26018,0,0,OPEN,"2025-02-22 21:48:32",1,0,{},25,15,15,10,0,10,40,25,15,15,10,0,10,40
5,dublin,"CHARLEMONT PLACE","Charlemont Street",53.3307,-6.26018,0,0,OPEN,"2025-02-22 21:52:15",1,0,{},26,14,15,11,0,11,40,26,14,15,11,0,11,40
5,dublin,"CHARLEMONT PLACE","Charlemont Street",53.3307,-6.26018,0,0,OPEN,"2025-02-22 21:58:37",1,0,{},27,13,16,11,0,11,40,27,13,16,11,0,11,40
5,dublin,"CHARLEMONT PLACE","Charlemont Street",53.3307,-6.26018,0,0,OPEN,"2025-02-22 22:08:40",1,0,{},27,13,16,11,0,11,40,27,13,16,11,0,11,40
6,dublin,"CHRISTCHURCH PLACE","Christchurch Place",53.3434,-6.27012,0,0,OPEN,"2025-02-22 02:59:34",1,0,{},19,1,14,5,0,5,20,19,1,14,5,0,5,20
6,dublin,"CHRISTCHURCH PLACE","Christchurch Place",53.3434,-6.27012,0,0,OPEN,"2025-02-22 03:09:39",1,0,{},19,1,14,5,0,5,20,19,1,14,5,0,5,20
6,dublin,"CHRISTCHURCH PLACE","Christchurch Place",53.3434,-6.27012,0,0,OPEN,"2025-02-22 03:15:25",1,0,{},19,1,14,5,0,5,20,19,1,14,5,0,5,20
6,dublin,"CHRISTCHURCH PLACE","Christchurch Place",53.3434,-6.27012,0,0,OPEN,"2025-02-22 03:16:25",1,0,{},19,1,14,5,0,5,20,19,1,14,5,0,5,20
6,dublin,"CHRISTCHURCH PLACE","Christchurch Place",53.3434,-6.27012,0,0,OPEN,"2025-02-22 10:09:49",1,0,{},14,6,13,1,0,1,20,14,6,13,1,0,1,20
6,dublin,"CHRISTCHURCH PLACE","Christchurch Place",53.3434,-6.27012,0,0,OPEN,"2025-02-22 10:20:58",1,0,{},15,5,14,1,0,1,20,15,5,14,1,0,1,20
6,dublin,"CHRISTCHURCH PLACE","Christchurch Place",53.3434,-6.27012,0,0,OPEN,"2025-02-22 10:30:01",1,0,{},15,5,14,1,0,1,20,15,5,14,1,0,1,20
6,dublin,"CHRISTCHURCH PLACE","Christchurch Place",53.3434,-6.27012,0,0,OPEN,"2025-02-22 10:36:02",1,0,{},16,4,14,2,0,2,20,16,4,14,2,0,2,20
6,dublin,"CHRISTCHURCH PLACE","Christchurch Place",53.3434,-6.27012,0,0,OPEN,"2025-02-22 10:40:06",1,0,{},16,4,14,2,0,2,20,16,4,14,2,0,2,20
6,dublin,"CHRISTCHURCH PLACE","Christchurch Place",53.3434,-6.27012,0,0,OPEN,"2025-02-22 10:51:08",1,0,{},15,5,13,2,0,2,20,15,5,13,2,0,2,20
6,dublin,"CHRISTCHURCH PLACE","Christchurch Place",53.3434,-6.27012,0,0,OPEN,"2025-02-22 11:02:13",1,0,{},14,6,12,2,0,2,20,14,6,12,2,0,2,20
6,dublin,"CHRISTCHURCH PLACE","Christchurch Place",53.3434,-6.27012,0,0,OPEN,"2025-02-22 11:10:26",1,0,{},14,6,12,2,0,2,20,14,6,12,2,0,2,20
6,dublin,"CHRISTCHURCH PLACE","Christchurch Place",53.3434,-6.27012,0,0,OPEN,"2025-02-22 11:20:32",1,0,{},14,6,12,2,0,2,20,14,6,12,2,0,2,20
6,dublin,"CHRISTCHURCH PLACE","Christchurch Place",53.3434,-6.27012,0,0,OPEN,"2025-02-22 11:30:37",1,0,{},14,6,12,2,0,2,20,14,6,12,2,0,2,20
6,dublin,"CHRISTCHURCH PLACE","Christchurch Place",53.3434,-6.27012,0,0,OPEN,"2025-02-22 11:40:44",1,0,{},13,7,11,2,0,2,20,13,7,11,2,0,2,20
6,dublin,"CHRISTCHURCH PLACE","Christchurch Place",53.3434,-6.27012,0,0,OPEN,"2025-02-22 11:50:49",1,0,{},13,7,11,2,0,2,20,13,7,11,2,0,2,20
6,dublin,"CHRISTCHURCH PLACE","Christchurch Place",53.3434,-6.27012,0,0,OPEN,"2025-02-22 12:00:55",1,0,{},14,6,12,2,0,2,20,14,6,12,2,0,2,20
6,dublin,"CHRISTCHURCH PLACE","Christchurch Place",53.3434,-6.27012,0,0,OPEN,"2025-02-22 12:11:00",1,0,{},14,6,12,2,0,2,20,14,6,12,2,0,2,20
6,dublin,"CHRISTCHURCH PLACE","Christchurch Place",53.3434,-6.27012,0,0,OPEN,"2025-02-22 12:21:06",1,0,{},14,6,12,2,0,2,20,14,6,12,2,0,2,20
6,dublin,"CHRISTCHURCH PLACE","Christchurch Place",53.3434,-6.27012,0,0,OPEN,"2025-02-22 12:31:11",1,0,{},14,6,12,2,0,2,20,14,6,12,2,0,2,20
6,dublin,"CHRISTCHURCH PLACE","Christchurch Place",53.3434,-6.27012,0,0,OPEN,"2025-02-22 12:41:17",1,0,{},14,6,12,2,0,2,20,14,6,12,2,0,2,20
6,dublin,"CHRISTCHURCH PLACE","Christchurch Place",53.3434,-6.27012,0,0,OPEN,"2025-02-22 12:51:22",1,0,{},14,6,12,2,0,2,20,14,6,12,2,0,2,20
6,dublin,"CHRISTCHURCH PLACE","Christchurch Place",53.3434,-6.27012,0,0,OPEN,"2025-02-22 13:01:27",1,0,{},14,6,12,2,0,2,20,14,6,12,2,0,2,20
6,dublin,"CHRISTCHURCH PLACE","Christchurch Place",53.3434,-6.27012,0,0,OPEN,"2025-02-22 13:11:33",1,0,{},13,7,11,2,0,2,20,13,7,11,2,0,2,20
6,dublin,"CHRISTCHURCH PLACE","Christchurch Place",53.3434,-6.27012,0,0,OPEN,"2025-02-22 13:21:39",1,0,{},13,7,11,2,0,2,20,13,7,11,2,0,2,20
6,dublin,"CHRISTCHURCH PLACE","Christchurch Place",53.3434,-6.27012,0,0,OPEN,"2025-02-22 13:31:45",1,0,{},13,7,11,2,0,2,20,13,7,11,2,0,2,20
6,dublin,"CHRISTCHURCH PLACE","Christchurch Place",53.3434,-6.27012,0,0,OPEN,"2025-02-22 13:36:38",1,0,{},12,8,10,2,0,2,20,12,8,10,2,0,2,20
6,dublin,"CHRISTCHURCH PLACE","Christchurch Place",53.3434,-6.27012,0,0,OPEN,"2025-02-22 13:42:42",1,0,{},13,7,10,3,0,3,20,13,7,10,3,0,3,20
6,dublin,"CHRISTCHURCH PLACE","Christchurch Place",53.3434,-6.27012,0,0,OPEN,"2025-02-22 13:47:47",1,0,{},12,8,9,3,0,3,20,12,8,9,3,0,3,20
6,dublin,"CHRISTCHURCH PLACE","Christchurch Place",53.3434,-6.27012,0,0,OPEN,"2025-02-22 13:52:03",1,0,{},12,8,9,3,0,3,20,12,8,9,3,0,3,20
6,dublin,"CHRISTCHURCH PLACE","Christchurch Place",53.3434,-6.27012,0,0,OPEN,"2025-02-22 13:55:19",1,0,{},11,9,8,3,0,3,20,11,9,8,3,0,3,20
6,dublin,"CHRISTCHURCH PLACE","Christchurch Place",53.3434,-6.27012,0,0,OPEN,"2025-02-22 14:02:10",1,0,{},11,9,8,3,0,3,20,11,9,8,3,0,3,20
6,dublin,"CHRISTCHURCH PLACE","Christchurch Place",53.3434,-6.27012,0,0,OPEN,"2025-02-22 14:12:16",1,0,{},11,9,8,3,0,3,20,11,9,8,3,0,3,20
6,dublin,"CHRISTCHURCH PLACE","Christchurch Place",53.3434,-6.27012,0,0,OPEN,"2025-02-22 14:17:14",1,0,{},10,10,7,3,0,3,20,10,10,7,3,0,3,20
6,dublin,"CHRISTCHURCH PLACE","Christchurch Place",53.3434,-6.27012,0,0,OPEN,"2025-02-22 14:22:22",1,0,{},10,10,7,3,0,3,20,10,10,7,3,0,3,20
6,dublin,"CHRISTCHURCH PLACE","Christchurch Place",53.3434,-6.27012,0,0,OPEN,"2025-02-22 14:32:27",1,0,{},10,10,7,3,0,3,20,10,10,7,3,0,3,20
6,dublin,"CHRISTCHURCH PLACE","Christchurch Place",53.3434,-6.27012,0,0,OPEN,"2025-02-22 14:42:33",1,0,{},10,10,7,3,0,3,20,10,10,7,3,0,3,20
6,dublin,"CHRISTCHURCH PLACE","Christchurch Place",53.3434,-6.27012,0,0,OPEN,"2025-02-22 14:52:38",1,0,{},10,10,7,3,0,3,20,10,10,7,3,0,3,20
6,dublin,"CHRISTCHURCH PLACE","Christchurch Place",53.3434,-6.27012,0,0,OPEN,"2025-02-22 14:55:04",1,0,{},11,9,8,3,0,3,20,11,9,8,3,0,3,20
6,dublin,"CHRISTCHURCH PLACE","Christchurch Place",53.3434,-6.27012,0,0,OPEN,"2025-02-22 15:02:46",1,0,{},10,10,7,3,0,3,20,10,10,7,3,0,3,20
6,dublin,"CHRISTCHURCH PLACE","Christchurch Place",53.3434,-6.27012,0,0,OPEN,"2025-02-22 15:12:54",1,0,{},8,12,7,1,0,1,20,8,12,7,1,0,1,20
6,dublin,"CHRISTCHURCH PLACE","Christchurch Place",53.3434,-6.27012,0,0,OPEN,"2025-02-22 15:23:00",1,0,{},9,11,8,1,0,1,20,9,11,8,1,0,1,20
6,dublin,"CHRISTCHURCH PLACE","Christchurch Place",53.3434,-6.27012,0,0,OPEN,"2025-02-22 15:33:05",1,0,{},13,7,12,1,0,1,20,13,7,12,1,0,1,20
6,dublin,"CHRISTCHURCH PLACE","Christchurch Place",53.3434,-6.27012,0,0,OPEN,"2025-02-22 15:36:03",1,0,{},17,3,15,2,0,2,20,17,3,15,2,0,2,20
6,dublin,"CHRISTCHURCH PLACE","Christchurch Place",53.3434,-6.27012,0,0,OPEN,"2025-02-22 15:43:09",1,0,{},17,3,15,2,0,2,20,17,3,15,2,0,2,20
6,dublin,"CHRISTCHURCH PLACE","Christchurch Place",53.3434,-6.27012,0,0,OPEN,"2025-02-22 15:44:31",1,0,{},20,0,16,4,0,4,20,20,0,16,4,0,4,20
6,dublin,"CHRISTCHURCH PLACE","Christchurch Place",53.3434,-6.27012,0,0,OPEN,"2025-02-22 15:53:15",1,0,{},20,0,16,4,0,4,20,20,0,16,4,0,4,20
6,dublin,"CHRISTCHURCH PLACE","Christchurch Place",53.3434,-6.27012,0,0,OPEN,"2025-02-22 15:56:43",1,0,{},19,1,15,4,0,4,20,19,1,15,4,0,4,20
6,dublin,"CHRISTCHURCH PLACE","Christchurch Place",53.3434,-6.27012,0,0,OPEN,"2025-02-22 16:03:21",1,0,{},20,0,16,4,0,4,20,20,0,16,4,0,4,20
6,dublin,"CHRISTCHURCH PLACE","Christchurch Place",53.3434,-6.27012,0,0,OPEN,"2025-02-22 16:13:27",1,0,{},20,0,16,4,0,4,20,20,0,16,4,0,4,20
6,dublin,"CHRISTCHURCH PLACE","Christchurch Place",53.3434,-6.27012,0,0,OPEN,"2025-02-22 16:23:32",1,0,{},20,0,16,4,0,4,20,20,0,16,4,0,4,20
6,dublin,"CHRISTCHURCH PLACE","Christchurch Place",53.3434,-6.27012,0,0,OPEN,"2025-02-22 16:33:00",1,0,{},18,2,15,3,0,3,20,18,2,15,3,0,3,20
6,dublin,"CHRISTCHURCH PLACE","Christchurch Place",53.3434,-6.27012,0,0,OPEN,"2025-02-22 16:33:40",1,0,{},18,2,15,3,0,3,20,18,2,15,3,0,3,20
6,dublin,"CHRISTCHURCH PLACE","Christchurch Place",53.3434,-6.27012,0,0,OPEN,"2025-02-22 16:43:45",1,0,{},18,2,15,3,0,3,20,18,2,15,3,0,3,20
6,dublin,"CHRISTCHURCH PLACE","Christchurch Place",53.3434,-6.27012,0,0,OPEN,"2025-02-22 16:57:58",1,0,{},19,1,15,4,0,4,20,19,1,15,4,0,4,20
6,dublin,"CHRISTCHURCH PLACE","Christchurch Place",53.3434,-6.27012,0,0,OPEN,"2025-02-22 16:59:47",1,0,{},18,2,14,4,0,4,20,18,2,14,4,0,4,20
6,dublin,"CHRISTCHURCH PLACE","Christchurch Place",53.3434,-6.27012,0,0,OPEN,"2025-02-22 17:04:03",1,0,{},18,2,14,4,0,4,20,18,2,14,4,0,4,20
6,dublin,"CHRISTCHURCH PLACE","Christchurch Place",53.3434,-6.27012,0,0,OPEN,"2025-02-22 17:12:23",1,0,{},19,1,15,4,0,4,20,19,1,15,4,0,4,20
6,dublin,"CHRISTCHURCH PLACE","Christchurch Place",53.3434,-6.27012,0,0,OPEN,"2025-02-22 17:18:09",1,0,{},17,3,13,4,0,4,20,17,3,13,4,0,4,20
6,dublin,"CHRISTCHURCH PLACE","Christchurch Place",53.3434,-6.27012,0,0,OPEN,"2025-02-22 17:19:33",1,0,{},18,2,14,4,0,4,20,18,2,14,4,0,4,20
6,dublin,"CHRISTCHURCH PLACE","Christchurch Place",53.3434,-6.27012,0,0,OPEN,"2025-02-22 17:26:49",1,0,{},19,1,14,5,0,5,20,19,1,14,5,0,5,20
6,dublin,"CHRISTCHURCH PLACE","Christchurch Place",53.3434,-6.27012,0,0,OPEN,"2025-02-22 17:30:57",1,0,{},20,0,15,5,0,5,20,20,0,15,5,0,5,20
6,dublin,"CHRISTCHURCH PLACE","Christchurch Place",53.3434,-6.27012,0,0,OPEN,"2025-02-22 17:34:20",1,0,{},20,0,15,5,0,5,20,20,0,15,5,0,5,20
6,dublin,"CHRISTCHURCH PLACE","Christchurch Place",53.3434,-6.27012,0,0,OPEN,"2025-02-22 17:41:21",1,0,{},19,1,15,4,0,4,20,19,1,15,4,0,4,20
6,dublin,"CHRISTCHURCH PLACE","Christchurch Place",53.3434,-6.27012,0,0,OPEN,"2025-02-22 17:44:27",1,0,{},19,1,15,4,0,4,20,19,1,15,4,0,4,20
6,dublin,"CHRISTCHURCH PLACE","Christchurch Place",53.3434,-6.27012,0,0,OPEN,"2025-02-22 17:51:12",1,0,{},12,8,11,1,0,1,20,12,8,11,1,0,1,20
6,dublin,"CHRISTCHURCH PLACE","Christchurch Place",53.3434,-6.27012,0,0,OPEN,"2025-02-22 17:54:43",1,0,{},12,8,11,1,0,1,20,12,8,11,1,0,1,20
6,dublin,"CHRISTCHURCH PLACE","Christchurch Place",53.3434,-6.27012,0,0,OPEN,"2025-02-22 18:04:48",1,0,{},12,8,11,1,0,1,20,12,8,11,1,0,1,20
6,dublin,"CHRISTCHURCH PLACE","Christchurch Place",53.3434,-6.27012,0,0,OPEN,"2025-02-22 18:17:03",1,0,{},14,6,12,2,0,2,20,14,6,12,2,0,2,20
6,dublin,"CHRISTCHURCH PLACE","Christchurch Place",53.3434,-6.27012,0,0,OPEN,"2025-02-22 18:25:00",1,0,{},14,6,12,2,0,2,20,14,6,12,2,0,2,20
6,dublin,"CHRISTCHURCH PLACE","Christchurch Place",53.3434,-6.27012,0,0,OPEN,"2025-02-22 18:32:35",1,0,{},13,7,11,2,0,2,20,13,7,11,2,0,2,20
6,dublin,"CHRISTCHURCH PLACE","Christchurch Place",53.3434,-6.27012,0,0,OPEN,"2025-02-22 18:35:08",1,0,{},13,7,11,2,0,2,20,13,7,11,2,0,2,20
6,dublin,"CHRISTCHURCH PLACE","Christchurch Place",53.3434,-6.27012,0,0,OPEN,"2025-02-22 18:41:39",1,0,{},12,8,10,2,0,2,20,12,8,10,2,0,2,20
6,dublin,"CHRISTCHURCH PLACE","Christchurch Place",53.3434,-6.27012,0,0,OPEN,"2025-02-22 18:45:15",1,0,{},12,8,10,2,0,2,20,12,8,10,2,0,2,20
6,dublin,"CHRISTCHURCH PLACE","Christchurch Place",53.3434,-6.27012,0,0,OPEN,"2025-02-22 18:55:20",1,0,{},12,8,10,2,0,2,20,12,8,10,2,0,2,20
6,dublin,"CHRISTCHURCH PLACE","Christchurch Place",53.3434,-6.27012,0,0,OPEN,"2025-02-22 19:08:16",1,0,{},11,9,9,2,0,2,20,11,9,9,2,0,2,20
6,dublin,"CHRISTCHURCH PLACE","Christchurch Place",53.3434,-6.27012,0,0,OPEN,"2025-02-22 19:14:18",1,0,{},14,6,12,2,0,2,20,14,6,12,2,0,2,20
6,dublin,"CHRISTCHURCH PLACE","Christchurch Place",53.3434,-6.27012,0,0,OPEN,"2025-02-22 19:15:32",1,0,{},14,6,12,2,0,2,20,14,6,12,2,0,2,20
6,dublin,"CHRISTCHURCH PLACE","Christchurch Place",53.3434,-6.27012,0,0,OPEN,"2025-02-22 19:25:45",1,0,{},15,5,13,2,0,2,20,15,5,13,2,0,2,20
6,dublin,"CHRISTCHURCH PLACE","Christchurch Place",53.3434,-6.27012,0,0,OPEN,"2025-02-22 19:30:36",1,0,{},14,6,12,2,0,2,20,14,6,12,2,0,2,20
6,dublin,"CHRISTCHURCH PLACE","Christchurch Place",53.3434,-6.27012,0,0,OPEN,"2025-02-22 19:38:27",1,0,{},15,5,13,2,0,2,20,15,5,13,2,0,2,20
6,dublin,"CHRISTCHURCH PLACE","Christchurch Place",53.3434,-6.27012,0,0,OPEN,"2025-02-22 19:44:03",1,0,{},14,6,12,2,0,2,20,14,6,12,2,0,2,20
6,dublin,"CHRISTCHURCH PLACE","Christchurch Place",53.3434,-6.27012,0,0,OPEN,"2025-02-22 19:45:52",1,0,{},14,6,12,2,0,2,20,14,6,12,2,0,2,20
6,dublin,"CHRISTCHURCH PLACE","Christchurch Place",53.3434,-6.27012,0,0,OPEN,"2025-02-22 19:55:57",1,0,{},14,6,12,2,0,2,20,14,6,12,2,0,2,20
6,dublin,"CHRISTCHURCH PLACE","Christchurch Place",53.3434,-6.27012,0,0,OPEN,"2025-02-22 20:06:02",1,0,{},14,6,12,2,0,2,20,14,6,12,2,0,2,20
6,dublin,"CHRISTCHURCH PLACE","Christchurch Place",53.3434,-6.27012,0,0,OPEN,"2025-02-22 20:16:07",1,0,{},14,6,12,2,0,2,20,14,6,12,2,0,2,20
6,dublin,"CHRISTCHURCH PLACE","Christchurch Place",53.3434,-6.27012,0,0,OPEN,"2025-02-22 20:26:12",1,0,{},14,6,12,2,0,2,20,14,6,12,2,0,2,20
6,dublin,"CHRISTCHURCH PLACE","Christchurch Place",53.3434,-6.27012,0,0,OPEN,"2025-02-22 20:36:18",1,0,{},14,6,12,2,0,2,20,14,6,12,2,0,2,20
6,dublin,"CHRISTCHURCH PLACE","Christchurch Place",53.3434,-6.27012,0,0,OPEN,"2025-02-22 20:43:59",1,0,{},15,5,13,2,0,2,20,15,5,13,2,0,2,20
6,dublin,"CHRISTCHURCH PLACE","Christchurch Place",53.3434,-6.27012,0,0,OPEN,"2025-02-22 20:46:24",1,0,{},15,5,13,2,0,2,20,15,5,13,2,0,2,20
6,dublin,"CHRISTCHURCH PLACE","Christchurch Place",53.3434,-6.27012,0,0,OPEN,"2025-02-22 20:56:56",1,0,{},17,3,13,4,0,4,20,17,3,13,4,0,4,20
6,dublin,"CHRISTCHURCH PLACE","Christchurch Place",53.3434,-6.27012,0,0,OPEN,"2025-02-22 21:04:27",1,0,{},17,3,13,4,0,4,20,17,3,13,4,0,4,20
6,dublin,"CHRISTCHURCH PLACE","Christchurch Place",53.3434,-6.27012,0,0,OPEN,"2025-02-22 21:06:35",1,0,{},18,2,14,4,0,4,20,18,2,14,4,0,4,20
6,dublin,"CHRISTCHURCH PLACE","Christchurch Place",53.3434,-6.27012,0,0,OPEN,"2025-02-22 21:14:02",1,0,{},19,1,15,4,0,4,20,19,1,15,4,0,4,20
6,dublin,"CHRISTCHURCH PLACE","Christchurch Place",53.3434,-6.27012,0,0,OPEN,"2025-02-22 21:16:41",1,0,{},19,1,15,4,0,4,20,19,1,15,4,0,4,20
6,dublin,"CHRISTCHURCH PLACE","Christchurch Place",53.3434,-6.27012,0,0,OPEN,"2025-02-22 21:24:12",1,0,{},18,2,15,3,0,3,20,18,2,15,3,0,3,20
6,dublin,"CHRISTCHURCH PLACE","Christchurch Place",53.3434,-6.27012,0,0,OPEN,"2025-02-22 21:26:48",1,0,{},18,2,15,3,0,3,20,18,2,15,3,0,3,20
6,dublin,"CHRISTCHURCH PLACE","Christchurch Place",53.3434,-6.27012,0,0,OPEN,"2025-02-22 21:32:04",1,0,{},16,4,13,3,0,3,20,16,4,13,3,0,3,20
6,dublin,"CHRISTCHURCH PLACE","Christchurch Place",53.3434,-6.27012,0,0,OPEN,"2025-02-22 21:36:55",1,0,{},16,4,13,3,0,3,20,16,4,13,3,0,3,20
6,dublin,"CHRISTCHURCH PLACE","Christchurch Place",53.3434,-6.27012,0,0,OPEN,"2025-02-22 21:47:00",1,0,{},16,4,13,3,0,3,20,16,4,13,3,0,3,20
6,dublin,"CHRISTCHURCH PLACE","Christchurch Place",53.3434,-6.27012,0,0,OPEN,"2025-02-22 21:57:06",1,0,{},16,4,13,3,0,3,20,16,4,13,3,0,3,20
6,dublin,"CHRISTCHURCH PLACE","Christchurch Place",53.3434,-6.27012,0,0,OPEN,"2025-02-22 22:07:52",1,0,{},15,5,12,3,0,3,20,15,5,12,3,0,3,20
6,dublin,"CHRISTCHURCH PLACE","Christchurch Place",53.3434,-6.27012,0,0,OPEN,"2025-02-22 22:12:54",1,0,{},15,5,13,2,0,2,20,15,5,13,2,0,2,20
6,dublin,"CHRISTCHURCH PLACE","Christchurch Place",53.3434,-6.27012,0,0,OPEN,"2025-02-22 22:17:20",1,0,{},15,5,13,2,0,2,20,15,5,13,2,0,2,20
7,dublin,"HIGH STREET","High Street",53.3436,-6.27507,0,0,OPEN,"2025-02-22 02:59:57",1,0,{},14,15,12,2,0,2,29,14,15,12,2,0,2,29
7,dublin,"HIGH STREET","High Street",53.3436,-6.27507,0,0,OPEN,"2025-02-22 03:10:02",1,0,{},14,15,12,2,0,2,29,14,15,12,2,0,2,29
7,dublin,"HIGH STREET","High Street",53.3436,-6.27507,0,0,OPEN,"2025-02-22 03:16:34",1,0,{},14,15,12,2,0,2,29,14,15,12,2,0,2,29
7,dublin,"HIGH STREET","High Street",53.3436,-6.27507,0,0,OPEN,"2025-02-22 10:09:21",1,0,{},8,21,7,1,0,1,29,8,21,7,1,0,1,29
7,dublin,"HIGH STREET","High Street",53.3436,-6.27507,0,0,OPEN,"2025-02-22 10:14:59",1,0,{},8,21,7,1,0,1,29,8,21,7,1,0,1,29
7,dublin,"HIGH STREET","High Street",53.3436,-6.27507,0,0,OPEN,"2025-02-22 10:22:45",1,0,{},9,20,8,1,0,1,29,9,20,8,1,0,1,29
7,dublin,"HIGH STREET","High Street",53.3436,-6.27507,0,0,OPEN,"2025-02-22 10:27:22",1,0,{},8,21,7,1,0,1,29,8,21,7,1,0,1,29
7,dublin,"HIGH STREET","High Street",53.3436,-6.27507,0,0,OPEN,"2025-02-22 10:33:07",1,0,{},8,21,7,1,0,1,29,8,21,7,1,0,1,29
7,dublin,"HIGH STREET","High Street",53.3436,-6.27507,0,0,OPEN,"2025-02-22 10:34:39",1,0,{},9,20,8,1,0,1,29,9,20,8,1,0,1,29
7,dublin,"HIGH STREET","High Street",53.3436,-6.27507,0,0,OPEN,"2025-02-22 10:39:36",1,0,{},9,20,8,1,0,1,29,9,20,8,1,0,1,29
7,dublin,"HIGH STREET","High Street",53.3436,-6.27507,0,0,OPEN,"2025-02-22 10:47:25",1,0,{},8,21,7,1,0,1,29,8,21,7,1,0,1,29
7,dublin,"HIGH STREET","High Street",53.3436,-6.27507,0,0,OPEN,"2025-02-22 10:52:39",1,0,{},7,22,6,1,0,1,29,7,22,6,1,0,1,29
7,dublin,"HIGH STREET","High Street",53.3436,-6.27507,0,0,OPEN,"2025-02-22 10:59:46",1,0,{},7,22,6,1,0,1,29,7,22,6,1,0,1,29
7,dublin,"HIGH STREET","High Street",53.3436,-6.27507,0,0,OPEN,"2025-02-22 11:12:12",1,0,{},7,22,6,1,0,1,29,7,22,6,1,0,1,29
7,dublin,"HIGH STREET","High Street",53.3436,-6.27507,0,0,OPEN,"2025-02-22 11:18:30",1,0,{},6,23,5,1,0,1,29,6,23,5,1,0,1,29
7,dublin,"HIGH STREET","High Street",53.3436,-6.27507,0,0,OPEN,"2025-02-22 11:19:59",1,0,{},5,24,4,1,0,1,29,5,24,4,1,0,1,29
7,dublin,"HIGH STREET","High Street",53.3436,-6.27507,0,0,OPEN,"2025-02-22 11:30:03",1,0,{},5,24,4,1,0,1,29,5,24,4,1,0,1,29
7,dublin,"HIGH STREET","High Street",53.3436,-6.27507,0,0,OPEN,"2025-02-22 11:35:55",1,0,{},3,26,2,1,0,1,29,3,26,2,1,0,1,29
7,dublin,"HIGH STREET","High Street",53.3436,-6.27507,0,0,OPEN,"2025-02-22 11:41:18",1,0,{},2,27,1,1,0,1,29,2,27,1,1,0,1,29
7,dublin,"HIGH STREET","High Street",53.3436,-6.27507,0,0,OPEN,"2025-02-22 11:50:12",1,0,{},2,27,1,1,0,1,29,2,27,1,1,0,1,29
7,dublin,"HIGH STREET","High Street",53.3436,-6.27507,0,0,OPEN,"2025-02-22 11:57:39",1,0,{},1,28,0,1,0,1,29,1,28,0,1,0,1,29
7,dublin,"HIGH STREET","High Street",53.3436,-6.27507,0,0,OPEN,"2025-02-22 12:01:16",1,0,{},2,27,1,1,0,1,29,2,27,1,1,0,1,29
7,dublin,"HIGH STREET","High Street",53.3436,-6.27507,0,0,OPEN,"2025-02-22 12:10:21",1,0,{},2,27,1,1,0,1,29,2,27,1,1,0,1,29
7,dublin,"HIGH STREET","High Street",53.3436,-6.27507,0,0,OPEN,"2025-02-22 12:16:06",1,0,{},5,24,2,3,0,3,29,5,24,2,3,0,3,29
7,dublin,"HIGH STREET","High Street",53.3436,-6.27507,0,0,OPEN,"2025-02-22 12:23:25",1,0,{},6,23,2,4,0,4,29,6,23,2,4,0,4,29
7,dublin,"HIGH STREET","High Street",53.3436,-6.27507,0,0,OPEN,"2025-02-22 12:23:35",1,0,{},7,22,3,4,0,4,29,7,22,3,4,0,4,29
7,dublin,"HIGH STREET","High Street",53.3436,-6.27507,0,0,OPEN,"2025-02-22 12:30:30",1,0,{},7,22,3,4,0,4,29,7,22,3,4,0,4,29
7,dublin,"HIGH STREET","High Street",53.3436,-6.27507,0,0,OPEN,"2025-02-22 12:40:33",1,0,{},7,22,3,4,0,4,29,7,22,3,4,0,4,29
7,dublin,"HIGH STREET","High Street",53.3436,-6.27507,0,0,OPEN,"2025-02-22 12:50:38",1,0,{},5,24,1,4,0,4,29,5,24,1,4,0,4,29
7,dublin,"HIGH STREET","High Street",53.3436,-6.27507,0,0,OPEN,"2025-02-22 12:58:00",1,0,{},5,24,1,4,0,4,29,5,24,1,4,0,4,29
7,dublin,"HIGH STREET","High Street",53.3436,-6.27507,0,0,OPEN,"2025-02-22 13:00:41",1,0,{},5,24,1,4,0,4,29,5,24,1,4,0,4,29
7,dublin,"HIGH STREET","High Street",53.3436,-6.27507,0,0,OPEN,"2025-02-22 13:10:44",1,0,{},5,24,1,4,0,4,29,5,24,1,4,0,4,29
7,dublin,"HIGH STREET","High Street",53.3436,-6.27507,0,0,OPEN,"2025-02-22 13:22:31",1,0,{},7,22,3,4,0,4,29,7,22,3,4,0,4,29
7,dublin,"HIGH STREET","High Street",53.3436,-6.27507,0,0,OPEN,"2025-02-22 13:24:07",1,0,{},8,21,3,5,0,5,29,8,21,3,5,0,5,29
7,dublin,"HIGH STREET","High Street",53.3436,-6.27507,0,0,OPEN,"2025-02-22 13:30:51",1,0,{},8,21,3,5,0,5,29,8,21,3,5,0,5,29
7,dublin,"HIGH STREET","High Street",53.3436,-6.27507,0,0,OPEN,"2025-02-22 13:38:08",1,0,{},6,23,1,5,0,5,29,6,23,1,5,0,5,29
7,dublin,"HIGH STREET","High Street",53.3436,-6.27507,0,0,OPEN,"2025-02-22 13:40:58",1,0,{},5,24,0,5,0,5,29,5,24,0,5,0,5,29
7,dublin,"HIGH STREET","High Street",53.3436,-6.27507,0,0,OPEN,"2025-02-22 13:51:04",1,0,{},4,25,0,4,0,4,29,4,25,0,4,0,4,29
7,dublin,"HIGH STREET","High Street",53.3436,-6.27507,0,0,OPEN,"2025-02-22 13:57:55",1,0,{},3,26,0,3,0,3,29,3,26,0,3,0,3,29
7,dublin,"HIGH STREET","High Street",53.3436,-6.27507,0,0,OPEN,"2025-02-22 14:03:12",1,0,{},3,26,0,3,0,3,29,3,26,0,3,0,3,29
7,dublin,"HIGH STREET","High Street",53.3436,-6.27507,0,0,OPEN,"2025-02-22 14:03:53",1,0,{},2,27,0,2,0,2,29,2,27,0,2,0,2,29
7,dublin,"HIGH STREET","High Street",53.3436,-6.27507,0,0,OPEN,"2025-02-22 14:11:15",1,0,{},2,27,0,2,0,2,29,2,27,0,2,0,2,29
7,dublin,"HIGH STREET","High Street",53.3436,-6.27507,0,0,OPEN,"2025-02-22 14:22:28",1,0,{},1,28,0,1,0,1,29,1,28,0,1,0,1,29
7,dublin,"HIGH STREET","High Street",53.3436,-6.27507,0,0,OPEN,"2025-02-22 14:31:23",1,0,{},1,28,0,1,0,1,29,1,28,0,1,0,1,29
7,dublin,"HIGH STREET","High Street",53.3436,-6.27507,0,0,OPEN,"2025-02-22 14:35:36",1,0,{},0,29,0,0,0,0,29,0,29,0,0,0,0,29
7,dublin,"HIGH STREET","High Street",53.3436,-6.27507,0,0,OPEN,"2025-02-22 14:41:27",1,0,{},0,29,0,0,0,0,29,0,29,0,0,0,0,29
7,dublin,"HIGH STREET","High Street",53.3436,-6.27507,0,0,OPEN,"2025-02-22 14:51:30",1,0,{},0,29,0,0,0,0,29,0,29,0,0,0,0,29
7,dublin,"HIGH STREET","High Street",53.3436,-6.27507,0,0,OPEN,"2025-02-22 15:01:33",1,0,{},0,29,0,0,0,0,29,0,29,0,0,0,0,29
7,dublin,"HIGH STREET","High Street",53.3436,-6.27507,0,0,OPEN,"2025-02-22 15:11:36",1,0,{},0,29,0,0,0,0,29,0,29,0,0,0,0,29
7,dublin,"HIGH STREET","High Street",53.3436,-6.27507,0,0,OPEN,"2025-02-22 15:21:40",1,0,{},0,29,0,0,0,0,29,0,29,0,0,0,0,29
7,dublin,"HIGH STREET","High Street",53.3436,-6.27507,0,0,OPEN,"2025-02-22 15:31:43",1,0,{},0,29,0,0,0,0,29,0,29,0,0,0,0,29
7,dublin,"HIGH STREET","High Street",53.3436,-6.27507,0,0,OPEN,"2025-02-22 15:41:46",1,0,{},0,29,0,0,0,0,29,0,29,0,0,0,0,29
7,dublin,"HIGH STREET","High Street",53.3436,-6.27507,0,0,OPEN,"2025-02-22 15:51:49",1,0,{},0,29,0,0,0,0,29,0,29,0,0,0,0,29
7,dublin,"HIGH STREET","High Street",53.3436,-6.27507,0,0,OPEN,"2025-02-22 16:01:52",1,0,{},0,29,0,0,0,0,29,0,29,0,0,0,0,29
7,dublin,"HIGH STREET","High Street",53.3436,-6.27507,0,0,OPEN,"2025-02-22 16:11:55",1,0,{},0,29,0,0,0,0,29,0,29,0,0,0,0,29
7,dublin,"HIGH STREET","High Street",53.3436,-6.27507,0,0,OPEN,"2025-02-22 16:21:59",1,0,{},0,29,0,0,0,0,29,0,29,0,0,0,0,29
7,dublin,"HIGH STREET","High Street",53.3436,-6.27507,0,0,OPEN,"2025-02-22 16:32:02",1,0,{},0,29,0,0,0,0,29,0,29,0,0,0,0,29
7,dublin,"HIGH STREET","High Street",53.3436,-6.27507,0,0,OPEN,"2025-02-22 16:42:05",1,0,{},0,29,0,0,0,0,29,0,29,0,0,0,0,29
7,dublin,"HIGH STREET","High Street",53.3436,-6.27507,0,0,OPEN,"2025-02-22 16:52:08",1,0,{},0,29,0,0,0,0,29,0,29,0,0,0,0,29
7,dublin,"HIGH STREET","High Street",53.3436,-6.27507,0,0,OPEN,"2025-02-22 17:02:11",1,0,{},0,29,0,0,0,0,29,0,29,0,0,0,0,29
7,dublin,"HIGH STREET","High Street",53.3436,-6.27507,0,0,OPEN,"2025-02-22 17:12:14",1,0,{},0,29,0,0,0,0,29,0,29,0,0,0,0,29
7,dublin,"HIGH STREET","High Street",53.3436,-6.27507,0,0,OPEN,"2025-02-22 17:22:17",1,0,{},0,29,0,0,0,0,29,0,29,0,0,0,0,29
7,dublin,"HIGH STREET","High Street",53.3436,-6.27507,0,0,OPEN,"2025-02-22 17:32:20",1,0,{},0,29,0,0,0,0,29,0,29,0,0,0,0,29
7,dublin,"HIGH STREET","High Street",53.3436,-6.27507,0,0,OPEN,"2025-02-22 17:37:55",1,0,{},1,28,1,0,0,0,29,1,28,1,0,0,0,29
7,dublin,"HIGH STREET","High Street",53.3436,-6.27507,0,0,OPEN,"2025-02-22 17:42:23",1,0,{},1,28,1,0,0,0,29,1,28,1,0,0,0,29
7,dublin,"HIGH STREET","High Street",53.3436,-6.27507,0,0,OPEN,"2025-02-22 17:46:14",1,0,{},0,29,0,0,0,0,29,0,29,0,0,0,0,29
7,dublin,"HIGH STREET","High Street",53.3436,-6.27507,0,0,OPEN,"2025-02-22 17:52:28",1,0,{},0,29,0,0,0,0,29,0,29,0,0,0,0,29
7,dublin,"HIGH STREET","High Street",53.3436,-6.27507,0,0,OPEN,"2025-02-22 18:02:31",1,0,{},0,29,0,0,0,0,29,0,29,0,0,0,0,29
7,dublin,"HIGH STREET","High Street",53.3436,-6.27507,0,0,OPEN,"2025-02-22 18:12:34",1,0,{},0,29,0,0,0,0,29,0,29,0,0,0,0,29
7,dublin,"HIGH STREET","High Street",53.3436,-6.27507,0,0,OPEN,"2025-02-22 18:22:38",1,0,{},0,29,0,0,0,0,29,0,29,0,0,0,0,29
7,dublin,"HIGH STREET","High Street",53.3436,-6.27507,0,0,OPEN,"2025-02-22 18:32:41",1,0,{},0,29,0,0,0,0,29,0,29,0,0,0,0,29
7,dublin,"HIGH STREET","High Street",53.3436,-6.27507,0,0,OPEN,"2025-02-22 18:42:44",1,0,{},0,29,0,0,0,0,29,0,29,0,0,0,0,29
7,dublin,"HIGH STREET","High Street",53.3436,-6.27507,0,0,OPEN,"2025-02-22 18:52:47",1,0,{},0,29,0,0,0,0,29,0,29,0,0,0,0,29
7,dublin,"HIGH STREET","High Street",53.3436,-6.27507,0,0,OPEN,"2025-02-22 19:02:49",1,0,{},1,28,0,1,0,1,29,1,28,0,1,0,1,29
7,dublin,"HIGH STREET","High Street",53.3436,-6.27507,0,0,OPEN,"2025-02-22 19:12:54",1,0,{},1,28,0,1,0,1,29,1,28,0,1,0,1,29
7,dublin,"HIGH STREET","High Street",53.3436,-6.27507,0,0,OPEN,"2025-02-22 19:16:16",1,0,{},0,29,0,0,0,0,29,0,29,0,0,0,0,29
7,dublin,"HIGH STREET","High Street",53.3436,-6.27507,0,0,OPEN,"2025-02-22 19:22:59",1,0,{},0,29,0,0,0,0,29,0,29,0,0,0,0,29
7,dublin,"HIGH STREET","High Street",53.3436,-6.27507,0,0,OPEN,"2025-02-22 19:33:03",1,0,{},0,29,0,0,0,0,29,0,29,0,0,0,0,29
7,dublin,"HIGH STREET","High Street",53.3436,-6.27507,0,0,OPEN,"2025-02-22 19:43:06",1,0,{},0,29,0,0,0,0,29,0,29,0,0,0,0,29
7,dublin,"HIGH STREET","High Street",53.3436,-6.27507,0,0,OPEN,"2025-02-22 19:53:09",1,0,{},0,29,0,0,0,0,29,0,29,0,0,0,0,29
7,dublin,"HIGH STREET","High Street",53.3436,-6.27507,0,0,OPEN,"2025-02-22 19:56:33",1,0,{},1,28,0,1,0,1,29,1,28,0,1,0,1,29
7,dublin,"HIGH STREET","High Street",53.3436,-6.27507,0,0,OPEN,"2025-02-22 20:03:12",1,0,{},1,28,0,1,0,1,29,1,28,0,1,0,1,29
7,dublin,"HIGH STREET","High Street",53.3436,-6.27507,0,0,OPEN,"2025-02-22 20:13:15",1,0,{},1,28,0,1,0,1,29,1,28,0,1,0,1,29
7,dublin,"HIGH STREET","High Street",53.3436,-6.27507,0,0,OPEN,"2025-02-22 20:23:18",1,0,{},1,28,0,1,0,1,29,1,28,0,1,0,1,29
7,dublin,"HIGH STREET","High Street",53.3436,-6.27507,0,0,OPEN,"2025-02-22 20:33:21",1,0,{},1,28,0,1,0,1,29,1,28,0,1,0,1,29
7,dublin,"HIGH STREET","High Street",53.3436,-6.27507,0,0,OPEN,"2025-02-22 20:43:25",1,0,{},0,29,0,0,0,0,29,0,29,0,0,0,0,29
7,dublin,"HIGH STREET","High Street",53.3436,-6.27507,0,0,OPEN,"2025-02-22 20:45:40",1,0,{},2,27,1,1,0,1,29,2,27,1,1,0,1,29
7,dublin,"HIGH STREET","High Street",53.3436,-6.27507,0,0,OPEN,"2025-02-22 20:53:29",1,0,{},2,27,1,1,0,1,29,2,27,1,1,0,1,29
7,dublin,"HIGH STREET","High Street",53.3436,-6.27507,0,0,OPEN,"2025-02-22 21:03:32",1,0,{},2,27,1,1,0,1,29,2,27,1,1,0,1,29
7,dublin,"HIGH STREET","High Street",53.3436,-6.27507,0,0,OPEN,"2025-02-22 21:13:36",1,0,{},2,27,1,1,0,1,29,2,27,1,1,0,1,29
7,dublin,"HIGH STREET","High Street",53.3436,-6.27507,0,0,OPEN,"2025-02-22 21:23:38",1,0,{},2,27,1,1,0,1,29,2,27,1,1,0,1,29
7,dublin,"HIGH STREET","High Street",53.3436,-6.27507,0,0,OPEN,"2025-02-22 21:33:40",1,0,{},2,27,1,1,0,1,29,2,27,1,1,0,1,29
7,dublin,"HIGH STREET","High Street",53.3436,-6.27507,0,0,OPEN,"2025-02-22 21:43:43",1,0,{},2,27,1,1,0,1,29,2,27,1,1,0,1,29
7,dublin,"HIGH STREET","High Street",53.3436,-6.27507,0,0,OPEN,"2025-02-22 21:53:48",1,0,{},1,28,0,1,0,1,29,1,28,0,1,0,1,29
7,dublin,"HIGH STREET","High Street",53.3436,-6.27507,0,0,OPEN,"2025-02-22 22:03:51",1,0,{},1,28,0,1,0,1,29,1,28,0,1,0,1,29
7,dublin,"HIGH STREET","High Street",53.3436,-6.27507,0,0,OPEN,"2025-02-22 22:13:56",1,0,{},0,29,0,0,0,0,29,0,29,0,0,0,0,29
8,dublin,"CUSTOM HOUSE QUAY","Custom House Quay",53.3479,-6.24805,0,0,OPEN,"2025-02-22 02:52:40",1,0,{},16,14,14,2,0,2,30,16,14,14,2,0,2,30
8,dublin,"CUSTOM HOUSE QUAY","Custom House Quay",53.3479,-6.24805,0,0,OPEN,"2025-02-22 03:12:50",1,0,{},16,14,14,2,0,2,30,16,14,14,2,0,2,30
8,dublin,"CUSTOM HOUSE QUAY","Custom House Quay",53.3479,-6.24805,0,0,OPEN,"2025-02-22 10:13:13",1,0,{},16,14,14,2,0,2,30,16,14,14,2,0,2,30
8,dublin,"CUSTOM HOUSE QUAY","Custom House Quay",53.3479,-6.24805,0,0,OPEN,"2025-02-22 10:20:30",1,0,{},15,15,13,2,0,2,30,15,15,13,2,0,2,30
8,dublin,"CUSTOM HOUSE QUAY","Custom House Quay",53.3479,-6.24805,0,0,OPEN,"2025-02-22 10:32:02",1,0,{},16,14,13,3,0,3,30,16,14,13,3,0,3,30
8,dublin,"CUSTOM HOUSE QUAY","Custom House Quay",53.3479,-6.24805,0,0,OPEN,"2025-02-22 10:40:40",1,0,{},16,14,13,3,0,3,30,16,14,13,3,0,3,30
8,dublin,"CUSTOM HOUSE QUAY","Custom House Quay",53.3479,-6.24805,0,0,OPEN,"2025-02-22 10:43:47",1,0,{},15,15,13,2,0,2,30,15,15,13,2,0,2,30
8,dublin,"CUSTOM HOUSE QUAY","Custom House Quay",53.3479,-6.24805,0,0,OPEN,"2025-02-22 10:50:47",1,0,{},15,15,13,2,0,2,30,15,15,13,2,0,2,30
8,dublin,"CUSTOM HOUSE QUAY","Custom House Quay",53.3479,-6.24805,0,0,OPEN,"2025-02-22 10:56:55",1,0,{},16,14,13,3,0,3,30,16,14,13,3,0,3,30
8,dublin,"CUSTOM HOUSE QUAY","Custom House Quay",53.3479,-6.24805,0,0,OPEN,"2025-02-22 11:00:54",1,0,{},17,13,13,4,0,4,30,17,13,13,4,0,4,30
8,dublin,"CUSTOM HOUSE QUAY","Custom House Quay",53.3479,-6.24805,0,0,OPEN,"2025-02-22 11:10:58",1,0,{},17,13,13,4,0,4,30,17,13,13,4,0,4,30
8,dublin,"CUSTOM HOUSE QUAY","Custom House Quay",53.3479,-6.24805,0,0,OPEN,"2025-02-22 11:21:02",1,0,{},17,13,13,4,0,4,30,17,13,13,4,0,4,30
8,dublin,"CUSTOM HOUSE QUAY","Custom House Quay",53.3479,-6.24805,0,0,OPEN,"2025-02-22 11:26:46",1,0,{},16,14,12,4,0,4,30,16,14,12,4,0,4,30
8,dublin,"CUSTOM HOUSE QUAY","Custom House Quay",53.3479,-6.24805,0,0,OPEN,"2025-02-22 11:31:08",1,0,{},16,14,12,4,0,4,30,16,14,12,4,0,4,30
8,dublin,"CUSTOM HOUSE QUAY","Custom House Quay",53.3479,-6.24805,0,0,OPEN,"2025-02-22 11:37:35",1,0,{},15,15,12,3,0,3,30,15,15,12,3,0,3,30
8,dublin,"CUSTOM HOUSE QUAY","Custom House Quay",53.3479,-6.24805,0,0,OPEN,"2025-02-22 11:42:40",1,0,{},16,14,10,6,0,6,30,16,14,10,6,0,6,30
8,dublin,"CUSTOM HOUSE QUAY","Custom House Quay",53.3479,-6.24805,0,0,OPEN,"2025-02-22 11:46:45",1,0,{},14,16,10,4,0,4,30,14,16,10,4,0,4,30
8,dublin,"CUSTOM HOUSE QUAY","Custom House Quay",53.3479,-6.24805,0,0,OPEN,"2025-02-22 11:51:24",1,0,{},15,15,10,5,0,5,30,15,15,10,5,0,5,30
8,dublin,"CUSTOM HOUSE QUAY","Custom House Quay",53.3479,-6.24805,0,0,OPEN,"2025-02-22 11:55:33",1,0,{},16,14,10,6,0,6,30,16,14,10,6,0,6,30
8,dublin,"CUSTOM HOUSE QUAY","Custom House Quay",53.3479,-6.24805,0,0,OPEN,"2025-02-22 12:01:30",1,0,{},16,14,10,6,0,6,30,16,14,10,6,0,6,30
8,dublin,"CUSTOM HOUSE QUAY","Custom House Quay",53.3479,-6.24805,0,0,OPEN,"2025-02-22 12:11:35",1,0,{},15,15,9,6,0,6,30,15,15,9,6,0,6,30
8,dublin,"CUSTOM HOUSE QUAY","Custom House Quay",53.3479,-6.24805,0,0,OPEN,"2025-02-22 12:21:40",1,0,{},15,15,9,6,0,6,30,15,15,9,6,0,6,30
8,dublin,"CUSTOM HOUSE QUAY","Custom House Quay",53.3479,-6.24805,0,0,OPEN,"2025-02-22 12:25:03",1,0,{},16,14,10,6,0,6,30,16,14,10,6,0,6,30
8,dublin,"CUSTOM HOUSE QUAY","Custom House Quay",53.3479,-6.24805,0,0,OPEN,"2025-02-22 12:31:45",1,0,{},17,13,10,7,0,7,30,17,13,10,7,0,7,30
8,dublin,"CUSTOM HOUSE QUAY","Custom House Quay",53.3479,-6.24805,0,0,OPEN,"2025-02-22 12:35:54",1,0,{},15,15,8,7,0,7,30,15,15,8,7,0,7,30
8,dublin,"CUSTOM HOUSE QUAY","Custom House Quay",53.3479,-6.24805,0,0,OPEN,"2025-02-22 12:41:51",1,0,{},15,15,8,7,0,7,30,15,15,8,7,0,7,30
8,dublin,"CUSTOM HOUSE QUAY","Custom House Quay",53.3479,-6.24805,0,0,OPEN,"2025-02-22 12:51:55",1,0,{},15,15,8,7,0,7,30,15,15,8,7,0,7,30
8,dublin,"CUSTOM HOUSE QUAY","Custom House Quay",53.3479,-6.24805,0,0,OPEN,"2025-02-22 13:01:59",1,0,{},15,15,8,7,0,7,30,15,15,8,7,0,7,30
8,dublin,"CUSTOM HOUSE QUAY","Custom House Quay",53.3479,-6.24805,0,0,OPEN,"2025-02-22 13:07:36",1,0,{},15,15,8,7,0,7,30,15,15,8,7,0,7,30
8,dublin,"CUSTOM HOUSE QUAY","Custom House Quay",53.3479,-6.24805,0,0,OPEN,"2025-02-22 13:12:05",1,0,{},15,15,8,7,0,7,30,15,15,8,7,0,7,30
8,dublin,"CUSTOM HOUSE QUAY","Custom House Quay",53.3479,-6.24805,0,0,OPEN,"2025-02-22 13:17:57",1,0,{},16,14,9,7,0,7,30,16,14,9,7,0,7,30
8,dublin,"CUSTOM HOUSE QUAY","Custom House Quay",53.3479,-6.24805,0,0,OPEN,"2025-02-22 13:22:12",1,0,{},16,14,9,7,0,7,30,16,14,9,7,0,7,30
8,dublin,"CUSTOM HOUSE QUAY","Custom House Quay",53.3479,-6.24805,0,0,OPEN,"2025-02-22 13:32:39",1,0,{},17,13,10,7,0,7,30,17,13,10,7,0,7,30
8,dublin,"CUSTOM HOUSE QUAY","Custom House Quay",53.3479,-6.24805,0,0,OPEN,"2025-02-22 13:38:09",1,0,{},16,14,9,7,0,7,30,16,14,9,7,0,7,30
8,dublin,"CUSTOM HOUSE QUAY","Custom House Quay",53.3479,-6.24805,0,0,OPEN,"2025-02-22 13:42:22",1,0,{},16,14,9,7,0,7,30,16,14,9,7,0,7,30
8,dublin,"CUSTOM HOUSE QUAY","Custom House Quay",53.3479,-6.24805,0,0,OPEN,"2025-02-22 13:45:30",1,0,{},17,13,9,8,0,8,30,17,13,9,8,0,8,30
8,dublin,"CUSTOM HOUSE QUAY","Custom House Quay",53.3479,-6.24805,0,0,OPEN,"2025-02-22 13:52:29",1,0,{},17,13,10,7,0,7,30,17,13,10,7,0,7,30
8,dublin,"CUSTOM HOUSE QUAY","Custom House Quay",53.3479,-6.24805,0,0,OPEN,"2025-02-22 14:02:33",1,0,{},17,13,10,7,0,7,30,17,13,10,7,0,7,30
8,dublin,"CUSTOM HOUSE QUAY","Custom House Quay",53.3479,-6.24805,0,0,OPEN,"2025-02-22 14:12:37",1,0,{},17,13,10,7,0,7,30,17,13,10,7,0,7,30
8,dublin,"CUSTOM HOUSE QUAY","Custom House Quay",53.3479,-6.24805,0,0,OPEN,"2025-02-22 14:22:41",1,0,{},17,13,10,7,0,7,30,17,13,10,7,0,7,30
8,dublin,"CUSTOM HOUSE QUAY","Custom House Quay",53.3479,-6.24805,0,0,OPEN,"2025-02-22 14:32:45",1,0,{},17,13,10,7,0,7,30,17,13,10,7,0,7,30
8,dublin,"CUSTOM HOUSE QUAY","Custom House Quay",53.3479,-6.24805,0,0,OPEN,"2025-02-22 14:42:49",1,0,{},17,13,10,7,0,7,30,17,13,10,7,0,7,30
8,dublin,"CUSTOM HOUSE QUAY","Custom House Quay",53.3479,-6.24805,0,0,OPEN,"2025-02-22 14:48:23",1,0,{},18,12,10,8,0,8,30,18,12,10,8,0,8,30
8,dublin,"CUSTOM HOUSE QUAY","Custom House Quay",53.3479,-6.24805,0,0,OPEN,"2025-02-22 14:53:31",1,0,{},17,13,10,7,0,7,30,17,13,10,7,0,7,30
8,dublin,"CUSTOM HOUSE QUAY","Custom House Quay",53.3479,-6.24805,0,0,OPEN,"2025-02-22 14:58:07",1,0,{},16,14,10,6,0,6,30,16,14,10,6,0,6,30
8,dublin,"CUSTOM HOUSE QUAY","Custom House Quay",53.3479,-6.24805,0,0,OPEN,"2025-02-22 15:03:06",1,0,{},16,14,10,6,0,6,30,16,14,10,6,0,6,30
8,dublin,"CUSTOM HOUSE QUAY","Custom House Quay",53.3479,-6.24805,0,0,OPEN,"2025-02-22 15:06:52",1,0,{},17,13,11,6,0,6,30,17,13,11,6,0,6,30
8,dublin,"CUSTOM HOUSE QUAY","Custom House Quay",53.3479,-6.24805,0,0,OPEN,"2025-02-22 15:13:11",1,0,{},17,13,11,6,0,6,30,17,13,11,6,0,6,30
8,dublin,"CUSTOM HOUSE QUAY","Custom House Quay",53.3479,-6.24805,0,0,OPEN,"2025-02-22 15:23:15",1,0,{},17,13,11,6,0,6,30,17,13,11,6,0,6,30
8,dublin,"CUSTOM HOUSE QUAY","Custom House Quay",53.3479,-6.24805,0,0,OPEN,"2025-02-22 15:33:20",1,0,{},17,13,11,6,0,6,30,17,13,11,6,0,6,30
8,dublin,"CUSTOM HOUSE QUAY","Custom House Quay",53.3479,-6.24805,0,0,OPEN,"2025-02-22 15:43:24",1,0,{},17,13,11,6,0,6,30,17,13,11,6,0,6,30
8,dublin,"CUSTOM HOUSE QUAY","Custom House Quay",53.3479,-6.24805,0,0,OPEN,"2025-02-22 15:53:28",1,0,{},17,13,11,6,0,6,30,17,13,11,6,0,6,30
8,dublin,"CUSTOM HOUSE QUAY","Custom House Quay",53.3479,-6.24805,0,0,OPEN,"2025-02-22 15:57:44",1,0,{},18,12,12,6,0,6,30,18,12,12,6,0,6,30
8,dublin,"CUSTOM HOUSE QUAY","Custom House Quay",53.3479,-6.24805,0,0,OPEN,"2025-02-22 16:03:32",1,0,{},18,12,12,6,0,6,30,18,12,12,6,0,6,30
8,dublin,"CUSTOM HOUSE QUAY","Custom House Quay",53.3479,-6.24805,0,0,OPEN,"2025-02-22 16:07:25",1,0,{},19,11,13,6,0,6,30,19,11,13,6,0,6,30
8,dublin,"CUSTOM HOUSE QUAY","Custom House Quay",53.3479,-6.24805,0,0,OPEN,"2025-02-22 16:14:33",1,0,{},18,12,12,6,0,6,30,18,12,12,6,0,6,30
8,dublin,"CUSTOM HOUSE QUAY","Custom House Quay",53.3479,-6.24805,0,0,OPEN,"2025-02-22 16:21:49",1,0,{},18,12,12,6,0,6,30,18,12,12,6,0,6,30
8,dublin,"CUSTOM HOUSE QUAY","Custom House Quay",53.3479,-6.24805,0,0,OPEN,"2025-02-22 16:23:43",1,0,{},18,12,12,6,0,6,30,18,12,12,6,0,6,30
8,dublin,"CUSTOM HOUSE QUAY","Custom House Quay",53.3479,-6.24805,0,0,OPEN,"2025-02-22 16:31:50",1,0,{},19,11,12,7,0,7,30,19,11,12,7,0,7,30
8,dublin,"CUSTOM HOUSE QUAY","Custom House Quay",53.3479,-6.24805,0,0,OPEN,"2025-02-22 16:36:50",1,0,{},20,10,12,8,0,8,30,20,10,12,8,0,8,30
8,dublin,"CUSTOM HOUSE QUAY","Custom House Quay",53.3479,-6.24805,0,0,OPEN,"2025-02-22 16:43:51",1,0,{},20,10,12,8,0,8,30,20,10,12,8,0,8,30
8,dublin,"CUSTOM HOUSE QUAY","Custom House Quay",53.3479,-6.24805,0,0,OPEN,"2025-02-22 16:56:43",1,0,{},19,11,11,8,0,8,30,19,11,11,8,0,8,30
8,dublin,"CUSTOM HOUSE QUAY","Custom House Quay",53.3479,-6.24805,0,0,OPEN,"2025-02-22 17:02:43",1,0,{},20,10,12,8,0,8,30,20,10,12,8,0,8,30
8,dublin,"CUSTOM HOUSE QUAY","Custom House Quay",53.3479,-6.24805,0,0,OPEN,"2025-02-22 17:04:05",1,0,{},20,10,12,8,0,8,30,20,10,12,8,0,8,30
8,dublin,"CUSTOM HOUSE QUAY","Custom House Quay",53.3479,-6.24805,0,0,OPEN,"2025-02-22 17:14:09",1,0,{},20,10,12,8,0,8,30,20,10,12,8,0,8,30
8,dublin,"CUSTOM HOUSE QUAY","Custom House Quay",53.3479,-6.24805,0,0,OPEN,"2025-02-22 17:21:16",1,0,{},18,12,12,6,0,6,30,18,12,12,6,0,6,30
8,dublin,"CUSTOM HOUSE QUAY","Custom House Quay",53.3479,-6.24805,0,0,OPEN,"2025-02-22 17:27:07",1,0,{},20,10,14,6,0,6,30,20,10,14,6,0,6,30
8,dublin,"CUSTOM HOUSE QUAY","Custom House Quay",53.3479,-6.24805,0,0,OPEN,"2025-02-22 17:31:30",1,0,{},21,9,15,6,0,6,30,21,9,15,6,0,6,30
8,dublin,"CUSTOM HOUSE QUAY","Custom House Quay",53.3479,-6.24805,0,0,OPEN,"2025-02-22 17:35:05",1,0,{},20,10,15,5,0,5,30,20,10,15,5,0,5,30
8,dublin,"CUSTOM HOUSE QUAY","Custom House Quay",53.3479,-6.24805,0,0,OPEN,"2025-02-22 17:44:26",1,0,{},20,10,15,5,0,5,30,20,10,15,5,0,5,30
8,dublin,"CUSTOM HOUSE QUAY","Custom House Quay",53.3479,-6.24805,0,0,OPEN,"2025-02-22 17:58:28",1,0,{},20,10,15,5,0,5,30,20,10,15,5,0,5,30
8,dublin,"CUSTOM HOUSE QUAY","Custom House Quay",53.3479,-6.24805,0,0,OPEN,"2025-02-22 18:04:36",1,0,{},20,10,15,5,0,5,30,20,10,15,5,0,5,30
8,dublin,"CUSTOM HOUSE QUAY","Custom House Quay",53.3479,-6.24805,0,0,OPEN,"2025-02-22 18:14:43",1,0,{},19,11,14,5,0,5,30,19,11,14,5,0,5,30
8,dublin,"CUSTOM HOUSE QUAY","Custom House Quay",53.3479,-6.24805,0,0,OPEN,"2025-02-22 18:24:47",1,0,{},19,11,14,5,0,5,30,19,11,14,5,0,5,30
8,dublin,"CUSTOM HOUSE QUAY","Custom House Quay",53.3479,-6.24805,0,0,OPEN,"2025-02-22 18:34:51",1,0,{},19,11,14,5,0,5,30,19,11,14,5,0,5,30
8,dublin,"CUSTOM HOUSE QUAY","Custom House Quay",53.3479,-6.24805,0,0,OPEN,"2025-02-22 18:44:55",1,0,{},19,11,14,5,0,5,30,19,11,14,5,0,5,30
8,dublin,"CUSTOM HOUSE QUAY","Custom House Quay",53.3479,-6.24805,0,0,OPEN,"2025-02-22 18:53:24",1,0,{},18,12,13,5,0,5,30,18,12,13,5,0,5,30
8,dublin,"CUSTOM HOUSE QUAY","Custom House Quay",53.3479,-6.24805,0,0,OPEN,"2025-02-22 18:55:01",1,0,{},18,12,13,5,0,5,30,18,12,13,5,0,5,30
8,dublin,"CUSTOM HOUSE QUAY","Custom House Quay",53.3479,-6.24805,0,0,OPEN,"2025-02-22 19:05:07",1,0,{},18,12,13,5,0,5,30,18,12,13,5,0,5,30
8,dublin,"CUSTOM HOUSE QUAY","Custom House Quay",53.3479,-6.24805,0,0,OPEN,"2025-02-22 19:15:12",1,0,{},18,12,13,5,0,5,30,18,12,13,5,0,5,30
8,dublin,"CUSTOM HOUSE QUAY","Custom House Quay",53.3479,-6.24805,0,0,OPEN,"2025-02-22 19:25:16",1,0,{},18,12,13,5,0,5,30,18,12,13,5,0,5,30
8,dublin,"CUSTOM HOUSE QUAY","Custom House Quay",53.3479,-6.24805,0,0,OPEN,"2025-02-22 19:35:20",1,0,{},18,12,13,5,0,5,30,18,12,13,5,0,5,30
8,dublin,"CUSTOM HOUSE QUAY","Custom House Quay",53.3479,-6.24805,0,0,OPEN,"2025-02-22 19:44:17",1,0,{},19,11,13,6,0,6,30,19,11,13,6,0,6,30
8,dublin,"CUSTOM HOUSE QUAY","Custom House Quay",53.3479,-6.24805,0,0,OPEN,"2025-02-22 19:45:24",1,0,{},19,11,13,6,0,6,30,19,11,13,6,0,6,30
8,dublin,"CUSTOM HOUSE QUAY","Custom House Quay",53.3479,-6.24805,0,0,OPEN,"2025-02-22 19:53:46",1,0,{},20,10,14,6,0,6,30,20,10,14,6,0,6,30
8,dublin,"CUSTOM HOUSE QUAY","Custom House Quay",53.3479,-6.24805,0,0,OPEN,"2025-02-22 19:55:28",1,0,{},20,10,14,6,0,6,30,20,10,14,6,0,6,30
8,dublin,"CUSTOM HOUSE QUAY","Custom House Quay",53.3479,-6.24805,0,0,OPEN,"2025-02-22 20:05:32",1,0,{},20,10,14,6,0,6,30,20,10,14,6,0,6,30
8,dublin,"CUSTOM HOUSE QUAY","Custom House Quay",53.3479,-6.24805,0,0,OPEN,"2025-02-22 20:15:37",1,0,{},20,10,14,6,0,6,30,20,10,14,6,0,6,30
8,dublin,"CUSTOM HOUSE QUAY","Custom House Quay",53.3479,-6.24805,0,0,OPEN,"2025-02-22 20:29:03",1,0,{},21,9,14,7,0,7,30,21,9,14,7,0,7,30
8,dublin,"CUSTOM HOUSE QUAY","Custom House Quay",53.3479,-6.24805,0,0,OPEN,"2025-02-22 20:35:46",1,0,{},21,9,14,7,0,7,30,21,9,14,7,0,7,30
8,dublin,"CUSTOM HOUSE QUAY","Custom House Quay",53.3479,-6.24805,0,0,OPEN,"2025-02-22 20:45:51",1,0,{},21,9,14,7,0,7,30,21,9,14,7,0,7,30
8,dublin,"CUSTOM HOUSE QUAY","Custom House Quay",53.3479,-6.24805,0,0,OPEN,"2025-02-22 20:55:55",1,0,{},21,9,14,7,0,7,30,21,9,14,7,0,7,30
8,dublin,"CUSTOM HOUSE QUAY","Custom House Quay",53.3479,-6.24805,0,0,OPEN,"2025-02-22 21:06:00",1,0,{},21,9,14,7,0,7,30,21,9,14,7,0,7,30
8,dublin,"CUSTOM HOUSE QUAY","Custom House Quay",53.3479,-6.24805,0,0,OPEN,"2025-02-22 21:16:04",1,0,{},21,9,14,7,0,7,30,21,9,14,7,0,7,30
8,dublin,"CUSTOM HOUSE QUAY","Custom House Quay",53.3479,-6.24805,0,0,OPEN,"2025-02-22 21:21:44",1,0,{},20,10,14,6,0,6,30,20,10,14,6,0,6,30
8,dublin,"CUSTOM HOUSE QUAY","Custom House Quay",53.3479,-6.24805,0,0,OPEN,"2025-02-22 21:26:10",1,0,{},20,10,14,6,0,6,30,20,10,14,6,0,6,30
8,dublin,"CUSTOM HOUSE QUAY","Custom House Quay",53.3479,-6.24805,0,0,OPEN,"2025-02-22 21:36:14",1,0,{},20,10,14,6,0,6,30,20,10,14,6,0,6,30
8,dublin,"CUSTOM HOUSE QUAY","Custom House Quay",53.3479,-6.24805,0,0,OPEN,"2025-02-22 21:41:39",1,0,{},20,10,14,6,0,6,30,20,10,14,6,0,6,30
8,dublin,"CUSTOM HOUSE QUAY","Custom House Quay",53.3479,-6.24805,0,0,OPEN,"2025-02-22 21:46:18",1,0,{},20,10,14,6,0,6,30,20,10,14,6,0,6,30
8,dublin,"CUSTOM HOUSE QUAY","Custom House Quay",53.3479,-6.24805,0,0,OPEN,"2025-02-22 21:53:54",1,0,{},21,9,14,7,0,7,30,21,9,14,7,0,7,30
8,dublin,"CUSTOM HOUSE QUAY","Custom House Quay",53.3479,-6.24805,0,0,OPEN,"2025-02-22 21:56:23",1,0,{},21,9,14,7,0,7,30,21,9,14,7,0,7,30
8,dublin,"CUSTOM HOUSE QUAY","Custom House Quay",53.3479,-6.24805,0,0,OPEN,"2025-02-22 22:06:27",1,0,{},21,9,14,7,0,7,30,21,9,14,7,0,7,30
8,dublin,"CUSTOM HOUSE QUAY","Custom House Quay",53.3479,-6.24805,0,0,OPEN,"2025-02-22 22:14:23",1,0,{},22,8,15,7,0,7,30,22,8,15,7,0,7,30
8,dublin,"CUSTOM HOUSE QUAY","Custom House Quay",53.3479,-6.24805,0,0,OPEN,"2025-02-22 22:16:32",1,0,{},22,8,15,7,0,7,30,22,8,15,7,0,7,30
9,dublin,"EXCHEQUER STREET","Exchequer Street",53.343,-6.26358,0,0,OPEN,"2025-02-22 02:53:15",1,0,{},5,19,1,4,0,4,24,5,19,1,4,0,4,24
9,dublin,"EXCHEQUER STREET","Exchequer Street",53.343,-6.26358,0,0,OPEN,"2025-02-22 03:13:26",1,0,{},5,19,1,4,0,4,24,5,19,1,4,0,4,24
9,dublin,"EXCHEQUER STREET","Exchequer Street",53.343,-6.26358,0,0,OPEN,"2025-02-22 10:11:55",1,0,{},24,0,13,11,0,11,24,24,0,13,11,0,11,24
9,dublin,"EXCHEQUER STREET","Exchequer Street",53.343,-6.26358,0,0,OPEN,"2025-02-22 10:21:58",1,0,{},24,0,13,11,0,11,24,24,0,13,11,0,11,24
9,dublin,"EXCHEQUER STREET","Exchequer Street",53.343,-6.26358,0,0,OPEN,"2025-02-22 10:32:01",1,0,{},24,0,13,11,0,11,24,24,0,13,11,0,11,24
9,dublin,"EXCHEQUER STREET","Exchequer Street",53.343,-6.26358,0,0,OPEN,"2025-02-22 10:42:03",1,0,{},23,1,13,10,0,10,24,23,1,13,10,0,10,24
9,dublin,"EXCHEQUER STREET","Exchequer Street",53.343,-6.26358,0,0,OPEN,"2025-02-22 10:52:06",1,0,{},24,0,14,10,0,10,24,24,0,14,10,0,10,24
9,dublin,"EXCHEQUER STREET","Exchequer Street",53.343,-6.26358,0,0,OPEN,"2025-02-22 11:02:10",1,0,{},24,0,14,10,0,10,24,24,0,14,10,0,10,24
9,dublin,"EXCHEQUER STREET","Exchequer Street",53.343,-6.26358,0,0,OPEN,"2025-02-22 11:08:27",1,0,{},15,9,9,6,0,6,24,15,9,9,6,0,6,24
9,dublin,"EXCHEQUER STREET","Exchequer Street",53.343,-6.26358,0,0,OPEN,"2025-02-22 11:12:42",1,0,{},11,13,6,5,0,5,24,11,13,6,5,0,5,24
9,dublin,"EXCHEQUER STREET","Exchequer Street",53.343,-6.26358,0,0,OPEN,"2025-02-22 11:16:07",1,0,{},5,19,3,2,0,2,24,5,19,3,2,0,2,24
9,dublin,"EXCHEQUER STREET","Exchequer Street",53.343,-6.26358,0,0,OPEN,"2025-02-22 11:22:34",1,0,{},6,18,3,3,0,3,24,6,18,3,3,0,3,24
9,dublin,"EXCHEQUER STREET","Exchequer Street",53.343,-6.26358,0,0,OPEN,"2025-02-22 11:32:33",1,0,{},6,18,3,3,0,3,24,6,18,3,3,0,3,24
9,dublin,"EXCHEQUER STREET","Exchequer Street",53.343,-6.26358,0,0,OPEN,"2025-02-22 11:35:23",1,0,{},9,15,5,4,0,4,24,9,15,5,4,0,4,24
9,dublin,"EXCHEQUER STREET","Exchequer Street",53.343,-6.26358,0,0,OPEN,"2025-02-22 11:42:38",1,0,{},11,13,7,4,0,4,24,11,13,7,4,0,4,24
9,dublin,"EXCHEQUER STREET","Exchequer Street",53.343,-6.26358,0,0,OPEN,"2025-02-22 11:47:22",1,0,{},12,12,8,4,0,4,24,12,12,8,4,0,4,24
9,dublin,"EXCHEQUER STREET","Exchequer Street",53.343,-6.26358,0,0,OPEN,"2025-02-22 11:52:42",1,0,{},14,10,10,4,0,4,24,14,10,10,4,0,4,24
9,dublin,"EXCHEQUER STREET","Exchequer Street",53.343,-6.26358,0,0,OPEN,"2025-02-22 11:53:52",1,0,{},15,9,11,4,0,4,24,15,9,11,4,0,4,24
9,dublin,"EXCHEQUER STREET","Exchequer Street",53.343,-6.26358,0,0,OPEN,"2025-02-22 12:03:32",1,0,{},16,8,12,4,0,4,24,16,8,12,4,0,4,24
9,dublin,"EXCHEQUER STREET","Exchequer Street",53.343,-6.26358,0,0,OPEN,"2025-02-22 12:08:15",1,0,{},17,7,13,4,0,4,24,17,7,13,4,0,4,24
9,dublin,"EXCHEQUER STREET","Exchequer Street",53.343,-6.26358,0,0,OPEN,"2025-02-22 12:13:32",1,0,{},19,5,14,5,0,5,24,19,5,14,5,0,5,24
9,dublin,"EXCHEQUER STREET","Exchequer Street",53.343,-6.26358,0,0,OPEN,"2025-02-22 12:14:47",1,0,{},20,4,14,6,0,6,24,20,4,14,6,0,6,24
9,dublin,"EXCHEQUER STREET","Exchequer Street",53.343,-6.26358,0,0,OPEN,"2025-02-22 12:22:56",1,0,{},20,4,15,5,0,5,24,20,4,15,5,0,5,24
9,dublin,"EXCHEQUER STREET","Exchequer Street",53.343,-6.26358,0,0,OPEN,"2025-02-22 12:28:22",1,0,{},20,4,15,5,0,5,24,20,4,15,5,0,5,24
9,dublin,"EXCHEQUER STREET","Exchequer Street",53.343,-6.26358,0,0,OPEN,"2025-02-22 12:33:01",1,0,{},20,4,15,5,0,5,24,20,4,15,5,0,5,24
9,dublin,"EXCHEQUER STREET","Exchequer Street",53.343,-6.26358,0,0,OPEN,"2025-02-22 12:38:05",1,0,{},21,3,16,5,0,5,24,21,3,16,5,0,5,24
9,dublin,"EXCHEQUER STREET","Exchequer Street",53.343,-6.26358,0,0,OPEN,"2025-02-22 12:43:07",1,0,{},21,3,16,5,0,5,24,21,3,16,5,0,5,24
9,dublin,"EXCHEQUER STREET","Exchequer Street",53.343,-6.26358,0,0,OPEN,"2025-02-22 12:44:28",1,0,{},22,2,17,5,0,5,24,22,2,17,5,0,5,24
9,dublin,"EXCHEQUER STREET","Exchequer Street",53.343,-6.26358,0,0,OPEN,"2025-02-22 12:53:12",1,0,{},22,2,17,5,0,5,24,22,2,17,5,0,5,24
9,dublin,"EXCHEQUER STREET","Exchequer Street",53.343,-6.26358,0,0,OPEN,"2025-02-22 12:56:23",1,0,{},21,3,16,5,0,5,24,21,3,16,5,0,5,24
9,dublin,"EXCHEQUER STREET","Exchequer Street",53.343,-6.26358,0,0,OPEN,"2025-02-22 13:03:18",1,0,{},23,1,18,5,0,5,24,23,1,18,5,0,5,24
9,dublin,"EXCHEQUER STREET","Exchequer Street",53.343,-6.26358,0,0,OPEN,"2025-02-22 13:08:31",1,0,{},24,0,17,7,0,7,24,24,0,17,7,0,7,24
9,dublin,"EXCHEQUER STREET","Exchequer Street",53.343,-6.26358,0,0,OPEN,"2025-02-22 13:13:27",1,0,{},24,0,17,7,0,7,24,24,0,17,7,0,7,24
9,dublin,"EXCHEQUER STREET","Exchequer Street",53.343,-6.26358,0,0,OPEN,"2025-02-22 13:17:38",1,0,{},23,1,16,7,0,7,24,23,1,16,7,0,7,24
9,dublin,"EXCHEQUER STREET","Exchequer Street",53.343,-6.26358,0,0,OPEN,"2025-02-22 13:23:29",1,0,{},24,0,17,7,0,7,24,24,0,17,7,0,7,24
9,dublin,"EXCHEQUER STREET","Exchequer Street",53.343,-6.26358,0,0,OPEN,"2025-02-22 13:28:15",1,0,{},23,1,16,7,0,7,24,23,1,16,7,0,7,24
9,dublin,"EXCHEQUER STREET","Exchequer Street",53.343,-6.26358,0,0,OPEN,"2025-02-22 13:33:05",1,0,{},23,1,16,7,0,7,24,23,1,16,7,0,7,24
9,dublin,"EXCHEQUER STREET","Exchequer Street",53.343,-6.26358,0,0,OPEN,"2025-02-22 13:33:36",1,0,{},23,1,16,7,0,7,24,23,1,16,7,0,7,24
9,dublin,"EXCHEQUER STREET","Exchequer Street",53.343,-6.26358,0,0,OPEN,"2025-02-22 13:44:03",1,0,{},22,2,16,6,0,6,24,22,2,16,6,0,6,24
9,dublin,"EXCHEQUER STREET","Exchequer Street",53.343,-6.26358,0,0,OPEN,"2025-02-22 13:51:21",1,0,{},21,3,15,6,0,6,24,21,3,15,6,0,6,24
9,dublin,"EXCHEQUER STREET","Exchequer Street",53.343,-6.26358,0,0,OPEN,"2025-02-22 13:53:45",1,0,{},22,2,16,6,0,6,24,22,2,16,6,0,6,24
9,dublin,"EXCHEQUER STREET","Exchequer Street",53.343,-6.26358,0,0,OPEN,"2025-02-22 14:03:48",1,0,{},22,2,16,6,0,6,24,22,2,16,6,0,6,24
9,dublin,"EXCHEQUER STREET","Exchequer Street",53.343,-6.26358,0,0,OPEN,"2025-02-22 14:15:25",1,0,{},21,3,15,6,0,6,24,21,3,15,6,0,6,24
9,dublin,"EXCHEQUER STREET","Exchequer Street",53.343,-6.26358,0,0,OPEN,"2025-02-22 14:23:56",1,0,{},21,3,15,6,0,6,24,21,3,15,6,0,6,24
9,dublin,"EXCHEQUER STREET","Exchequer Street",53.343,-6.26358,0,0,OPEN,"2025-02-22 14:29:43",1,0,{},21,3,14,7,0,7,24,21,3,14,7,0,7,24
9,dublin,"EXCHEQUER STREET","Exchequer Street",53.343,-6.26358,0,0,OPEN,"2025-02-22 14:34:35",1,0,{},22,2,14,8,0,8,24,22,2,14,8,0,8,24
9,dublin,"EXCHEQUER STREET","Exchequer Street",53.343,-6.26358,0,0,OPEN,"2025-02-22 14:43:09",1,0,{},21,3,13,8,0,8,24,21,3,13,8,0,8,24
9,dublin,"EXCHEQUER STREET","Exchequer Street",53.343,-6.26358,0,0,OPEN,"2025-02-22 14:44:06",1,0,{},21,3,13,8,0,8,24,21,3,13,8,0,8,24
9,dublin,"EXCHEQUER STREET","Exchequer Street",53.343,-6.26358,0,0,OPEN,"2025-02-22 14:53:19",1,0,{},19,5,12,7,0,7,24,19,5,12,7,0,7,24
9,dublin,"EXCHEQUER STREET","Exchequer Street",53.343,-6.26358,0,0,OPEN,"2025-02-22 14:54:12",1,0,{},19,5,12,7,0,7,24,19,5,12,7,0,7,24
9,dublin,"EXCHEQUER STREET","Exchequer Street",53.343,-6.26358,0,0,OPEN,"2025-02-22 15:04:16",1,0,{},20,4,13,7,0,7,24,20,4,13,7,0,7,24
9,dublin,"EXCHEQUER STREET","Exchequer Street",53.343,-6.26358,0,0,OPEN,"2025-02-22 15:14:20",1,0,{},21,3,13,8,0,8,24,21,3,13,8,0,8,24
9,dublin,"EXCHEQUER STREET","Exchequer Street",53.343,-6.26358,0,0,OPEN,"2025-02-22 15:22:24",1,0,{},21,3,13,8,0,8,24,21,3,13,8,0,8,24
9,dublin,"EXCHEQUER STREET","Exchequer Street",53.343,-6.26358,0,0,OPEN,"2025-02-22 15:24:24",1,0,{},22,2,14,8,0,8,24,22,2,14,8,0,8,24
9,dublin,"EXCHEQUER STREET","Exchequer Street",53.343,-6.26358,0,0,OPEN,"2025-02-22 15:34:27",1,0,{},22,2,14,8,0,8,24,22,2,14,8,0,8,24
9,dublin,"EXCHEQUER STREET","Exchequer Street",53.343,-6.26358,0,0,OPEN,"2025-02-22 15:42:58",1,0,{},23,1,15,8,0,8,24,23,1,15,8,0,8,24
9,dublin,"EXCHEQUER STREET","Exchequer Street",53.343,-6.26358,0,0,OPEN,"2025-02-22 15:46:36",1,0,{},23,1,15,8,0,8,24,23,1,15,8,0,8,24
9,dublin,"EXCHEQUER STREET","Exchequer Street",53.343,-6.26358,0,0,OPEN,"2025-02-22 15:55:08",1,0,{},22,2,14,8,0,8,24,22,2,14,8,0,8,24
9,dublin,"EXCHEQUER STREET","Exchequer Street",53.343,-6.26358,0,0,OPEN,"2025-02-22 15:59:40",1,0,{},20,4,14,6,0,6,24,20,4,14,6,0,6,24
9,dublin,"EXCHEQUER STREET","Exchequer Street",53.343,-6.26358,0,0,OPEN,"2025-02-22 16:04:42",1,0,{},21,3,15,6,0,6,24,21,3,15,6,0,6,24
9,dublin,"EXCHEQUER STREET","Exchequer Street",53.343,-6.26358,0,0,OPEN,"2025-02-22 16:09:18",1,0,{},19,5,12,7,0,7,24,19,5,12,7,0,7,24
9,dublin,"EXCHEQUER STREET","Exchequer Street",53.343,-6.26358,0,0,OPEN,"2025-02-22 16:15:51",1,0,{},18,6,12,6,0,6,24,18,6,12,6,0,6,24
9,dublin,"EXCHEQUER STREET","Exchequer Street",53.343,-6.26358,0,0,OPEN,"2025-02-22 16:28:10",1,0,{},19,5,13,6,0,6,24,19,5,13,6,0,6,24
9,dublin,"EXCHEQUER STREET","Exchequer Street",53.343,-6.26358,0,0,OPEN,"2025-02-22 16:33:11",1,0,{},17,7,9,8,0,8,24,17,7,9,8,0,8,24
9,dublin,"EXCHEQUER STREET","Exchequer Street",53.343,-6.26358,0,0,OPEN,"2025-02-22 16:35:59",1,0,{},19,5,8,11,0,11,24,19,5,8,11,0,11,24
9,dublin,"EXCHEQUER STREET","Exchequer Street",53.343,-6.26358,0,0,OPEN,"2025-02-22 16:42:39",1,0,{},23,1,8,15,0,15,24,23,1,8,15,0,15,24
9,dublin,"EXCHEQUER STREET","Exchequer Street",53.343,-6.26358,0,0,OPEN,"2025-02-22 16:46:03",1,0,{},23,1,7,16,0,16,24,23,1,7,16,0,16,24
9,dublin,"EXCHEQUER STREET","Exchequer Street",53.343,-6.26358,0,0,OPEN,"2025-02-22 16:52:00",1,0,{},22,2,7,15,0,15,24,22,2,7,15,0,15,24
9,dublin,"EXCHEQUER STREET","Exchequer Street",53.343,-6.26358,0,0,OPEN,"2025-02-22 16:58:18",1,0,{},21,3,7,14,0,14,24,21,3,7,14,0,14,24
9,dublin,"EXCHEQUER STREET","Exchequer Street",53.343,-6.26358,0,0,OPEN,"2025-02-22 17:05:57",1,0,{},22,2,8,14,0,14,24,22,2,8,14,0,14,24
9,dublin,"EXCHEQUER STREET","Exchequer Street",53.343,-6.26358,0,0,OPEN,"2025-02-22 17:11:35",1,0,{},22,2,8,14,0,14,24,22,2,8,14,0,14,24
9,dublin,"EXCHEQUER STREET","Exchequer Street",53.343,-6.26358,0,0,OPEN,"2025-02-22 17:15:36",1,0,{},24,0,10,14,0,14,24,24,0,10,14,0,14,24
9,dublin,"EXCHEQUER STREET","Exchequer Street",53.343,-6.26358,0,0,OPEN,"2025-02-22 17:19:39",1,0,{},23,1,10,13,0,13,24,23,1,10,13,0,13,24
9,dublin,"EXCHEQUER STREET","Exchequer Street",53.343,-6.26358,0,0,OPEN,"2025-02-22 17:25:32",1,0,{},23,1,10,13,0,13,24,23,1,10,13,0,13,24
9,dublin,"EXCHEQUER STREET","Exchequer Street",53.343,-6.26358,0,0,OPEN,"2025-02-22 17:35:36",1,0,{},23,1,10,13,0,13,24,23,1,10,13,0,13,24
9,dublin,"EXCHEQUER STREET","Exchequer Street",53.343,-6.26358,0,0,OPEN,"2025-02-22 17:43:06",1,0,{},24,0,11,13,0,13,24,24,0,11,13,0,13,24
9,dublin,"EXCHEQUER STREET","Exchequer Street",53.343,-6.26358,0,0,OPEN,"2025-02-22 17:48:05",1,0,{},23,1,10,13,0,13,24,23,1,10,13,0,13,24
9,dublin,"EXCHEQUER STREET","Exchequer Street",53.343,-6.26358,0,0,OPEN,"2025-02-22 17:55:43",1,0,{},24,0,10,14,0,14,24,24,0,10,14,0,14,24
9,dublin,"EXCHEQUER STREET","Exchequer Street",53.343,-6.26358,0,0,OPEN,"2025-02-22 18:08:11",1,0,{},23,1,9,14,0,14,24,23,1,9,14,0,14,24
9,dublin,"EXCHEQUER STREET","Exchequer Street",53.343,-6.26358,0,0,OPEN,"2025-02-22 18:09:00",1,0,{},23,1,8,15,0,15,24,23,1,8,15,0,15,24
9,dublin,"EXCHEQUER STREET","Exchequer Street",53.343,-6.26358,0,0,OPEN,"2025-02-22 18:15:50",1,0,{},24,0,8,16,0,16,24,24,0,8,16,0,16,24
9,dublin,"EXCHEQUER STREET","Exchequer Street",53.343,-6.26358,0,0,OPEN,"2025-02-22 18:26:23",1,0,{},23,1,7,16,0,16,24,23,1,7,16,0,16,24
9,dublin,"EXCHEQUER STREET","Exchequer Street",53.343,-6.26358,0,0,OPEN,"2025-02-22 18:38:04",1,0,{},22,2,6,16,0,16,24,22,2,6,16,0,16,24
9,dublin,"EXCHEQUER STREET","Exchequer Street",53.343,-6.26358,0,0,OPEN,"2025-02-22 18:43:23",1,0,{},23,1,6,17,0,17,24,23,1,6,17,0,17,24
9,dublin,"EXCHEQUER STREET","Exchequer Street",53.343,-6.26358,0,0,OPEN,"2025-02-22 18:46:08",1,0,{},23,1,6,17,0,17,24,23,1,6,17,0,17,24
9,dublin,"EXCHEQUER STREET","Exchequer Street",53.343,-6.26358,0,0,OPEN,"2025-02-22 18:59:07",1,0,{},23,1,6,17,0,17,24,23,1,6,17,0,17,24
9,dublin,"EXCHEQUER STREET","Exchequer Street",53.343,-6.26358,0,0,OPEN,"2025-02-22 19:07:57",1,0,{},21,3,5,16,0,16,24,21,3,5,16,0,16,24
9,dublin,"EXCHEQUER STREET","Exchequer Street",53.343,-6.26358,0,0,OPEN,"2025-02-22 19:12:31",1,0,{},20,4,4,16,0,16,24,20,4,4,16,0,16,24
9,dublin,"EXCHEQUER STREET","Exchequer Street",53.343,-6.26358,0,0,OPEN,"2025-02-22 19:16:21",1,0,{},20,4,4,16,0,16,24,20,4,4,16,0,16,24
9,dublin,"EXCHEQUER STREET","Exchequer Street",53.343,-6.26358,0,0,OPEN,"2025-02-22 19:26:27",1,0,{},20,4,4,16,0,16,24,20,4,4,16,0,16,24
9,dublin,"EXCHEQUER STREET","Exchequer Street",53.343,-6.26358,0,0,OPEN,"2025-02-22 19:30:41",1,0,{},21,3,5,16,0,16,24,21,3,5,16,0,16,24
9,dublin,"EXCHEQUER STREET","Exchequer Street",53.343,-6.26358,0,0,OPEN,"2025-02-22 19:36:28",1,0,{},21,3,5,16,0,16,24,21,3,5,16,0,16,24
9,dublin,"EXCHEQUER STREET","Exchequer Street",53.343,-6.26358,0,0,OPEN,"2025-02-22 19:42:22",1,0,{},22,2,5,17,0,17,24,22,2,5,17,0,17,24
9,dublin,"EXCHEQUER STREET","Exchequer Street",53.343,-6.26358,0,0,OPEN,"2025-02-22 19:46:32",1,0,{},22,2,5,17,0,17,24,22,2,5,17,0,17,24
9,dublin,"EXCHEQUER STREET","Exchequer Street",53.343,-6.26358,0,0,OPEN,"2025-02-22 19:57:25",1,0,{},21,3,4,17,0,17,24,21,3,4,17,0,17,24
9,dublin,"EXCHEQUER STREET","Exchequer Street",53.343,-6.26358,0,0,OPEN,"2025-02-22 20:00:06",1,0,{},22,2,4,18,0,18,24,22,2,4,18,0,18,24
9,dublin,"EXCHEQUER STREET","Exchequer Street",53.343,-6.26358,0,0,OPEN,"2025-02-22 20:09:28",1,0,{},23,1,4,19,0,19,24,23,1,4,19,0,19,24
9,dublin,"EXCHEQUER STREET","Exchequer Street",53.343,-6.26358,0,0,OPEN,"2025-02-22 20:11:44",1,0,{},24,0,5,19,0,19,24,24,0,5,19,0,19,24
9,dublin,"EXCHEQUER STREET","Exchequer Street",53.343,-6.26358,0,0,OPEN,"2025-02-22 20:16:44",1,0,{},24,0,5,19,0,19,24,24,0,5,19,0,19,24
9,dublin,"EXCHEQUER STREET","Exchequer Street",53.343,-6.26358,0,0,OPEN,"2025-02-22 20:26:47",1,0,{},24,0,5,19,0,19,24,24,0,5,19,0,19,24
9,dublin,"EXCHEQUER STREET","Exchequer Street",53.343,-6.26358,0,0,OPEN,"2025-02-22 20:30:54",1,0,{},23,1,4,19,0,19,24,23,1,4,19,0,19,24
9,dublin,"EXCHEQUER STREET","Exchequer Street",53.343,-6.26358,0,0,OPEN,"2025-02-22 20:36:51",1,0,{},23,1,4,19,0,19,24,23,1,4,19,0,19,24
9,dublin,"EXCHEQUER STREET","Exchequer Street",53.343,-6.26358,0,0,OPEN,"2025-02-22 20:49:09",1,0,{},23,1,4,19,0,19,24,23,1,4,19,0,19,24
9,dublin,"EXCHEQUER STREET","Exchequer Street",53.343,-6.26358,0,0,OPEN,"2025-02-22 20:52:20",1,0,{},24,0,4,20,0,20,24,24,0,4,20,0,20,24
9,dublin,"EXCHEQUER STREET","Exchequer Street",53.343,-6.26358,0,0,OPEN,"2025-02-22 20:56:58",1,0,{},23,1,4,19,0,19,24,23,1,4,19,0,19,24
9,dublin,"EXCHEQUER STREET","Exchequer Street",53.343,-6.26358,0,0,OPEN,"2025-02-22 21:09:27",1,0,{},24,0,5,19,0,19,24,24,0,5,19,0,19,24
9,dublin,"EXCHEQUER STREET","Exchequer Street",53.343,-6.26358,0,0,OPEN,"2025-02-22 21:17:05",1,0,{},24,0,5,19,0,19,24,24,0,5,19,0,19,24
9,dublin,"EXCHEQUER STREET","Exchequer Street",53.343,-6.26358,0,0,OPEN,"2025-02-22 21:27:07",1,0,{},24,0,5,19,0,19,24,24,0,5,19,0,19,24
9,dublin,"EXCHEQUER STREET","Exchequer Street",53.343,-6.26358,0,0,OPEN,"2025-02-22 21:31:41",1,0,{},23,1,4,19,0,19,24,23,1,4,19,0,19,24
9,dublin,"EXCHEQUER STREET","Exchequer Street",53.343,-6.26358,0,0,OPEN,"2025-02-22 21:39:23",1,0,{},23,1,4,19,0,19,24,23,1,4,19,0,19,24
9,dublin,"EXCHEQUER STREET","Exchequer Street",53.343,-6.26358,0,0,OPEN,"2025-02-22 21:43:05",1,0,{},23,1,4,19,0,19,24,23,1,4,19,0,19,24
9,dublin,"EXCHEQUER STREET","Exchequer Street",53.343,-6.26358,0,0,OPEN,"2025-02-22 21:47:15",1,0,{},23,1,4,19,0,19,24,23,1,4,19,0,19,24
9,dublin,"EXCHEQUER STREET","Exchequer Street",53.343,-6.26358,0,0,OPEN,"2025-02-22 21:57:17",1,0,{},24,0,5,19,0,19,24,24,0,5,19,0,19,24
9,dublin,"EXCHEQUER STREET","Exchequer Street",53.343,-6.26358,0,0,OPEN,"2025-02-22 22:03:20",1,0,{},23,1,4,19,0,19,24,23,1,4,19,0,19,24
9,dublin,"EXCHEQUER STREET","Exchequer Street",53.343,-6.26358,0,0,OPEN,"2025-02-22 22:07:22",1,0,{},23,1,4,19,0,19,24,23,1,4,19,0,19,24
9,dublin,"EXCHEQUER STREET","Exchequer Street",53.343,-6.26358,0,0,OPEN,"2025-02-22 22:10:33",1,0,{},24,0,4,20,0,20,24,24,0,4,20,0,20,24
9,dublin,"EXCHEQUER STREET","Exchequer Street",53.343,-6.26358,0,0,OPEN,"2025-02-22 22:17:25",1,0,{},23,1,4,19,0,19,24,23,1,4,19,0,19,24
10,dublin,"DAME STREET","Dame Street",53.344,-6.2668,0,0,OPEN,"2025-02-22 03:00:38",1,0,{},14,2,7,7,0,7,16,14,2,7,7,0,7,16
10,dublin,"DAME STREET","Dame Street",53.344,-6.2668,0,0,OPEN,"2025-02-22 03:10:42",1,0,{},14,2,7,7,0,7,16,14,2,7,7,0,7,16
10,dublin,"DAME STREET","Dame Street",53.344,-6.2668,0,0,OPEN,"2025-02-22 10:06:01",1,0,{},16,0,10,6,0,6,16,16,0,10,6,0,6,16
10,dublin,"DAME STREET","Dame Street",53.344,-6.2668,0,0,OPEN,"2025-02-22 10:13:43",1,0,{},16,0,10,6,0,6,16,16,0,10,6,0,6,16
10,dublin,"DAME STREET","Dame Street",53.344,-6.2668,0,0,OPEN,"2025-02-22 10:23:49",1,0,{},16,0,10,6,0,6,16,16,0,10,6,0,6,16
10,dublin,"DAME STREET","Dame Street",53.344,-6.2668,0,0,OPEN,"2025-02-22 10:33:54",1,0,{},16,0,10,6,0,6,16,16,0,10,6,0,6,16
10,dublin,"DAME STREET","Dame Street",53.344,-6.2668,0,0,OPEN,"2025-02-22 10:44:00",1,0,{},16,0,10,6,0,6,16,16,0,10,6,0,6,16
10,dublin,"DAME STREET","Dame Street",53.344,-6.2668,0,0,OPEN,"2025-02-22 10:54:05",1,0,{},16,0,10,6,0,6,16,16,0,10,6,0,6,16
10,dublin,"DAME STREET","Dame Street",53.344,-6.2668,0,0,OPEN,"2025-02-22 11:04:10",1,0,{},16,0,10,6,0,6,16,16,0,10,6,0,6,16
10,dublin,"DAME STREET","Dame Street",53.344,-6.2668,0,0,OPEN,"2025-02-22 11:14:16",1,0,{},16,0,10,6,0,6,16,16,0,10,6,0,6,16
10,dublin,"DAME STREET","Dame Street",53.344,-6.2668,0,0,OPEN,"2025-02-22 11:26:41",1,0,{},15,1,9,6,0,6,16,15,1,9,6,0,6,16
10,dublin,"DAME STREET","Dame Street",53.344,-6.2668,0,0,OPEN,"2025-02-22 11:34:28",1,0,{},15,1,9,6,0,6,16,15,1,9,6,0,6,16
10,dublin,"DAME STREET","Dame Street",53.344,-6.2668,0,0,OPEN,"2025-02-22 11:44:33",1,0,{},15,1,9,6,0,6,16,15,1,9,6,0,6,16
10,dublin,"DAME STREET","Dame Street",53.344,-6.2668,0,0,OPEN,"2025-02-22 11:50:16",1,0,{},16,0,9,7,0,7,16,16,0,9,7,0,7,16
10,dublin,"DAME STREET","Dame Street",53.344,-6.2668,0,0,OPEN,"2025-02-22 11:54:37",1,0,{},16,0,9,7,0,7,16,16,0,9,7,0,7,16
10,dublin,"DAME STREET","Dame Street",53.344,-6.2668,0,0,OPEN,"2025-02-22 12:04:42",1,0,{},16,0,9,7,0,7,16,16,0,9,7,0,7,16
10,dublin,"DAME STREET","Dame Street",53.344,-6.2668,0,0,OPEN,"2025-02-22 12:14:48",1,0,{},16,0,9,7,0,7,16,16,0,9,7,0,7,16
10,dublin,"DAME STREET","Dame Street",53.344,-6.2668,0,0,OPEN,"2025-02-22 12:26:46",1,0,{},15,1,8,7,0,7,16,15,1,8,7,0,7,16
10,dublin,"DAME STREET","Dame Street",53.344,-6.2668,0,0,OPEN,"2025-02-22 12:30:14",1,0,{},16,0,9,7,0,7,16,16,0,9,7,0,7,16
10,dublin,"DAME STREET","Dame Street",53.344,-6.2668,0,0,OPEN,"2025-02-22 12:36:49",1,0,{},12,4,7,5,0,5,16,12,4,7,5,0,5,16
10,dublin,"DAME STREET","Dame Street",53.344,-6.2668,0,0,OPEN,"2025-02-22 12:46:45",1,0,{},13,3,8,5,0,5,16,13,3,8,5,0,5,16
10,dublin,"DAME STREET","Dame Street",53.344,-6.2668,0,0,OPEN,"2025-02-22 12:50:16",1,0,{},14,2,9,5,0,5,16,14,2,9,5,0,5,16
10,dublin,"DAME STREET","Dame Street",53.344,-6.2668,0,0,OPEN,"2025-02-22 12:55:16",1,0,{},15,1,10,5,0,5,16,15,1,10,5,0,5,16
10,dublin,"DAME STREET","Dame Street",53.344,-6.2668,0,0,OPEN,"2025-02-22 13:02:02",1,0,{},16,0,10,6,0,6,16,16,0,10,6,0,6,16
10,dublin,"DAME STREET","Dame Street",53.344,-6.2668,0,0,OPEN,"2025-02-22 13:05:22",1,0,{},16,0,10,6,0,6,16,16,0,10,6,0,6,16
10,dublin,"DAME STREET","Dame Street",53.344,-6.2668,0,0,OPEN,"2025-02-22 13:12:11",1,0,{},15,1,9,6,0,6,16,15,1,9,6,0,6,16
10,dublin,"DAME STREET","Dame Street",53.344,-6.2668,0,0,OPEN,"2025-02-22 13:15:29",1,0,{},15,1,9,6,0,6,16,15,1,9,6,0,6,16
10,dublin,"DAME STREET","Dame Street",53.344,-6.2668,0,0,OPEN,"2025-02-22 13:25:34",1,0,{},15,1,9,6,0,6,16,15,1,9,6,0,6,16
10,dublin,"DAME STREET","Dame Street",53.344,-6.2668,0,0,OPEN,"2025-02-22 13:36:09",1,0,{},15,1,8,7,0,7,16,15,1,8,7,0,7,16
10,dublin,"DAME STREET","Dame Street",53.344,-6.2668,0,0,OPEN,"2025-02-22 13:45:46",1,0,{},16,0,9,7,0,7,16,16,0,9,7,0,7,16
10,dublin,"DAME STREET","Dame Street",53.344,-6.2668,0,0,OPEN,"2025-02-22 13:56:22",1,0,{},15,1,9,6,0,6,16,15,1,9,6,0,6,16
10,dublin,"DAME STREET","Dame Street",53.344,-6.2668,0,0,OPEN,"2025-02-22 14:05:55",1,0,{},16,0,10,6,0,6,16,16,0,10,6,0,6,16
10,dublin,"DAME STREET","Dame Street",53.344,-6.2668,0,0,OPEN,"2025-02-22 14:18:26",1,0,{},15,1,10,5,0,5,16,15,1,10,5,0,5,16
10,dublin,"DAME STREET","Dame Street",53.344,-6.2668,0,0,OPEN,"2025-02-22 14:23:31",1,0,{},13,3,10,3,0,3,16,13,3,10,3,0,3,16
10,dublin,"DAME STREET","Dame Street",53.344,-6.2668,0,0,OPEN,"2025-02-22 14:28:20",1,0,{},13,3,10,3,0,3,16,13,3,10,3,0,3,16
10,dublin,"DAME STREET","Dame Street",53.344,-6.2668,0,0,OPEN,"2025-02-22 14:28:39",1,0,{},12,4,9,3,0,3,16,12,4,9,3,0,3,16
10,dublin,"DAME STREET","Dame Street",53.344,-6.2668,0,0,OPEN,"2025-02-22 14:36:18",1,0,{},12,4,9,3,0,3,16,12,4,9,3,0,3,16
10,dublin,"DAME STREET","Dame Street",53.344,-6.2668,0,0,OPEN,"2025-02-22 14:40:47",1,0,{},15,1,10,5,0,5,16,15,1,10,5,0,5,16
10,dublin,"DAME STREET","Dame Street",53.344,-6.2668,0,0,OPEN,"2025-02-22 14:46:25",1,0,{},15,1,10,5,0,5,16,15,1,10,5,0,5,16
10,dublin,"DAME STREET","Dame Street",53.344,-6.2668,0,0,OPEN,"2025-02-22 14:56:31",1,0,{},16,0,11,5,0,5,16,16,0,11,5,0,5,16
10,dublin,"DAME STREET","Dame Street",53.344,-6.2668,0,0,OPEN,"2025-02-22 15:07:53",1,0,{},15,1,10,5,0,5,16,15,1,10,5,0,5,16
10,dublin,"DAME STREET","Dame Street",53.344,-6.2668,0,0,OPEN,"2025-02-22 15:12:02",1,0,{},16,0,11,5,0,5,16,16,0,11,5,0,5,16
10,dublin,"DAME STREET","Dame Street",53.344,-6.2668,0,0,OPEN,"2025-02-22 15:16:45",1,0,{},16,0,11,5,0,5,16,16,0,11,5,0,5,16
10,dublin,"DAME STREET","Dame Street",53.344,-6.2668,0,0,OPEN,"2025-02-22 15:26:50",1,0,{},16,0,11,5,0,5,16,16,0,11,5,0,5,16
10,dublin,"DAME STREET","Dame Street",53.344,-6.2668,0,0,OPEN,"2025-02-22 15:36:56",1,0,{},16,0,11,5,0,5,16,16,0,11,5,0,5,16
10,dublin,"DAME STREET","Dame Street",53.344,-6.2668,0,0,OPEN,"2025-02-22 15:47:51",1,0,{},15,1,10,5,0,5,16,15,1,10,5,0,5,16
10,dublin,"DAME STREET","Dame Street",53.344,-6.2668,0,0,OPEN,"2025-02-22 15:57:08",1,0,{},15,1,10,5,0,5,16,15,1,10,5,0,5,16
10,dublin,"DAME STREET","Dame Street",53.344,-6.2668,0,0,OPEN,"2025-02-22 16:03:32",1,0,{},15,1,11,4,0,4,16,15,1,11,4,0,4,16
10,dublin,"DAME STREET","Dame Street",53.344,-6.2668,0,0,OPEN,"2025-02-22 16:07:16",1,0,{},15,1,11,4,0,4,16,15,1,11,4,0,4,16
10,dublin,"DAME STREET","Dame Street",53.344,-6.2668,0,0,OPEN,"2025-02-22 16:08:55",1,0,{},16,0,12,4,0,4,16,16,0,12,4,0,4,16
10,dublin,"DAME STREET","Dame Street",53.344,-6.2668,0,0,OPEN,"2025-02-22 16:17:20",1,0,{},16,0,12,4,0,4,16,16,0,12,4,0,4,16
10,dublin,"DAME STREET","Dame Street",53.344,-6.2668,0,0,OPEN,"2025-02-22 16:23:23",1,0,{},16,0,13,3,0,3,16,16,0,13,3,0,3,16
10,dublin,"DAME STREET","Dame Street",53.344,-6.2668,0,0,OPEN,"2025-02-22 16:27:27",1,0,{},15,1,12,3,0,3,16,15,1,12,3,0,3,16
10,dublin,"DAME STREET","Dame Street",53.344,-6.2668,0,0,OPEN,"2025-02-22 16:30:05",1,0,{},16,0,12,4,0,4,16,16,0,12,4,0,4,16
10,dublin,"DAME STREET","Dame Street",53.344,-6.2668,0,0,OPEN,"2025-02-22 16:37:34",1,0,{},16,0,12,4,0,4,16,16,0,12,4,0,4,16
10,dublin,"DAME STREET","Dame Street",53.344,-6.2668,0,0,OPEN,"2025-02-22 16:47:39",1,0,{},16,0,12,4,0,4,16,16,0,12,4,0,4,16
10,dublin,"DAME STREET","Dame Street",53.344,-6.2668,0,0,OPEN,"2025-02-22 16:57:46",1,0,{},15,1,11,4,0,4,16,15,1,11,4,0,4,16
10,dublin,"DAME STREET","Dame Street",53.344,-6.2668,0,0,OPEN,"2025-02-22 17:01:28",1,0,{},16,0,12,4,0,4,16,16,0,12,4,0,4,16
10,dublin,"DAME STREET","Dame Street",53.344,-6.2668,0,0,OPEN,"2025-02-22 17:07:54",1,0,{},16,0,12,4,0,4,16,16,0,12,4,0,4,16
10,dublin,"DAME STREET","Dame Street",53.344,-6.2668,0,0,OPEN,"2025-02-22 17:17:59",1,0,{},16,0,12,4,0,4,16,16,0,12,4,0,4,16
10,dublin,"DAME STREET","Dame Street",53.344,-6.2668,0,0,OPEN,"2025-02-22 17:22:55",1,0,{},16,0,12,4,0,4,16,16,0,12,4,0,4,16
10,dublin,"DAME STREET","Dame Street",53.344,-6.2668,0,0,OPEN,"2025-02-22 17:28:05",1,0,{},16,0,12,4,0,4,16,16,0,12,4,0,4,16
10,dublin,"DAME STREET","Dame Street",53.344,-6.2668,0,0,OPEN,"2025-02-22 17:38:12",1,0,{},15,1,11,4,0,4,16,15,1,11,4,0,4,16
10,dublin,"DAME STREET","Dame Street",53.344,-6.2668,0,0,OPEN,"2025-02-22 17:48:17",1,0,{},15,1,11,4,0,4,16,15,1,11,4,0,4,16
10,dublin,"DAME STREET","Dame Street",53.344,-6.2668,0,0,OPEN,"2025-02-22 17:50:40",1,0,{},11,5,11,0,0,0,16,11,5,11,0,0,0,16
10,dublin,"DAME STREET","Dame Street",53.344,-6.2668,0,0,OPEN,"2025-02-22 17:58:27",1,0,{},11,5,11,0,0,0,16,11,5,11,0,0,0,16
10,dublin,"DAME STREET","Dame Street",53.344,-6.2668,0,0,OPEN,"2025-02-22 18:00:11",1,0,{},12,4,11,1,0,1,16,12,4,11,1,0,1,16
10,dublin,"DAME STREET","Dame Street",53.344,-6.2668,0,0,OPEN,"2025-02-22 18:06:29",1,0,{},13,3,12,1,0,1,16,13,3,12,1,0,1,16
10,dublin,"DAME STREET","Dame Street",53.344,-6.2668,0,0,OPEN,"2025-02-22 18:08:33",1,0,{},13,3,12,1,0,1,16,13,3,12,1,0,1,16
10,dublin,"DAME STREET","Dame Street",53.344,-6.2668,0,0,OPEN,"2025-02-22 18:15:48",1,0,{},10,6,10,0,0,0,16,10,6,10,0,0,0,16
10,dublin,"DAME STREET","Dame Street",53.344,-6.2668,0,0,OPEN,"2025-02-22 18:18:41",1,0,{},10,6,10,0,0,0,16,10,6,10,0,0,0,16
10,dublin,"DAME STREET","Dame Street",53.344,-6.2668,0,0,OPEN,"2025-02-22 18:23:41",1,0,{},11,5,10,1,0,1,16,11,5,10,1,0,1,16
10,dublin,"DAME STREET","Dame Street",53.344,-6.2668,0,0,OPEN,"2025-02-22 18:28:48",1,0,{},11,5,10,1,0,1,16,11,5,10,1,0,1,16
10,dublin,"DAME STREET","Dame Street",53.344,-6.2668,0,0,OPEN,"2025-02-22 18:38:54",1,0,{},11,5,10,1,0,1,16,11,5,10,1,0,1,16
10,dublin,"DAME STREET","Dame Street",53.344,-6.2668,0,0,OPEN,"2025-02-22 18:48:59",1,0,{},11,5,10,1,0,1,16,11,5,10,1,0,1,16
10,dublin,"DAME STREET","Dame Street",53.344,-6.2668,0,0,OPEN,"2025-02-22 18:59:22",1,0,{},12,4,10,2,0,2,16,12,4,10,2,0,2,16
10,dublin,"DAME STREET","Dame Street",53.344,-6.2668,0,0,OPEN,"2025-02-22 19:04:12",1,0,{},14,2,11,3,0,3,16,14,2,11,3,0,3,16
10,dublin,"DAME STREET","Dame Street",53.344,-6.2668,0,0,OPEN,"2025-02-22 19:09:10",1,0,{},15,1,12,3,0,3,16,15,1,12,3,0,3,16
10,dublin,"DAME STREET","Dame Street",53.344,-6.2668,0,0,OPEN,"2025-02-22 19:10:10",1,0,{},16,0,13,3,0,3,16,16,0,13,3,0,3,16
10,dublin,"DAME STREET","Dame Street",53.344,-6.2668,0,0,OPEN,"2025-02-22 19:19:14",1,0,{},16,0,13,3,0,3,16,16,0,13,3,0,3,16
10,dublin,"DAME STREET","Dame Street",53.344,-6.2668,0,0,OPEN,"2025-02-22 19:22:58",1,0,{},15,1,12,3,0,3,16,15,1,12,3,0,3,16
10,dublin,"DAME STREET","Dame Street",53.344,-6.2668,0,0,OPEN,"2025-02-22 19:29:21",1,0,{},16,0,12,4,0,4,16,16,0,12,4,0,4,16
10,dublin,"DAME STREET","Dame Street",53.344,-6.2668,0,0,OPEN,"2025-02-22 19:39:26",1,0,{},16,0,12,4,0,4,16,16,0,12,4,0,4,16
10,dublin,"DAME STREET","Dame Street",53.344,-6.2668,0,0,OPEN,"2025-02-22 19:49:31",1,0,{},16,0,12,4,0,4,16,16,0,12,4,0,4,16
10,dublin,"DAME STREET","Dame Street",53.344,-6.2668,0,0,OPEN,"2025-02-22 19:57:37",1,0,{},16,0,13,3,0,3,16,16,0,13,3,0,3,16
10,dublin,"DAME STREET","Dame Street",53.344,-6.2668,0,0,OPEN,"2025-02-22 19:59:38",1,0,{},16,0,13,3,0,3,16,16,0,13,3,0,3,16
10,dublin,"DAME STREET","Dame Street",53.344,-6.2668,0,0,OPEN,"2025-02-22 20:09:43",1,0,{},16,0,13,3,0,3,16,16,0,13,3,0,3,16
10,dublin,"DAME STREET","Dame Street",53.344,-6.2668,0,0,OPEN,"2025-02-22 20:19:48",1,0,{},16,0,13,3,0,3,16,16,0,13,3,0,3,16
10,dublin,"DAME STREET","Dame Street",53.344,-6.2668,0,0,OPEN,"2025-02-22 20:29:53",1,0,{},16,0,13,3,0,3,16,16,0,13,3,0,3,16
10,dublin,"DAME STREET","Dame Street",53.344,-6.2668,0,0,OPEN,"2025-02-22 20:39:59",1,0,{},16,0,13,3,0,3,16,16,0,13,3,0,3,16
10,dublin,"DAME STREET","Dame Street",53.344,-6.2668,0,0,OPEN,"2025-02-22 20:50:04",1,0,{},16,0,13,3,0,3,16,16,0,13,3,0,3,16
10,dublin,"DAME STREET","Dame Street",53.344,-6.2668,0,0,OPEN,"2025-02-22 21:00:09",1,0,{},16,0,13,3,0,3,16,16,0,13,3,0,3,16
10,dublin,"DAME STREET","Dame Street",53.344,-6.2668,0,0,OPEN,"2025-02-22 21:10:15",1,0,{},16,0,13,3,0,3,16,16,0,13,3,0,3,16
10,dublin,"DAME STREET","Dame Street",53.344,-6.2668,0,0,OPEN,"2025-02-22 21:20:20",1,0,{},16,0,13,3,0,3,16,16,0,13,3,0,3,16
10,dublin,"DAME STREET","Dame Street",53.344,-6.2668,0,0,OPEN,"2025-02-22 21:30:25",1,0,{},16,0,13,3,0,3,16,16,0,13,3,0,3,16
10,dublin,"DAME STREET","Dame Street",53.344,-6.2668,0,0,OPEN,"2025-02-22 21:40:31",1,0,{},16,0,13,3,0,3,16,16,0,13,3,0,3,16
10,dublin,"DAME STREET","Dame Street",53.344,-6.2668,0,0,OPEN,"2025-02-22 21:50:36",1,0,{},16,0,13,3,0,3,16,16,0,13,3,0,3,16
10,dublin,"DAME STREET","Dame Street",53.344,-6.2668,0,0,OPEN,"2025-02-22 22:00:41",1,0,{},16,0,13,3,0,3,16,16,0,13,3,0,3,16
10,dublin,"DAME STREET","Dame Street",53.344,-6.2668,0,0,OPEN,"2025-02-22 22:10:46",1,0,{},16,0,13,3,0,3,16,16,0,13,3,0,3,16
11,dublin,"EARLSFORT TERRACE","Earlsfort Terrace",53.3343,-6.2585,0,0,OPEN,"2025-02-22 02:54:08",1,0,{},0,30,0,0,0,0,30,0,30,0,0,0,0,30
11,dublin,"EARLSFORT TERRACE","Earlsfort Terrace",53.3343,-6.2585,0,0,OPEN,"2025-02-22 03:04:11",1,0,{},0,30,0,0,0,0,30,0,30,0,0,0,0,30
11,dublin,"EARLSFORT TERRACE","Earlsfort Terrace",53.3343,-6.2585,0,0,OPEN,"2025-02-22 03:15:35",1,0,{},0,30,0,0,0,0,30,0,30,0,0,0,0,30
11,dublin,"EARLSFORT TERRACE","Earlsfort Terrace",53.3343,-6.2585,0,0,OPEN,"2025-02-22 03:16:32",1,0,{},0,30,0,0,0,0,30,0,30,0,0,0,0,30
11,dublin,"EARLSFORT TERRACE","Earlsfort Terrace",53.3343,-6.2585,0,0,OPEN,"2025-02-22 10:09:13",1,0,{},4,26,4,0,0,0,30,4,26,4,0,0,0,30
11,dublin,"EARLSFORT TERRACE","Earlsfort Terrace",53.3343,-6.2585,0,0,OPEN,"2025-02-22 10:19:19",1,0,{},4,26,4,0,0,0,30,4,26,4,0,0,0,30
11,dublin,"EARLSFORT TERRACE","Earlsfort Terrace",53.3343,-6.2585,0,0,OPEN,"2025-02-22 10:29:23",1,0,{},4,26,4,0,0,0,30,4,26,4,0,0,0,30
11,dublin,"EARLSFORT TERRACE","Earlsfort Terrace",53.3343,-6.2585,0,0,OPEN,"2025-02-22 10:39:29",1,0,{},4,26,4,0,0,0,30,4,26,4,0,0,0,30
11,dublin,"EARLSFORT TERRACE","Earlsfort Terrace",53.3343,-6.2585,0,0,OPEN,"2025-02-22 10:49:34",1,0,{},4,26,4,0,0,0,30,4,26,4,0,0,0,30
11,dublin,"EARLSFORT TERRACE","Earlsfort Terrace",53.3343,-6.2585,0,0,OPEN,"2025-02-22 10:59:39",1,0,{},4,26,4,0,0,0,30,4,26,4,0,0,0,30
11,dublin,"EARLSFORT TERRACE","Earlsfort Terrace",53.3343,-6.2585,0,0,OPEN,"2025-02-22 11:09:45",1,0,{},4,26,4,0,0,0,30,4,26,4,0,0,0,30
11,dublin,"EARLSFORT TERRACE","Earlsfort Terrace",53.3343,-6.2585,0,0,OPEN,"2025-02-22 11:19:50",1,0,{},4,26,4,0,0,0,30,4,26,4,0,0,0,30
11,dublin,"EARLSFORT TERRACE","Earlsfort Terrace",53.3343,-6.2585,0,0,OPEN,"2025-02-22 11:29:55",1,0,{},4,26,4,0,0,0,30,4,26,4,0,0,0,30
11,dublin,"EARLSFORT TERRACE","Earlsfort Terrace",53.3343,-6.2585,0,0,OPEN,"2025-02-22 11:42:38",1,0,{},5,25,5,0,0,0,30,5,25,5,0,0,0,30
11,dublin,"EARLSFORT TERRACE","Earlsfort Terrace",53.3343,-6.2585,0,0,OPEN,"2025-02-22 11:50:07",1,0,{},5,25,5,0,0,0,30,5,25,5,0,0,0,30
11,dublin,"EARLSFORT TERRACE","Earlsfort Terrace",53.3343,-6.2585,0,0,OPEN,"2025-02-22 12:00:13",1,0,{},5,25,5,0,0,0,30,5,25,5,0,0,0,30
11,dublin,"EARLSFORT TERRACE","Earlsfort Terrace",53.3343,-6.2585,0,0,OPEN,"2025-02-22 12:10:18",1,0,{},5,25,5,0,0,0,30,5,25,5,0,0,0,30
11,dublin,"EARLSFORT TERRACE","Earlsfort Terrace",53.3343,-6.2585,0,0,OPEN,"2025-02-22 12:20:23",1,0,{},5,25,5,0,0,0,30,5,25,5,0,0,0,30
11,dublin,"EARLSFORT TERRACE","Earlsfort Terrace",53.3343,-6.2585,0,0,OPEN,"2025-02-22 12:30:31",1,0,{},6,24,5,1,0,1,30,6,24,5,1,0,1,30
11,dublin,"EARLSFORT TERRACE","Earlsfort Terrace",53.3343,-6.2585,0,0,OPEN,"2025-02-22 12:40:36",1,0,{},6,24,5,1,0,1,30,6,24,5,1,0,1,30
11,dublin,"EARLSFORT TERRACE","Earlsfort Terrace",53.3343,-6.2585,0,0,OPEN,"2025-02-22 12:50:42",1,0,{},6,24,5,1,0,1,30,6,24,5,1,0,1,30
11,dublin,"EARLSFORT TERRACE","Earlsfort Terrace",53.3343,-6.2585,0,0,OPEN,"2025-02-22 13:00:48",1,0,{},6,24,5,1,0,1,30,6,24,5,1,0,1,30
11,dublin,"EARLSFORT TERRACE","Earlsfort Terrace",53.3343,-6.2585,0,0,OPEN,"2025-02-22 13:10:53",1,0,{},6,24,5,1,0,1,30,6,24,5,1,0,1,30
11,dublin,"EARLSFORT TERRACE","Earlsfort Terrace",53.3343,-6.2585,0,0,OPEN,"2025-02-22 13:20:58",1,0,{},6,24,5,1,0,1,30,6,24,5,1,0,1,30
11,dublin,"EARLSFORT TERRACE","Earlsfort Terrace",53.3343,-6.2585,0,0,OPEN,"2025-02-22 13:31:03",1,0,{},6,24,5,1,0,1,30,6,24,5,1,0,1,30
11,dublin,"EARLSFORT TERRACE","Earlsfort Terrace",53.3343,-6.2585,0,0,OPEN,"2025-02-22 13:41:09",1,0,{},6,24,5,1,0,1,30,6,24,5,1,0,1,30
11,dublin,"EARLSFORT TERRACE","Earlsfort Terrace",53.3343,-6.2585,0,0,OPEN,"2025-02-22 13:51:14",1,0,{},6,24,5,1,0,1,30,6,24,5,1,0,1,30
11,dublin,"EARLSFORT TERRACE","Earlsfort Terrace",53.3343,-6.2585,0,0,OPEN,"2025-02-22 14:01:19",1,0,{},6,24,5,1,0,1,30,6,24,5,1,0,1,30
11,dublin,"EARLSFORT TERRACE","Earlsfort Terrace",53.3343,-6.2585,0,0,OPEN,"2025-02-22 14:11:25",1,0,{},6,24,5,1,0,1,30,6,24,5,1,0,1,30
11,dublin,"EARLSFORT TERRACE","Earlsfort Terrace",53.3343,-6.2585,0,0,OPEN,"2025-02-22 14:21:30",1,0,{},6,24,5,1,0,1,30,6,24,5,1,0,1,30
11,dublin,"EARLSFORT TERRACE","Earlsfort Terrace",53.3343,-6.2585,0,0,OPEN,"2025-02-22 14:31:36",1,0,{},6,24,5,1,0,1,30,6,24,5,1,0,1,30
11,dublin,"EARLSFORT TERRACE","Earlsfort Terrace",53.3343,-6.2585,0,0,OPEN,"2025-02-22 14:34:37",1,0,{},5,25,5,0,0,0,30,5,25,5,0,0,0,30
11,dublin,"EARLSFORT TERRACE","Earlsfort Terrace",53.3343,-6.2585,0,0,OPEN,"2025-02-22 14:41:42",1,0,{},5,25,5,0,0,0,30,5,25,5,0,0,0,30
11,dublin,"EARLSFORT TERRACE","Earlsfort Terrace",53.3343,-6.2585,0,0,OPEN,"2025-02-22 14:45:51",1,0,{},6,24,5,1,0,1,30,6,24,5,1,0,1,30
11,dublin,"EARLSFORT TERRACE","Earlsfort Terrace",53.3343,-6.2585,0,0,OPEN,"2025-02-22 14:51:46",1,0,{},7,23,6,1,0,1,30,7,23,6,1,0,1,30
11,dublin,"EARLSFORT TERRACE","Earlsfort Terrace",53.3343,-6.2585,0,0,OPEN,"2025-02-22 15:01:51",1,0,{},7,23,6,1,0,1,30,7,23,6,1,0,1,30
11,dublin,"EARLSFORT TERRACE","Earlsfort Terrace",53.3343,-6.2585,0,0,OPEN,"2025-02-22 15:11:57",1,0,{},7,23,6,1,0,1,30,7,23,6,1,0,1,30
11,dublin,"EARLSFORT TERRACE","Earlsfort Terrace",53.3343,-6.2585,0,0,OPEN,"2025-02-22 15:22:03",1,0,{},8,22,7,1,0,1,30,8,22,7,1,0,1,30
11,dublin,"EARLSFORT TERRACE","Earlsfort Terrace",53.3343,-6.2585,0,0,OPEN,"2025-02-22 15:32:08",1,0,{},8,22,7,1,0,1,30,8,22,7,1,0,1,30
11,dublin,"EARLSFORT TERRACE","Earlsfort Terrace",53.3343,-6.2585,0,0,OPEN,"2025-02-22 15:34:24",1,0,{},7,23,6,1,0,1,30,7,23,6,1,0,1,30
11,dublin,"EARLSFORT TERRACE","Earlsfort Terrace",53.3343,-6.2585,0,0,OPEN,"2025-02-22 15:42:15",1,0,{},7,23,6,1,0,1,30,7,23,6,1,0,1,30
11,dublin,"EARLSFORT TERRACE","Earlsfort Terrace",53.3343,-6.2585,0,0,OPEN,"2025-02-22 15:52:20",1,0,{},7,23,6,1,0,1,30,7,23,6,1,0,1,30
11,dublin,"EARLSFORT TERRACE","Earlsfort Terrace",53.3343,-6.2585,0,0,OPEN,"2025-02-22 16:02:26",1,0,{},7,23,6,1,0,1,30,7,23,6,1,0,1,30
11,dublin,"EARLSFORT TERRACE","Earlsfort Terrace",53.3343,-6.2585,0,0,OPEN,"2025-02-22 16:12:31",1,0,{},7,23,6,1,0,1,30,7,23,6,1,0,1,30
11,dublin,"EARLSFORT TERRACE","Earlsfort Terrace",53.3343,-6.2585,0,0,OPEN,"2025-02-22 16:22:38",1,0,{},8,22,6,2,0,2,30,8,22,6,2,0,2,30
11,dublin,"EARLSFORT TERRACE","Earlsfort Terrace",53.3343,-6.2585,0,0,OPEN,"2025-02-22 16:32:43",1,0,{},8,22,6,2,0,2,30,8,22,6,2,0,2,30
11,dublin,"EARLSFORT TERRACE","Earlsfort Terrace",53.3343,-6.2585,0,0,OPEN,"2025-02-22 16:42:48",1,0,{},8,22,6,2,0,2,30,8,22,6,2,0,2,30
11,dublin,"EARLSFORT TERRACE","Earlsfort Terrace",53.3343,-6.2585,0,0,OPEN,"2025-02-22 16:52:54",1,0,{},8,22,6,2,0,2,30,8,22,6,2,0,2,30
11,dublin,"EARLSFORT TERRACE","Earlsfort Terrace",53.3343,-6.2585,0,0,OPEN,"2025-02-22 17:02:59",1,0,{},8,22,6,2,0,2,30,8,22,6,2,0,2,30
11,dublin,"EARLSFORT TERRACE","Earlsfort Terrace",53.3343,-6.2585,0,0,OPEN,"2025-02-22 17:13:05",1,0,{},8,22,6,2,0,2,30,8,22,6,2,0,2,30
11,dublin,"EARLSFORT TERRACE","Earlsfort Terrace",53.3343,-6.2585,0,0,OPEN,"2025-02-22 17:23:10",1,0,{},8,22,6,2,0,2,30,8,22,6,2,0,2,30
11,dublin,"EARLSFORT TERRACE","Earlsfort Terrace",53.3343,-6.2585,0,0,OPEN,"2025-02-22 17:33:16",1,0,{},8,22,6,2,0,2,30,8,22,6,2,0,2,30
11,dublin,"EARLSFORT TERRACE","Earlsfort Terrace",53.3343,-6.2585,0,0,OPEN,"2025-02-22 17:43:25",1,0,{},6,24,5,1,0,1,30,6,24,5,1,0,1,30
11,dublin,"EARLSFORT TERRACE","Earlsfort Terrace",53.3343,-6.2585,0,0,OPEN,"2025-02-22 17:47:56",1,0,{},5,25,4,1,0,1,30,5,25,4,1,0,1,30
11,dublin,"EARLSFORT TERRACE","Earlsfort Terrace",53.3343,-6.2585,0,0,OPEN,"2025-02-22 17:54:58",1,0,{},4,26,3,1,0,1,30,4,26,3,1,0,1,30
11,dublin,"EARLSFORT TERRACE","Earlsfort Terrace",53.3343,-6.2585,0,0,OPEN,"2025-02-22 18:03:40",1,0,{},4,26,3,1,0,1,30,4,26,3,1,0,1,30
11,dublin,"EARLSFORT TERRACE","Earlsfort Terrace",53.3343,-6.2585,0,0,OPEN,"2025-02-22 18:13:45",1,0,{},4,26,3,1,0,1,30,4,26,3,1,0,1,30
11,dublin,"EARLSFORT TERRACE","Earlsfort Terrace",53.3343,-6.2585,0,0,OPEN,"2025-02-22 18:21:04",1,0,{},3,27,2,1,0,1,30,3,27,2,1,0,1,30
11,dublin,"EARLSFORT TERRACE","Earlsfort Terrace",53.3343,-6.2585,0,0,OPEN,"2025-02-22 18:23:52",1,0,{},3,27,2,1,0,1,30,3,27,2,1,0,1,30
11,dublin,"EARLSFORT TERRACE","Earlsfort Terrace",53.3343,-6.2585,0,0,OPEN,"2025-02-22 18:33:57",1,0,{},3,27,2,1,0,1,30,3,27,2,1,0,1,30
11,dublin,"EARLSFORT TERRACE","Earlsfort Terrace",53.3343,-6.2585,0,0,OPEN,"2025-02-22 18:44:02",1,0,{},3,27,2,1,0,1,30,3,27,2,1,0,1,30
11,dublin,"EARLSFORT TERRACE","Earlsfort Terrace",53.3343,-6.2585,0,0,OPEN,"2025-02-22 18:54:07",1,0,{},3,27,2,1,0,1,30,3,27,2,1,0,1,30
11,dublin,"EARLSFORT TERRACE","Earlsfort Terrace",53.3343,-6.2585,0,0,OPEN,"2025-02-22 19:04:13",1,0,{},3,27,2,1,0,1,30,3,27,2,1,0,1,30
11,dublin,"EARLSFORT TERRACE","Earlsfort Terrace",53.3343,-6.2585,0,0,OPEN,"2025-02-22 19:14:18",1,0,{},3,27,2,1,0,1,30,3,27,2,1,0,1,30
11,dublin,"EARLSFORT TERRACE","Earlsfort Terrace",53.3343,-6.2585,0,0,OPEN,"2025-02-22 19:24:23",1,0,{},3,27,2,1,0,1,30,3,27,2,1,0,1,30
11,dublin,"EARLSFORT TERRACE","Earlsfort Terrace",53.3343,-6.2585,0,0,OPEN,"2025-02-22 19:34:28",1,0,{},3,27,2,1,0,1,30,3,27,2,1,0,1,30
11,dublin,"EARLSFORT TERRACE","Earlsfort Terrace",53.3343,-6.2585,0,0,OPEN,"2025-02-22 19:44:34",1,0,{},3,27,2,1,0,1,30,3,27,2,1,0,1,30
11,dublin,"EARLSFORT TERRACE","Earlsfort Terrace",53.3343,-6.2585,0,0,OPEN,"2025-02-22 19:54:39",1,0,{},3,27,2,1,0,1,30,3,27,2,1,0,1,30
11,dublin,"EARLSFORT TERRACE","Earlsfort Terrace",53.3343,-6.2585,0,0,OPEN,"2025-02-22 20:04:45",1,0,{},3,27,2,1,0,1,30,3,27,2,1,0,1,30
11,dublin,"EARLSFORT TERRACE","Earlsfort Terrace",53.3343,-6.2585,0,0,OPEN,"2025-02-22 20:14:50",1,0,{},3,27,2,1,0,1,30,3,27,2,1,0,1,30
11,dublin,"EARLSFORT TERRACE","Earlsfort Terrace",53.3343,-6.2585,0,0,OPEN,"2025-02-22 20:24:55",1,0,{},3,27,2,1,0,1,30,3,27,2,1,0,1,30
11,dublin,"EARLSFORT TERRACE","Earlsfort Terrace",53.3343,-6.2585,0,0,OPEN,"2025-02-22 20:35:00",1,0,{},3,27,2,1,0,1,30,3,27,2,1,0,1,30
11,dublin,"EARLSFORT TERRACE","Earlsfort Terrace",53.3343,-6.2585,0,0,OPEN,"2025-02-22 20:45:05",1,0,{},3,27,2,1,0,1,30,3,27,2,1,0,1,30
11,dublin,"EARLSFORT TERRACE","Earlsfort Terrace",53.3343,-6.2585,0,0,OPEN,"2025-02-22 20:55:11",1,0,{},3,27,2,1,0,1,30,3,27,2,1,0,1,30
11,dublin,"EARLSFORT TERRACE","Earlsfort Terrace",53.3343,-6.2585,0,0,OPEN,"2025-02-22 21:05:16",1,0,{},3,27,2,1,0,1,30,3,27,2,1,0,1,30
11,dublin,"EARLSFORT TERRACE","Earlsfort Terrace",53.3343,-6.2585,0,0,OPEN,"2025-02-22 21:15:22",1,0,{},3,27,2,1,0,1,30,3,27,2,1,0,1,30
11,dublin,"EARLSFORT TERRACE","Earlsfort Terrace",53.3343,-6.2585,0,0,OPEN,"2025-02-22 21:25:27",1,0,{},3,27,2,1,0,1,30,3,27,2,1,0,1,30
11,dublin,"EARLSFORT TERRACE","Earlsfort Terrace",53.3343,-6.2585,0,0,OPEN,"2025-02-22 21:35:32",1,0,{},3,27,2,1,0,1,30,3,27,2,1,0,1,30
11,dublin,"EARLSFORT TERRACE","Earlsfort Terrace",53.3343,-6.2585,0,0,OPEN,"2025-02-22 21:45:37",1,0,{},3,27,2,1,0,1,30,3,27,2,1,0,1,30
11,dublin,"EARLSFORT TERRACE","Earlsfort Terrace",53.3343,-6.2585,0,0,OPEN,"2025-02-22 21:55:43",1,0,{},3,27,2,1,0,1,30,3,27,2,1,0,1,30
11,dublin,"EARLSFORT TERRACE","Earlsfort Terrace",53.3343,-6.2585,0,0,OPEN,"2025-02-22 22:07:23",1,0,{},2,28,1,1,0,1,30,2,28,1,1,0,1,30
11,dublin,"EARLSFORT TERRACE","Earlsfort Terrace",53.3343,-6.2585,0,0,OPEN,"2025-02-22 22:15:56",1,0,{},2,28,1,1,0,1,30,2,28,1,1,0,1,30
12,dublin,"ECCLES STREET","Eccles Street",53.3592,-6.26978,0,0,OPEN,"2025-02-22 02:56:02",1,0,{},0,20,0,0,0,0,20,0,20,0,0,0,0,20
12,dublin,"ECCLES STREET","Eccles Street",53.3592,-6.26978,0,0,OPEN,"2025-02-22 03:06:05",1,0,{},0,20,0,0,0,0,20,0,20,0,0,0,0,20
12,dublin,"ECCLES STREET","Eccles Street",53.3592,-6.26978,0,0,OPEN,"2025-02-22 10:12:57",1,0,{},0,20,0,0,0,0,20,0,20,0,0,0,0,20
12,dublin,"ECCLES STREET","Eccles Street",53.3592,-6.26978,0,0,OPEN,"2025-02-22 10:23:01",1,0,{},0,20,0,0,0,0,20,0,20,0,0,0,0,20
12,dublin,"ECCLES STREET","Eccles Street",53.3592,-6.26978,0,0,OPEN,"2025-02-22 10:33:05",1,0,{},0,20,0,0,0,0,20,0,20,0,0,0,0,20
12,dublin,"ECCLES STREET","Eccles Street",53.3592,-6.26978,0,0,OPEN,"2025-02-22 10:43:09",1,0,{},0,20,0,0,0,0,20,0,20,0,0,0,0,20
12,dublin,"ECCLES STREET","Eccles Street",53.3592,-6.26978,0,0,OPEN,"2025-02-22 10:53:12",1,0,{},1,19,1,0,0,0,20,1,19,1,0,0,0,20
12,dublin,"ECCLES STREET","Eccles Street",53.3592,-6.26978,0,0,OPEN,"2025-02-22 11:03:16",1,0,{},1,19,1,0,0,0,20,1,19,1,0,0,0,20
12,dublin,"ECCLES STREET","Eccles Street",53.3592,-6.26978,0,0,OPEN,"2025-02-22 11:13:20",1,0,{},1,19,1,0,0,0,20,1,19,1,0,0,0,20
12,dublin,"ECCLES STREET","Eccles Street",53.3592,-6.26978,0,0,OPEN,"2025-02-22 11:23:23",1,0,{},1,19,1,0,0,0,20,1,19,1,0,0,0,20
12,dublin,"ECCLES STREET","Eccles Street",53.3592,-6.26978,0,0,OPEN,"2025-02-22 11:33:27",1,0,{},1,19,1,0,0,0,20,1,19,1,0,0,0,20
12,dublin,"ECCLES STREET","Eccles Street",53.3592,-6.26978,0,0,OPEN,"2025-02-22 11:43:31",1,0,{},1,19,1,0,0,0,20,1,19,1,0,0,0,20
12,dublin,"ECCLES STREET","Eccles Street",53.3592,-6.26978,0,0,OPEN,"2025-02-22 11:53:34",1,0,{},1,19,1,0,0,0,20,1,19,1,0,0,0,20
12,dublin,"ECCLES STREET","Eccles Street",53.3592,-6.26978,0,0,OPEN,"2025-02-22 12:03:38",1,0,{},1,19,1,0,0,0,20,1,19,1,0,0,0,20
12,dublin,"ECCLES STREET","Eccles Street",53.3592,-6.26978,0,0,OPEN,"2025-02-22 12:13:41",1,0,{},1,19,1,0,0,0,20,1,19,1,0,0,0,20
12,dublin,"ECCLES STREET","Eccles Street",53.3592,-6.26978,0,0,OPEN,"2025-02-22 12:19:54",1,0,{},2,18,2,0,0,0,20,2,18,2,0,0,0,20
12,dublin,"ECCLES STREET","Eccles Street",53.3592,-6.26978,0,0,OPEN,"2025-02-22 12:28:23",1,0,{},2,18,2,0,0,0,20,2,18,2,0,0,0,20
12,dublin,"ECCLES STREET","Eccles Street",53.3592,-6.26978,0,0,OPEN,"2025-02-22 12:28:43",1,0,{},1,19,1,0,0,0,20,1,19,1,0,0,0,20
12,dublin,"ECCLES STREET","Eccles Street",53.3592,-6.26978,0,0,OPEN,"2025-02-22 12:33:50",1,0,{},1,19,1,0,0,0,20,1,19,1,0,0,0,20
12,dublin,"ECCLES STREET","Eccles Street",53.3592,-6.26978,0,0,OPEN,"2025-02-22 12:47:16",1,0,{},0,20,0,0,0,0,20,0,20,0,0,0,0,20
12,dublin,"ECCLES STREET","Eccles Street",53.3592,-6.26978,0,0,OPEN,"2025-02-22 12:53:59",1,0,{},0,20,0,0,0,0,20,0,20,0,0,0,0,20
12,dublin,"ECCLES STREET","Eccles Street",53.3592,-6.26978,0,0,OPEN,"2025-02-22 13:04:03",1,0,{},0,20,0,0,0,0,20,0,20,0,0,0,0,20
12,dublin,"ECCLES STREET","Eccles Street",53.3592,-6.26978,0,0,OPEN,"2025-02-22 13:14:07",1,0,{},0,20,0,0,0,0,20,0,20,0,0,0,0,20
12,dublin,"ECCLES STREET","Eccles Street",53.3592,-6.26978,0,0,OPEN,"2025-02-22 13:24:10",1,0,{},0,20,0,0,0,0,20,0,20,0,0,0,0,20
12,dublin,"ECCLES STREET","Eccles Street",53.3592,-6.26978,0,0,OPEN,"2025-02-22 13:34:14",1,0,{},0,20,0,0,0,0,20,0,20,0,0,0,0,20
12,dublin,"ECCLES STREET","Eccles Street",53.3592,-6.26978,0,0,OPEN,"2025-02-22 13:44:18",1,0,{},0,20,0,0,0,0,20,0,20,0,0,0,0,20
12,dublin,"ECCLES STREET","Eccles Street",53.3592,-6.26978,0,0,OPEN,"2025-02-22 13:54:21",1,0,{},0,20,0,0,0,0,20,0,20,0,0,0,0,20
12,dublin,"ECCLES STREET","Eccles Street",53.3592,-6.26978,0,0,OPEN,"2025-02-22 14:04:25",1,0,{},0,20,0,0,0,0,20,0,20,0,0,0,0,20
12,dublin,"ECCLES STREET","Eccles Street",53.3592,-6.26978,0,0,OPEN,"2025-02-22 14:10:51",1,0,{},1,19,0,1,0,1,20,1,19,0,1,0,1,20
12,dublin,"ECCLES STREET","Eccles Street",53.3592,-6.26978,0,0,OPEN,"2025-02-22 14:14:28",1,0,{},1,19,0,1,0,1,20,1,19,0,1,0,1,20
12,dublin,"ECCLES STREET","Eccles Street",53.3592,-6.26978,0,0,OPEN,"2025-02-22 14:21:34",1,0,{},1,19,0,1,0,1,20,1,19,0,1,0,1,20
12,dublin,"ECCLES STREET","Eccles Street",53.3592,-6.26978,0,0,OPEN,"2025-02-22 14:26:21",1,0,{},0,20,0,0,0,0,20,0,20,0,0,0,0,20
12,dublin,"ECCLES STREET","Eccles Street",53.3592,-6.26978,0,0,OPEN,"2025-02-22 14:34:38",1,0,{},0,20,0,0,0,0,20,0,20,0,0,0,0,20
12,dublin,"ECCLES STREET","Eccles Street",53.3592,-6.26978,0,0,OPEN,"2025-02-22 14:44:41",1,0,{},0,20,0,0,0,0,20,0,20,0,0,0,0,20
12,dublin,"ECCLES STREET","Eccles Street",53.3592,-6.26978,0,0,OPEN,"2025-02-22 14:54:45",1,0,{},0,20,0,0,0,0,20,0,20,0,0,0,0,20
12,dublin,"ECCLES STREET","Eccles Street",53.3592,-6.26978,0,0,OPEN,"2025-02-22 15:04:49",1,0,{},0,20,0,0,0,0,20,0,20,0,0,0,0,20
12,dublin,"ECCLES STREET","Eccles Street",53.3592,-6.26978,0,0,OPEN,"2025-02-22 15:14:52",1,0,{},0,20,0,0,0,0,20,0,20,0,0,0,0,20
12,dublin,"ECCLES STREET","Eccles Street",53.3592,-6.26978,0,0,OPEN,"2025-02-22 15:24:56",1,0,{},0,20,0,0,0,0,20,0,20,0,0,0,0,20
12,dublin,"ECCLES STREET","Eccles Street",53.3592,-6.26978,0,0,OPEN,"2025-02-22 15:35:00",1,0,{},0,20,0,0,0,0,20,0,20,0,0,0,0,20
12,dublin,"ECCLES STREET","Eccles Street",53.3592,-6.26978,0,0,OPEN,"2025-02-22 15:45:04",1,0,{},0,20,0,0,0,0,20,0,20,0,0,0,0,20
12,dublin,"ECCLES STREET","Eccles Street",53.3592,-6.26978,0,0,OPEN,"2025-02-22 15:55:08",1,0,{},0,20,0,0,0,0,20,0,20,0,0,0,0,20
12,dublin,"ECCLES STREET","Eccles Street",53.3592,-6.26978,0,0,OPEN,"2025-02-22 16:05:12",1,0,{},0,20,0,0,0,0,20,0,20,0,0,0,0,20
12,dublin,"ECCLES STREET","Eccles Street",53.3592,-6.26978,0,0,OPEN,"2025-02-22 16:15:16",1,0,{},0,20,0,0,0,0,20,0,20,0,0,0,0,20
12,dublin,"ECCLES STREET","Eccles Street",53.3592,-6.26978,0,0,OPEN,"2025-02-22 16:25:19",1,0,{},0,20,0,0,0,0,20,0,20,0,0,0,0,20
12,dublin,"ECCLES STREET","Eccles Street",53.3592,-6.26978,0,0,OPEN,"2025-02-22 16:35:23",1,0,{},0,20,0,0,0,0,20,0,20,0,0,0,0,20
12,dublin,"ECCLES STREET","Eccles Street",53.3592,-6.26978,0,0,OPEN,"2025-02-22 16:45:27",1,0,{},0,20,0,0,0,0,20,0,20,0,0,0,0,20
12,dublin,"ECCLES STREET","Eccles Street",53.3592,-6.26978,0,0,OPEN,"2025-02-22 16:55:31",1,0,{},0,20,0,0,0,0,20,0,20,0,0,0,0,20
12,dublin,"ECCLES STREET","Eccles Street",53.3592,-6.26978,0,0,OPEN,"2025-02-22 17:05:34",1,0,{},0,20,0,0,0,0,20,0,20,0,0,0,0,20
12,dublin,"ECCLES STREET","Eccles Street",53.3592,-6.26978,0,0,OPEN,"2025-02-22 17:15:38",1,0,{},0,20,0,0,0,0,20,0,20,0,0,0,0,20
12,dublin,"ECCLES STREET","Eccles Street",53.3592,-6.26978,0,0,OPEN,"2025-02-22 17:25:41",1,0,{},0,20,0,0,0,0,20,0,20,0,0,0,0,20
12,dublin,"ECCLES STREET","Eccles Street",53.3592,-6.26978,0,0,OPEN,"2025-02-22 17:35:45",1,0,{},0,20,0,0,0,0,20,0,20,0,0,0,0,20
12,dublin,"ECCLES STREET","Eccles Street",53.3592,-6.26978,0,0,OPEN,"2025-02-22 17:45:49",1,0,{},0,20,0,0,0,0,20,0,20,0,0,0,0,20
12,dublin,"ECCLES STREET","Eccles Street",53.3592,-6.26978,0,0,OPEN,"2025-02-22 17:55:53",1,0,{},0,20,0,0,0,0,20,0,20,0,0,0,0,20
12,dublin,"ECCLES STREET","Eccles Street",53.3592,-6.26978,0,0,OPEN,"2025-02-22 18:05:57",1,0,{},0,20,0,0,0,0,20,0,20,0,0,0,0,20
12,dublin,"ECCLES STREET","Eccles Street",53.3592,-6.26978,0,0,OPEN,"2025-02-22 18:16:01",1,0,{},0,20,0,0,0,0,20,0,20,0,0,0,0,20
12,dublin,"ECCLES STREET","Eccles Street",53.3592,-6.26978,0,0,OPEN,"2025-02-22 18:26:04",1,0,{},0,20,0,0,0,0,20,0,20,0,0,0,0,20
12,dublin,"ECCLES STREET","Eccles Street",53.3592,-6.26978,0,0,OPEN,"2025-02-22 18:36:08",1,0,{},0,20,0,0,0,0,20,0,20,0,0,0,0,20
12,dublin,"ECCLES STREET","Eccles Street",53.3592,-6.26978,0,0,OPEN,"2025-02-22 18:46:11",1,0,{},0,20,0,0,0,0,20,0,20,0,0,0,0,20
12,dublin,"ECCLES STREET","Eccles Street",53.3592,-6.26978,0,0,OPEN,"2025-02-22 18:49:39",1,0,{},1,19,1,0,0,0,20,1,19,1,0,0,0,20
12,dublin,"ECCLES STREET","Eccles Street",53.3592,-6.26978,0,0,OPEN,"2025-02-22 18:56:15",1,0,{},1,19,1,0,0,0,20,1,19,1,0,0,0,20
12,dublin,"ECCLES STREET","Eccles Street",53.3592,-6.26978,0,0,OPEN,"2025-02-22 19:06:20",1,0,{},1,19,1,0,0,0,20,1,19,1,0,0,0,20
12,dublin,"ECCLES STREET","Eccles Street",53.3592,-6.26978,0,0,OPEN,"2025-02-22 19:16:24",1,0,{},1,19,1,0,0,0,20,1,19,1,0,0,0,20
12,dublin,"ECCLES STREET","Eccles Street",53.3592,-6.26978,0,0,OPEN,"2025-02-22 19:26:27",1,0,{},1,19,1,0,0,0,20,1,19,1,0,0,0,20
12,dublin,"ECCLES STREET","Eccles Street",53.3592,-6.26978,0,0,OPEN,"2025-02-22 19:36:31",1,0,{},1,19,1,0,0,0,20,1,19,1,0,0,0,20
12,dublin,"ECCLES STREET","Eccles Street",53.3592,-6.26978,0,0,OPEN,"2025-02-22 19:46:35",1,0,{},1,19,1,0,0,0,20,1,19,1,0,0,0,20
12,dublin,"ECCLES STREET","Eccles Street",53.3592,-6.26978,0,0,OPEN,"2025-02-22 19:53:14",1,0,{},2,18,2,0,0,0,20,2,18,2,0,0,0,20
12,dublin,"ECCLES STREET","Eccles Street",53.3592,-6.26978,0,0,OPEN,"2025-02-22 19:56:40",1,0,{},2,18,2,0,0,0,20,2,18,2,0,0,0,20
12,dublin,"ECCLES STREET","Eccles Street",53.3592,-6.26978,0,0,OPEN,"2025-02-22 20:06:44",1,0,{},2,18,2,0,0,0,20,2,18,2,0,0,0,20
12,dublin,"ECCLES STREET","Eccles Street",53.3592,-6.26978,0,0,OPEN,"2025-02-22 20:12:34",1,0,{},1,19,1,0,0,0,20,1,19,1,0,0,0,20
12,dublin,"ECCLES STREET","Eccles Street",53.3592,-6.26978,0,0,OPEN,"2025-02-22 20:16:50",1,0,{},1,19,1,0,0,0,20,1,19,1,0,0,0,20
12,dublin,"ECCLES STREET","Eccles Street",53.3592,-6.26978,0,0,OPEN,"2025-02-22 20:26:53",1,0,{},1,19,1,0,0,0,20,1,19,1,0,0,0,20
12,dublin,"ECCLES STREET","Eccles Street",53.3592,-6.26978,0,0,OPEN,"2025-02-22 20:36:57",1,0,{},1,19,1,0,0,0,20,1,19,1,0,0,0,20
12,dublin,"ECCLES STREET","Eccles Street",53.3592,-6.26978,0,0,OPEN,"2025-02-22 20:47:01",1,0,{},1,19,1,0,0,0,20,1,19,1,0,0,0,20
12,dublin,"ECCLES STREET","Eccles Street",53.3592,-6.26978,0,0,OPEN,"2025-02-22 20:57:04",1,0,{},1,19,1,0,0,0,20,1,19,1,0,0,0,20
12,dublin,"ECCLES STREET","Eccles Street",53.3592,-6.26978,0,0,OPEN,"2025-02-22 21:07:08",1,0,{},1,19,1,0,0,0,20,1,19,1,0,0,0,20
12,dublin,"ECCLES STREET","Eccles Street",53.3592,-6.26978,0,0,OPEN,"2025-02-22 21:17:12",1,0,{},1,19,1,0,0,0,20,1,19,1,0,0,0,20
12,dublin,"ECCLES STREET","Eccles Street",53.3592,-6.26978,0,0,OPEN,"2025-02-22 21:27:14",1,0,{},1,19,1,0,0,0,20,1,19,1,0,0,0,20
12,dublin,"ECCLES STREET","Eccles Street",53.3592,-6.26978,0,0,OPEN,"2025-02-22 21:37:19",1,0,{},0,20,0,0,0,0,20,0,20,0,0,0,0,20
12,dublin,"ECCLES STREET","Eccles Street",53.3592,-6.26978,0,0,OPEN,"2025-02-22 21:47:23",1,0,{},0,20,0,0,0,0,20,0,20,0,0,0,0,20
12,dublin,"ECCLES STREET","Eccles Street",53.3592,-6.26978,0,0,OPEN,"2025-02-22 21:57:27",1,0,{},0,20,0,0,0,0,20,0,20,0,0,0,0,20
12,dublin,"ECCLES STREET","Eccles Street",53.3592,-6.26978,0,0,OPEN,"2025-02-22 22:07:30",1,0,{},0,20,0,0,0,0,20,0,20,0,0,0,0,20
13,dublin,"FITZWILLIAM SQUARE WEST","Fitzwilliam Square West",53.3361,-6.25282,0,0,OPEN,"2025-02-22 02:57:19",1,0,{},0,30,0,0,0,0,30,0,30,0,0,0,0,30
13,dublin,"FITZWILLIAM SQUARE WEST","Fitzwilliam Square West",53.3361,-6.25282,0,0,OPEN,"2025-02-22 03:07:22",1,0,{},0,30,0,0,0,0,30,0,30,0,0,0,0,30
13,dublin,"FITZWILLIAM SQUARE WEST","Fitzwilliam Square West",53.3361,-6.25282,0,0,OPEN,"2025-02-22 10:12:08",1,0,{},0,30,0,0,0,0,30,0,30,0,0,0,0,30
13,dublin,"FITZWILLIAM SQUARE WEST","Fitzwilliam Square West",53.3361,-6.25282,0,0,OPEN,"2025-02-22 10:22:13",1,0,{},0,30,0,0,0,0,30,0,30,0,0,0,0,30
13,dublin,"FITZWILLIAM SQUARE WEST","Fitzwilliam Square West",53.3361,-6.25282,0,0,OPEN,"2025-02-22 10:32:18",1,0,{},0,30,0,0,0,0,30,0,30,0,0,0,0,30
13,dublin,"FITZWILLIAM SQUARE WEST","Fitzwilliam Square West",53.3361,-6.25282,0,0,OPEN,"2025-02-22 10:42:24",1,0,{},0,30,0,0,0,0,30,0,30,0,0,0,0,30
13,dublin,"FITZWILLIAM SQUARE WEST","Fitzwilliam Square West",53.3361,-6.25282,0,0,OPEN,"2025-02-22 10:52:29",1,0,{},0,30,0,0,0,0,30,0,30,0,0,0,0,30
13,dublin,"FITZWILLIAM SQUARE WEST","Fitzwilliam Square West",53.3361,-6.25282,0,0,OPEN,"2025-02-22 11:02:34",1,0,{},0,30,0,0,0,0,30,0,30,0,0,0,0,30
13,dublin,"FITZWILLIAM SQUARE WEST","Fitzwilliam Square West",53.3361,-6.25282,0,0,OPEN,"2025-02-22 11:12:40",1,0,{},0,30,0,0,0,0,30,0,30,0,0,0,0,30
13,dublin,"FITZWILLIAM SQUARE WEST","Fitzwilliam Square West",53.3361,-6.25282,0,0,OPEN,"2025-02-22 11:22:45",1,0,{},0,30,0,0,0,0,30,0,30,0,0,0,0,30
13,dublin,"FITZWILLIAM SQUARE WEST","Fitzwilliam Square West",53.3361,-6.25282,0,0,OPEN,"2025-02-22 11:32:50",1,0,{},0,30,0,0,0,0,30,0,30,0,0,0,0,30
13,dublin,"FITZWILLIAM SQUARE WEST","Fitzwilliam Square West",53.3361,-6.25282,0,0,OPEN,"2025-02-22 11:42:56",1,0,{},0,30,0,0,0,0,30,0,30,0,0,0,0,30
13,dublin,"FITZWILLIAM SQUARE WEST","Fitzwilliam Square West",53.3361,-6.25282,0,0,OPEN,"2025-02-22 11:53:01",1,0,{},0,30,0,0,0,0,30,0,30,0,0,0,0,30
13,dublin,"FITZWILLIAM SQUARE WEST","Fitzwilliam Square West",53.3361,-6.25282,0,0,OPEN,"2025-02-22 12:03:06",1,0,{},0,30,0,0,0,0,30,0,30,0,0,0,0,30
13,dublin,"FITZWILLIAM SQUARE WEST","Fitzwilliam Square West",53.3361,-6.25282,0,0,OPEN,"2025-02-22 12:13:12",1,0,{},0,30,0,0,0,0,30,0,30,0,0,0,0,30
13,dublin,"FITZWILLIAM SQUARE WEST","Fitzwilliam Square West",53.3361,-6.25282,0,0,OPEN,"2025-02-22 12:23:17",1,0,{},0,30,0,0,0,0,30,0,30,0,0,0,0,30
13,dublin,"FITZWILLIAM SQUARE WEST","Fitzwilliam Square West",53.3361,-6.25282,0,0,OPEN,"2025-02-22 12:24:26",1,0,{},1,29,1,0,0,0,30,1,29,1,0,0,0,30
13,dublin,"FITZWILLIAM SQUARE WEST","Fitzwilliam Square West",53.3361,-6.25282,0,0,OPEN,"2025-02-22 12:33:23",1,0,{},1,29,1,0,0,0,30,1,29,1,0,0,0,30
13,dublin,"FITZWILLIAM SQUARE WEST","Fitzwilliam Square West",53.3361,-6.25282,0,0,OPEN,"2025-02-22 12:43:29",1,0,{},1,29,1,0,0,0,30,1,29,1,0,0,0,30
13,dublin,"FITZWILLIAM SQUARE WEST","Fitzwilliam Square West",53.3361,-6.25282,0,0,OPEN,"2025-02-22 12:50:48",1,0,{},2,28,2,0,0,0,30,2,28,2,0,0,0,30
13,dublin,"FITZWILLIAM SQUARE WEST","Fitzwilliam Square West",53.3361,-6.25282,0,0,OPEN,"2025-02-22 12:53:34",1,0,{},2,28,2,0,0,0,30,2,28,2,0,0,0,30
13,dublin,"FITZWILLIAM SQUARE WEST","Fitzwilliam Square West",53.3361,-6.25282,0,0,OPEN,"2025-02-22 13:03:39",1,0,{},2,28,2,0,0,0,30,2,28,2,0,0,0,30
13,dublin,"FITZWILLIAM SQUARE WEST","Fitzwilliam Square West",53.3361,-6.25282,0,0,OPEN,"2025-02-22 13:13:45",1,0,{},2,28,2,0,0,0,30,2,28,2,0,0,0,30
13,dublin,"FITZWILLIAM SQUARE WEST","Fitzwilliam Square West",53.3361,-6.25282,0,0,OPEN,"2025-02-22 13:23:23",1,0,{},2,28,2,0,0,0,30,2,28,2,0,0,0,30
13,dublin,"FITZWILLIAM SQUARE WEST","Fitzwilliam Square West",53.3361,-6.25282,0,0,OPEN,"2025-02-22 13:27:39",1,0,{},2,28,2,0,0,0,30,2,28,2,0,0,0,30
13,dublin,"FITZWILLIAM SQUARE WEST","Fitzwilliam Square West",53.3361,-6.25282,0,0,OPEN,"2025-02-22 13:31:12",1,0,{},1,29,1,0,0,0,30,1,29,1,0,0,0,30
13,dublin,"FITZWILLIAM SQUARE WEST","Fitzwilliam Square West",53.3361,-6.25282,0,0,OPEN,"2025-02-22 13:34:31",1,0,{},1,29,1,0,0,0,30,1,29,1,0,0,0,30
13,dublin,"FITZWILLIAM SQUARE WEST","Fitzwilliam Square West",53.3361,-6.25282,0,0,OPEN,"2025-02-22 13:44:36",1,0,{},1,29,1,0,0,0,30,1,29,1,0,0,0,30
13,dublin,"FITZWILLIAM SQUARE WEST","Fitzwilliam Square West",53.3361,-6.25282,0,0,OPEN,"2025-02-22 13:54:42",1,0,{},1,29,1,0,0,0,30,1,29,1,0,0,0,30
13,dublin,"FITZWILLIAM SQUARE WEST","Fitzwilliam Square West",53.3361,-6.25282,0,0,OPEN,"2025-02-22 14:04:47",1,0,{},1,29,1,0,0,0,30,1,29,1,0,0,0,30
13,dublin,"FITZWILLIAM SQUARE WEST","Fitzwilliam Square West",53.3361,-6.25282,0,0,OPEN,"2025-02-22 14:14:52",1,0,{},1,29,1,0,0,0,30,1,29,1,0,0,0,30
13,dublin,"FITZWILLIAM SQUARE WEST","Fitzwilliam Square West",53.3361,-6.25282,0,0,OPEN,"2025-02-22 14:24:58",1,0,{},1,29,1,0,0,0,30,1,29,1,0,0,0,30
13,dublin,"FITZWILLIAM SQUARE WEST","Fitzwilliam Square West",53.3361,-6.25282,0,0,OPEN,"2025-02-22 14:30:20",1,0,{},2,28,1,1,0,1,30,2,28,1,1,0,1,30
13,dublin,"FITZWILLIAM SQUARE WEST","Fitzwilliam Square West",53.3361,-6.25282,0,0,OPEN,"2025-02-22 14:35:03",1,0,{},2,28,1,1,0,1,30,2,28,1,1,0,1,30
13,dublin,"FITZWILLIAM SQUARE WEST","Fitzwilliam Square West",53.3361,-6.25282,0,0,OPEN,"2025-02-22 14:45:08",1,0,{},2,28,1,1,0,1,30,2,28,1,1,0,1,30
13,dublin,"FITZWILLIAM SQUARE WEST","Fitzwilliam Square West",53.3361,-6.25282,0,0,OPEN,"2025-02-22 14:55:14",1,0,{},2,28,1,1,0,1,30,2,28,1,1,0,1,30
13,dublin,"FITZWILLIAM SQUARE WEST","Fitzwilliam Square West",53.3361,-6.25282,0,0,OPEN,"2025-02-22 15:05:19",1,0,{},2,28,1,1,0,1,30,2,28,1,1,0,1,30
13,dublin,"FITZWILLIAM SQUARE WEST","Fitzwilliam Square West",53.3361,-6.25282,0,0,OPEN,"2025-02-22 15:15:25",1,0,{},2,28,1,1,0,1,30,2,28,1,1,0,1,30
13,dublin,"FITZWILLIAM SQUARE WEST","Fitzwilliam Square West",53.3361,-6.25282,0,0,OPEN,"2025-02-22 15:25:30",1,0,{},2,28,1,1,0,1,30,2,28,1,1,0,1,30
13,dublin,"FITZWILLIAM SQUARE WEST","Fitzwilliam Square West",53.3361,-6.25282,0,0,OPEN,"2025-02-22 15:35:35",1,0,{},2,28,1,1,0,1,30,2,28,1,1,0,1,30
13,dublin,"FITZWILLIAM SQUARE WEST","Fitzwilliam Square West",53.3361,-6.25282,0,0,OPEN,"2025-02-22 15:45:41",1,0,{},2,28,1,1,0,1,30,2,28,1,1,0,1,30
13,dublin,"FITZWILLIAM SQUARE WEST","Fitzwilliam Square West",53.3361,-6.25282,0,0,OPEN,"2025-02-22 15:55:46",1,0,{},2,28,1,1,0,1,30,2,28,1,1,0,1,30
13,dublin,"FITZWILLIAM SQUARE WEST","Fitzwilliam Square West",53.3361,-6.25282,0,0,OPEN,"2025-02-22 16:08:22",1,0,{},3,27,2,1,0,1,30,3,27,2,1,0,1,30
13,dublin,"FITZWILLIAM SQUARE WEST","Fitzwilliam Square West",53.3361,-6.25282,0,0,OPEN,"2025-02-22 16:15:58",1,0,{},2,28,1,1,0,1,30,2,28,1,1,0,1,30
13,dublin,"FITZWILLIAM SQUARE WEST","Fitzwilliam Square West",53.3361,-6.25282,0,0,OPEN,"2025-02-22 16:26:03",1,0,{},2,28,1,1,0,1,30,2,28,1,1,0,1,30
13,dublin,"FITZWILLIAM SQUARE WEST","Fitzwilliam Square West",53.3361,-6.25282,0,0,OPEN,"2025-02-22 16:36:09",1,0,{},2,28,1,1,0,1,30,2,28,1,1,0,1,30
13,dublin,"FITZWILLIAM SQUARE WEST","Fitzwilliam Square West",53.3361,-6.25282,0,0,OPEN,"2025-02-22 16:47:35",1,0,{},3,27,2,1,0,1,30,3,27,2,1,0,1,30
13,dublin,"FITZWILLIAM SQUARE WEST","Fitzwilliam Square West",53.3361,-6.25282,0,0,OPEN,"2025-02-22 16:48:41",1,0,{},2,28,2,0,0,0,30,2,28,2,0,0,0,30
13,dublin,"FITZWILLIAM SQUARE WEST","Fitzwilliam Square West",53.3361,-6.25282,0,0,OPEN,"2025-02-22 16:56:20",1,0,{},2,28,2,0,0,0,30,2,28,2,0,0,0,30
13,dublin,"FITZWILLIAM SQUARE WEST","Fitzwilliam Square West",53.3361,-6.25282,0,0,OPEN,"2025-02-22 17:06:26",1,0,{},2,28,2,0,0,0,30,2,28,2,0,0,0,30
13,dublin,"FITZWILLIAM SQUARE WEST","Fitzwilliam Square West",53.3361,-6.25282,0,0,OPEN,"2025-02-22 17:09:22",1,0,{},3,27,3,0,0,0,30,3,27,3,0,0,0,30
13,dublin,"FITZWILLIAM SQUARE WEST","Fitzwilliam Square West",53.3361,-6.25282,0,0,OPEN,"2025-02-22 17:16:32",1,0,{},3,27,3,0,0,0,30,3,27,3,0,0,0,30
13,dublin,"FITZWILLIAM SQUARE WEST","Fitzwilliam Square West",53.3361,-6.25282,0,0,OPEN,"2025-02-22 17:26:37",1,0,{},3,27,3,0,0,0,30,3,27,3,0,0,0,30
13,dublin,"FITZWILLIAM SQUARE WEST","Fitzwilliam Square West",53.3361,-6.25282,0,0,OPEN,"2025-02-22 17:36:43",1,0,{},3,27,3,0,0,0,30,3,27,3,0,0,0,30
13,dublin,"FITZWILLIAM SQUARE WEST","Fitzwilliam Square West",53.3361,-6.25282,0,0,OPEN,"2025-02-22 17:46:48",1,0,{},3,27,3,0,0,0,30,3,27,3,0,0,0,30
13,dublin,"FITZWILLIAM SQUARE WEST","Fitzwilliam Square West",53.3361,-6.25282,0,0,OPEN,"2025-02-22 17:56:54",1,0,{},3,27,3,0,0,0,30,3,27,3,0,0,0,30
13,dublin,"FITZWILLIAM SQUARE WEST","Fitzwilliam Square West",53.3361,-6.25282,0,0,OPEN,"2025-02-22 18:01:44",1,0,{},5,25,5,0,0,0,30,5,25,5,0,0,0,30
13,dublin,"FITZWILLIAM SQUARE WEST","Fitzwilliam Square West",53.3361,-6.25282,0,0,OPEN,"2025-02-22 18:07:00",1,0,{},5,25,5,0,0,0,30,5,25,5,0,0,0,30
13,dublin,"FITZWILLIAM SQUARE WEST","Fitzwilliam Square West",53.3361,-6.25282,0,0,OPEN,"2025-02-22 18:12:39",1,0,{},6,24,6,0,0,0,30,6,24,6,0,0,0,30
13,dublin,"FITZWILLIAM SQUARE WEST","Fitzwilliam Square West",53.3361,-6.25282,0,0,OPEN,"2025-02-22 18:17:07",1,0,{},6,24,6,0,0,0,30,6,24,6,0,0,0,30
13,dublin,"FITZWILLIAM SQUARE WEST","Fitzwilliam Square West",53.3361,-6.25282,0,0,OPEN,"2025-02-22 18:27:12",1,0,{},6,24,6,0,0,0,30,6,24,6,0,0,0,30
13,dublin,"FITZWILLIAM SQUARE WEST","Fitzwilliam Square West",53.3361,-6.25282,0,0,OPEN,"2025-02-22 18:37:17",1,0,{},6,24,6,0,0,0,30,6,24,6,0,0,0,30
13,dublin,"FITZWILLIAM SQUARE WEST","Fitzwilliam Square West",53.3361,-6.25282,0,0,OPEN,"2025-02-22 18:47:23",1,0,{},6,24,6,0,0,0,30,6,24,6,0,0,0,30
13,dublin,"FITZWILLIAM SQUARE WEST","Fitzwilliam Square West",53.3361,-6.25282,0,0,OPEN,"2025-02-22 18:50:07",1,0,{},5,25,5,0,0,0,30,5,25,5,0,0,0,30
13,dublin,"FITZWILLIAM SQUARE WEST","Fitzwilliam Square West",53.3361,-6.25282,0,0,OPEN,"2025-02-22 18:57:30",1,0,{},5,25,5,0,0,0,30,5,25,5,0,0,0,30
13,dublin,"FITZWILLIAM SQUARE WEST","Fitzwilliam Square West",53.3361,-6.25282,0,0,OPEN,"2025-02-22 19:00:31",1,0,{},4,26,4,0,0,0,30,4,26,4,0,0,0,30
13,dublin,"FITZWILLIAM SQUARE WEST","Fitzwilliam Square West",53.3361,-6.25282,0,0,OPEN,"2025-02-22 19:07:37",1,0,{},4,26,4,0,0,0,30,4,26,4,0,0,0,30
13,dublin,"FITZWILLIAM SQUARE WEST","Fitzwilliam Square West",53.3361,-6.25282,0,0,OPEN,"2025-02-22 19:17:42",1,0,{},4,26,4,0,0,0,30,4,26,4,0,0,0,30
13,dublin,"FITZWILLIAM SQUARE WEST","Fitzwilliam Square West",53.3361,-6.25282,0,0,OPEN,"2025-02-22 19:27:47",1,0,{},4,26,4,0,0,0,30,4,26,4,0,0,0,30
13,dublin,"FITZWILLIAM SQUARE WEST","Fitzwilliam Square West",53.3361,-6.25282,0,0,OPEN,"2025-02-22 19:37:53",1,0,{},5,25,5,0,0,0,30,5,25,5,0,0,0,30
13,dublin,"FITZWILLIAM SQUARE WEST","Fitzwilliam Square West",53.3361,-6.25282,0,0,OPEN,"2025-02-22 19:47:58",1,0,{},5,25,5,0,0,0,30,5,25,5,0,0,0,30
13,dublin,"FITZWILLIAM SQUARE WEST","Fitzwilliam Square West",53.3361,-6.25282,0,0,OPEN,"2025-02-22 19:58:03",1,0,{},5,25,5,0,0,0,30,5,25,5,0,0,0,30
13,dublin,"FITZWILLIAM SQUARE WEST","Fitzwilliam Square West",53.3361,-6.25282,0,0,OPEN,"2025-02-22 20:08:08",1,0,{},5,25,5,0,0,0,30,5,25,5,0,0,0,30
13,dublin,"FITZWILLIAM SQUARE WEST","Fitzwilliam Square West",53.3361,-6.25282,0,0,OPEN,"2025-02-22 20:18:14",1,0,{},5,25,5,0,0,0,30,5,25,5,0,0,0,30
13,dublin,"FITZWILLIAM SQUARE WEST","Fitzwilliam Square West",53.3361,-6.25282,0,0,OPEN,"2025-02-22 20:28:19",1,0,{},5,25,5,0,0,0,30,5,25,5,0,0,0,30
13,dublin,"FITZWILLIAM SQUARE WEST","Fitzwilliam Square West",53.3361,-6.25282,0,0,OPEN,"2025-02-22 20:38:24",1,0,{},5,25,5,0,0,0,30,5,25,5,0,0,0,30
13,dublin,"FITZWILLIAM SQUARE WEST","Fitzwilliam Square West",53.3361,-6.25282,0,0,OPEN,"2025-02-22 20:48:29",1,0,{},5,25,5,0,0,0,30,5,25,5,0,0,0,30
13,dublin,"FITZWILLIAM SQUARE WEST","Fitzwilliam Square West",53.3361,-6.25282,0,0,OPEN,"2025-02-22 20:58:35",1,0,{},4,26,4,0,0,0,30,4,26,4,0,0,0,30
13,dublin,"FITZWILLIAM SQUARE WEST","Fitzwilliam Square West",53.3361,-6.25282,0,0,OPEN,"2025-02-22 21:08:40",1,0,{},4,26,4,0,0,0,30,4,26,4,0,0,0,30
13,dublin,"FITZWILLIAM SQUARE WEST","Fitzwilliam Square West",53.3361,-6.25282,0,0,OPEN,"2025-02-22 21:18:46",1,0,{},4,26,4,0,0,0,30,4,26,4,0,0,0,30
13,dublin,"FITZWILLIAM SQUARE WEST","Fitzwilliam Square West",53.3361,-6.25282,0,0,OPEN,"2025-02-22 21:28:55",1,0,{},3,27,3,0,0,0,30,3,27,3,0,0,0,30
13,dublin,"FITZWILLIAM SQUARE WEST","Fitzwilliam Square West",53.3361,-6.25282,0,0,OPEN,"2025-02-22 21:39:00",1,0,{},4,26,4,0,0,0,30,4,26,4,0,0,0,30
13,dublin,"FITZWILLIAM SQUARE WEST","Fitzwilliam Square West",53.3361,-6.25282,0,0,OPEN,"2025-02-22 21:49:06",1,0,{},5,25,5,0,0,0,30,5,25,5,0,0,0,30
13,dublin,"FITZWILLIAM SQUARE WEST","Fitzwilliam Square West",53.3361,-6.25282,0,0,OPEN,"2025-02-22 21:59:11",1,0,{},5,25,5,0,0,0,30,5,25,5,0,0,0,30
13,dublin,"FITZWILLIAM SQUARE WEST","Fitzwilliam Square West",53.3361,-6.25282,0,0,OPEN,"2025-02-22 22:09:16",1,0,{},5,25,5,0,0,0,30,5,25,5,0,0,0,30
14,dublin,"FOWNES STREET UPPER","Fownes Street Upper",53.3446,-6.26337,0,0,OPEN,"2025-02-22 03:01:06",1,0,{},29,1,17,12,0,12,30,29,1,17,12,0,12,30
14,dublin,"FOWNES STREET UPPER","Fownes Street Upper",53.3446,-6.26337,0,0,OPEN,"2025-02-22 03:11:10",1,0,{},29,1,17,12,0,12,30,29,1,17,12,0,12,30
14,dublin,"FOWNES STREET UPPER","Fownes Street Upper",53.3446,-6.26337,0,0,OPEN,"2025-02-22 10:11:54",1,0,{},30,0,19,11,0,11,30,30,0,19,11,0,11,30
14,dublin,"FOWNES STREET UPPER","Fownes Street Upper",53.3446,-6.26337,0,0,OPEN,"2025-02-22 10:23:15",1,0,{},22,8,16,6,0,6,30,22,8,16,6,0,6,30
14,dublin,"FOWNES STREET UPPER","Fownes Street Upper",53.3446,-6.26337,0,0,OPEN,"2025-02-22 10:27:30",1,0,{},12,18,9,3,0,3,30,12,18,9,3,0,3,30
14,dublin,"FOWNES STREET UPPER","Fownes Street Upper",53.3446,-6.26337,0,0,OPEN,"2025-02-22 10:32:10",1,0,{},13,17,9,4,0,4,30,13,17,9,4,0,4,30
14,dublin,"FOWNES STREET UPPER","Fownes Street Upper",53.3446,-6.26337,0,0,OPEN,"2025-02-22 10:42:16",1,0,{},15,15,10,5,0,5,30,15,15,10,5,0,5,30
14,dublin,"FOWNES STREET UPPER","Fownes Street Upper",53.3446,-6.26337,0,0,OPEN,"2025-02-22 10:48:00",1,0,{},16,14,11,5,0,5,30,16,14,11,5,0,5,30
14,dublin,"FOWNES STREET UPPER","Fownes Street Upper",53.3446,-6.26337,0,0,OPEN,"2025-02-22 10:52:19",1,0,{},17,13,12,5,0,5,30,17,13,12,5,0,5,30
14,dublin,"FOWNES STREET UPPER","Fownes Street Upper",53.3446,-6.26337,0,0,OPEN,"2025-02-22 10:57:31",1,0,{},25,5,18,7,0,7,30,25,5,18,7,0,7,30
14,dublin,"FOWNES STREET UPPER","Fownes Street Upper",53.3446,-6.26337,0,0,OPEN,"2025-02-22 11:02:23",1,0,{},25,5,18,7,0,7,30,25,5,18,7,0,7,30
14,dublin,"FOWNES STREET UPPER","Fownes Street Upper",53.3446,-6.26337,0,0,OPEN,"2025-02-22 11:07:37",1,0,{},26,4,19,7,0,7,30,26,4,19,7,0,7,30
14,dublin,"FOWNES STREET UPPER","Fownes Street Upper",53.3446,-6.26337,0,0,OPEN,"2025-02-22 11:12:28",1,0,{},26,4,19,7,0,7,30,26,4,19,7,0,7,30
14,dublin,"FOWNES STREET UPPER","Fownes Street Upper",53.3446,-6.26337,0,0,OPEN,"2025-02-22 11:17:03",1,0,{},27,3,19,8,0,8,30,27,3,19,8,0,8,30
14,dublin,"FOWNES STREET UPPER","Fownes Street Upper",53.3446,-6.26337,0,0,OPEN,"2025-02-22 11:22:33",1,0,{},27,3,19,8,0,8,30,27,3,19,8,0,8,30
14,dublin,"FOWNES STREET UPPER","Fownes Street Upper",53.3446,-6.26337,0,0,OPEN,"2025-02-22 11:32:37",1,0,{},27,3,19,8,0,8,30,27,3,19,8,0,8,30
14,dublin,"FOWNES STREET UPPER","Fownes Street Upper",53.3446,-6.26337,0,0,OPEN,"2025-02-22 11:42:41",1,0,{},27,3,19,8,0,8,30,27,3,19,8,0,8,30
14,dublin,"FOWNES STREET UPPER","Fownes Street Upper",53.3446,-6.26337,0,0,OPEN,"2025-02-22 11:52:45",1,0,{},27,3,19,8,0,8,30,27,3,19,8,0,8,30
14,dublin,"FOWNES STREET UPPER","Fownes Street Upper",53.3446,-6.26337,0,0,OPEN,"2025-02-22 12:02:51",1,0,{},29,1,20,9,0,9,30,29,1,20,9,0,9,30
14,dublin,"FOWNES STREET UPPER","Fownes Street Upper",53.3446,-6.26337,0,0,OPEN,"2025-02-22 12:04:37",1,0,{},30,0,21,9,0,9,30,30,0,21,9,0,9,30
14,dublin,"FOWNES STREET UPPER","Fownes Street Upper",53.3446,-6.26337,0,0,OPEN,"2025-02-22 12:12:56",1,0,{},30,0,21,9,0,9,30,30,0,21,9,0,9,30
14,dublin,"FOWNES STREET UPPER","Fownes Street Upper",53.3446,-6.26337,0,0,OPEN,"2025-02-22 12:23:01",1,0,{},30,0,21,9,0,9,30,30,0,21,9,0,9,30
14,dublin,"FOWNES STREET UPPER","Fownes Street Upper",53.3446,-6.26337,0,0,OPEN,"2025-02-22 12:33:05",1,0,{},30,0,21,9,0,9,30,30,0,21,9,0,9,30
14,dublin,"FOWNES STREET UPPER","Fownes Street Upper",53.3446,-6.26337,0,0,OPEN,"2025-02-22 12:38:18",1,0,{},12,18,7,5,0,5,30,12,18,7,5,0,5,30
14,dublin,"FOWNES STREET UPPER","Fownes Street Upper",53.3446,-6.26337,0,0,OPEN,"2025-02-22 12:43:20",1,0,{},12,18,7,5,0,5,30,12,18,7,5,0,5,30
14,dublin,"FOWNES STREET UPPER","Fownes Street Upper",53.3446,-6.26337,0,0,OPEN,"2025-02-22 12:46:59",1,0,{},14,16,9,5,0,5,30,14,16,9,5,0,5,30
14,dublin,"FOWNES STREET UPPER","Fownes Street Upper",53.3446,-6.26337,0,0,OPEN,"2025-02-22 12:53:26",1,0,{},15,15,10,5,0,5,30,15,15,10,5,0,5,30
14,dublin,"FOWNES STREET UPPER","Fownes Street Upper",53.3446,-6.26337,0,0,OPEN,"2025-02-22 12:54:32",1,0,{},16,14,11,5,0,5,30,16,14,11,5,0,5,30
14,dublin,"FOWNES STREET UPPER","Fownes Street Upper",53.3446,-6.26337,0,0,OPEN,"2025-02-22 13:03:32",1,0,{},17,13,12,5,0,5,30,17,13,12,5,0,5,30
14,dublin,"FOWNES STREET UPPER","Fownes Street Upper",53.3446,-6.26337,0,0,OPEN,"2025-02-22 13:08:06",1,0,{},19,11,13,6,0,6,30,19,11,13,6,0,6,30
14,dublin,"FOWNES STREET UPPER","Fownes Street Upper",53.3446,-6.26337,0,0,OPEN,"2025-02-22 13:12:50",1,0,{},19,11,13,6,0,6,30,19,11,13,6,0,6,30
14,dublin,"FOWNES STREET UPPER","Fownes Street Upper",53.3446,-6.26337,0,0,OPEN,"2025-02-22 13:13:41",1,0,{},19,11,13,6,0,6,30,19,11,13,6,0,6,30
14,dublin,"FOWNES STREET UPPER","Fownes Street Upper",53.3446,-6.26337,0,0,OPEN,"2025-02-22 13:18:40",1,0,{},20,10,14,6,0,6,30,20,10,14,6,0,6,30
14,dublin,"FOWNES STREET UPPER","Fownes Street Upper",53.3446,-6.26337,0,0,OPEN,"2025-02-22 13:24:11",1,0,{},21,9,15,6,0,6,30,21,9,15,6,0,6,30
14,dublin,"FOWNES STREET UPPER","Fownes Street Upper",53.3446,-6.26337,0,0,OPEN,"2025-02-22 13:29:04",1,0,{},22,8,15,7,0,7,30,22,8,15,7,0,7,30
14,dublin,"FOWNES STREET UPPER","Fownes Street Upper",53.3446,-6.26337,0,0,OPEN,"2025-02-22 13:37:03",1,0,{},21,9,14,7,0,7,30,21,9,14,7,0,7,30
14,dublin,"FOWNES STREET UPPER","Fownes Street Upper",53.3446,-6.26337,0,0,OPEN,"2025-02-22 13:43:57",1,0,{},21,9,14,7,0,7,30,21,9,14,7,0,7,30
14,dublin,"FOWNES STREET UPPER","Fownes Street Upper",53.3446,-6.26337,0,0,OPEN,"2025-02-22 13:51:29",1,0,{},22,8,15,7,0,7,30,22,8,15,7,0,7,30
14,dublin,"FOWNES STREET UPPER","Fownes Street Upper",53.3446,-6.26337,0,0,OPEN,"2025-02-22 13:58:26",1,0,{},24,6,16,8,0,8,30,24,6,16,8,0,8,30
14,dublin,"FOWNES STREET UPPER","Fownes Street Upper",53.3446,-6.26337,0,0,OPEN,"2025-02-22 14:04:07",1,0,{},24,6,16,8,0,8,30,24,6,16,8,0,8,30
14,dublin,"FOWNES STREET UPPER","Fownes Street Upper",53.3446,-6.26337,0,0,OPEN,"2025-02-22 14:10:18",1,0,{},26,4,16,10,0,10,30,26,4,16,10,0,10,30
14,dublin,"FOWNES STREET UPPER","Fownes Street Upper",53.3446,-6.26337,0,0,OPEN,"2025-02-22 14:14:16",1,0,{},26,4,16,10,0,10,30,26,4,16,10,0,10,30
14,dublin,"FOWNES STREET UPPER","Fownes Street Upper",53.3446,-6.26337,0,0,OPEN,"2025-02-22 14:24:20",1,0,{},26,4,16,10,0,10,30,26,4,16,10,0,10,30
14,dublin,"FOWNES STREET UPPER","Fownes Street Upper",53.3446,-6.26337,0,0,OPEN,"2025-02-22 14:37:38",1,0,{},24,6,15,9,0,9,30,24,6,15,9,0,9,30
14,dublin,"FOWNES STREET UPPER","Fownes Street Upper",53.3446,-6.26337,0,0,OPEN,"2025-02-22 14:40:01",1,0,{},25,5,15,10,0,10,30,25,5,15,10,0,10,30
14,dublin,"FOWNES STREET UPPER","Fownes Street Upper",53.3446,-6.26337,0,0,OPEN,"2025-02-22 14:44:32",1,0,{},25,5,15,10,0,10,30,25,5,15,10,0,10,30
14,dublin,"FOWNES STREET UPPER","Fownes Street Upper",53.3446,-6.26337,0,0,OPEN,"2025-02-22 14:49:35",1,0,{},28,2,17,11,0,11,30,28,2,17,11,0,11,30
14,dublin,"FOWNES STREET UPPER","Fownes Street Upper",53.3446,-6.26337,0,0,OPEN,"2025-02-22 14:54:40",1,0,{},29,1,17,12,0,12,30,29,1,17,12,0,12,30
14,dublin,"FOWNES STREET UPPER","Fownes Street Upper",53.3446,-6.26337,0,0,OPEN,"2025-02-22 15:02:28",1,0,{},28,2,16,12,0,12,30,28,2,16,12,0,12,30
14,dublin,"FOWNES STREET UPPER","Fownes Street Upper",53.3446,-6.26337,0,0,OPEN,"2025-02-22 15:04:45",1,0,{},28,2,16,12,0,12,30,28,2,16,12,0,12,30
14,dublin,"FOWNES STREET UPPER","Fownes Street Upper",53.3446,-6.26337,0,0,OPEN,"2025-02-22 15:11:12",1,0,{},29,1,16,13,0,13,30,29,1,16,13,0,13,30
14,dublin,"FOWNES STREET UPPER","Fownes Street Upper",53.3446,-6.26337,0,0,OPEN,"2025-02-22 15:14:50",1,0,{},29,1,16,13,0,13,30,29,1,16,13,0,13,30
14,dublin,"FOWNES STREET UPPER","Fownes Street Upper",53.3446,-6.26337,0,0,OPEN,"2025-02-22 15:23:07",1,0,{},30,0,18,12,0,12,30,30,0,18,12,0,12,30
14,dublin,"FOWNES STREET UPPER","Fownes Street Upper",53.3446,-6.26337,0,0,OPEN,"2025-02-22 15:28:25",1,0,{},30,0,19,11,0,11,30,30,0,19,11,0,11,30
14,dublin,"FOWNES STREET UPPER","Fownes Street Upper",53.3446,-6.26337,0,0,OPEN,"2025-02-22 15:35:28",1,0,{},30,0,19,11,0,11,30,30,0,19,11,0,11,30
14,dublin,"FOWNES STREET UPPER","Fownes Street Upper",53.3446,-6.26337,0,0,OPEN,"2025-02-22 15:45:05",1,0,{},30,0,19,11,0,11,30,30,0,19,11,0,11,30
14,dublin,"FOWNES STREET UPPER","Fownes Street Upper",53.3446,-6.26337,0,0,OPEN,"2025-02-22 15:57:43",1,0,{},29,1,18,11,0,11,30,29,1,18,11,0,11,30
14,dublin,"FOWNES STREET UPPER","Fownes Street Upper",53.3446,-6.26337,0,0,OPEN,"2025-02-22 16:07:00",1,0,{},28,2,18,10,0,10,30,28,2,18,10,0,10,30
14,dublin,"FOWNES STREET UPPER","Fownes Street Upper",53.3446,-6.26337,0,0,OPEN,"2025-02-22 16:13:28",1,0,{},27,3,17,10,0,10,30,27,3,17,10,0,10,30
14,dublin,"FOWNES STREET UPPER","Fownes Street Upper",53.3446,-6.26337,0,0,OPEN,"2025-02-22 16:17:49",1,0,{},28,2,18,10,0,10,30,28,2,18,10,0,10,30
14,dublin,"FOWNES STREET UPPER","Fownes Street Upper",53.3446,-6.26337,0,0,OPEN,"2025-02-22 16:25:30",1,0,{},27,3,18,9,0,9,30,27,3,18,9,0,9,30
14,dublin,"FOWNES STREET UPPER","Fownes Street Upper",53.3446,-6.26337,0,0,OPEN,"2025-02-22 16:32:09",1,0,{},29,1,19,10,0,10,30,29,1,19,10,0,10,30
14,dublin,"FOWNES STREET UPPER","Fownes Street Upper",53.3446,-6.26337,0,0,OPEN,"2025-02-22 16:35:36",1,0,{},29,1,19,10,0,10,30,29,1,19,10,0,10,30
14,dublin,"FOWNES STREET UPPER","Fownes Street Upper",53.3446,-6.26337,0,0,OPEN,"2025-02-22 16:47:25",1,0,{},29,1,20,9,0,9,30,29,1,20,9,0,9,30
14,dublin,"FOWNES STREET UPPER","Fownes Street Upper",53.3446,-6.26337,0,0,OPEN,"2025-02-22 16:56:42",1,0,{},29,1,20,9,0,9,30,29,1,20,9,0,9,30
14,dublin,"FOWNES STREET UPPER","Fownes Street Upper",53.3446,-6.26337,0,0,OPEN,"2025-02-22 17:06:19",1,0,{},30,0,20,10,0,10,30,30,0,20,10,0,10,30
14,dublin,"FOWNES STREET UPPER","Fownes Street Upper",53.3446,-6.26337,0,0,OPEN,"2025-02-22 17:10:34",1,0,{},27,3,18,9,0,9,30,27,3,18,9,0,9,30
14,dublin,"FOWNES STREET UPPER","Fownes Street Upper",53.3446,-6.26337,0,0,OPEN,"2025-02-22 17:16:02",1,0,{},27,3,18,9,0,9,30,27,3,18,9,0,9,30
14,dublin,"FOWNES STREET UPPER","Fownes Street Upper",53.3446,-6.26337,0,0,OPEN,"2025-02-22 17:19:14",1,0,{},28,2,18,10,0,10,30,28,2,18,10,0,10,30
14,dublin,"FOWNES STREET UPPER","Fownes Street Upper",53.3446,-6.26337,0,0,OPEN,"2025-02-22 17:26:08",1,0,{},28,2,18,10,0,10,30,28,2,18,10,0,10,30
14,dublin,"FOWNES STREET UPPER","Fownes Street Upper",53.3446,-6.26337,0,0,OPEN,"2025-02-22 17:32:01",1,0,{},27,3,18,9,0,9,30,27,3,18,9,0,9,30
14,dublin,"FOWNES STREET UPPER","Fownes Street Upper",53.3446,-6.26337,0,0,OPEN,"2025-02-22 17:36:13",1,0,{},27,3,17,10,0,10,30,27,3,17,10,0,10,30
14,dublin,"FOWNES STREET UPPER","Fownes Street Upper",53.3446,-6.26337,0,0,OPEN,"2025-02-22 17:42:44",1,0,{},29,1,18,11,0,11,30,29,1,18,11,0,11,30
14,dublin,"FOWNES STREET UPPER","Fownes Street Upper",53.3446,-6.26337,0,0,OPEN,"2025-02-22 17:46:20",1,0,{},30,0,18,12,0,12,30,30,0,18,12,0,12,30
14,dublin,"FOWNES STREET UPPER","Fownes Street Upper",53.3446,-6.26337,0,0,OPEN,"2025-02-22 17:56:24",1,0,{},30,0,18,12,0,12,30,30,0,18,12,0,12,30
14,dublin,"FOWNES STREET UPPER","Fownes Street Upper",53.3446,-6.26337,0,0,OPEN,"2025-02-22 18:06:28",1,0,{},30,0,18,12,0,12,30,30,0,18,12,0,12,30
14,dublin,"FOWNES STREET UPPER","Fownes Street Upper",53.3446,-6.26337,0,0,OPEN,"2025-02-22 18:16:33",1,0,{},29,1,17,12,0,12,30,29,1,17,12,0,12,30
14,dublin,"FOWNES STREET UPPER","Fownes Street Upper",53.3446,-6.26337,0,0,OPEN,"2025-02-22 18:18:52",1,0,{},30,0,18,12,0,12,30,30,0,18,12,0,12,30
14,dublin,"FOWNES STREET UPPER","Fownes Street Upper",53.3446,-6.26337,0,0,OPEN,"2025-02-22 18:26:37",1,0,{},30,0,18,12,0,12,30,30,0,18,12,0,12,30
14,dublin,"FOWNES STREET UPPER","Fownes Street Upper",53.3446,-6.26337,0,0,OPEN,"2025-02-22 18:36:41",1,0,{},30,0,18,12,0,12,30,30,0,18,12,0,12,30
14,dublin,"FOWNES STREET UPPER","Fownes Street Upper",53.3446,-6.26337,0,0,OPEN,"2025-02-22 18:46:45",1,0,{},30,0,18,12,0,12,30,30,0,18,12,0,12,30
14,dublin,"FOWNES STREET UPPER","Fownes Street Upper",53.3446,-6.26337,0,0,OPEN,"2025-02-22 18:53:41",1,0,{},29,1,18,11,0,11,30,29,1,18,11,0,11,30
14,dublin,"FOWNES STREET UPPER","Fownes Street Upper",53.3446,-6.26337,0,0,OPEN,"2025-02-22 18:57:03",1,0,{},30,0,19,11,0,11,30,30,0,19,11,0,11,30
14,dublin,"FOWNES STREET UPPER","Fownes Street Upper",53.3446,-6.26337,0,0,OPEN,"2025-02-22 19:09:32",1,0,{},29,1,18,11,0,11,30,29,1,18,11,0,11,30
14,dublin,"FOWNES STREET UPPER","Fownes Street Upper",53.3446,-6.26337,0,0,OPEN,"2025-02-22 19:17:02",1,0,{},29,1,18,11,0,11,30,29,1,18,11,0,11,30
14,dublin,"FOWNES STREET UPPER","Fownes Street Upper",53.3446,-6.26337,0,0,OPEN,"2025-02-22 19:23:38",1,0,{},30,0,19,11,0,11,30,30,0,19,11,0,11,30
14,dublin,"FOWNES STREET UPPER","Fownes Street Upper",53.3446,-6.26337,0,0,OPEN,"2025-02-22 19:27:06",1,0,{},30,0,19,11,0,11,30,30,0,19,11,0,11,30
14,dublin,"FOWNES STREET UPPER","Fownes Street Upper",53.3446,-6.26337,0,0,OPEN,"2025-02-22 19:33:57",1,0,{},29,1,19,10,0,10,30,29,1,19,10,0,10,30
14,dublin,"FOWNES STREET UPPER","Fownes Street Upper",53.3446,-6.26337,0,0,OPEN,"2025-02-22 19:37:11",1,0,{},29,1,19,10,0,10,30,29,1,19,10,0,10,30
14,dublin,"FOWNES STREET UPPER","Fownes Street Upper",53.3446,-6.26337,0,0,OPEN,"2025-02-22 19:47:15",1,0,{},29,1,19,10,0,10,30,29,1,19,10,0,10,30
14,dublin,"FOWNES STREET UPPER","Fownes Street Upper",53.3446,-6.26337,0,0,OPEN,"2025-02-22 19:57:19",1,0,{},30,0,20,10,0,10,30,30,0,20,10,0,10,30
14,dublin,"FOWNES STREET UPPER","Fownes Street Upper",53.3446,-6.26337,0,0,OPEN,"2025-02-22 20:07:24",1,0,{},30,0,20,10,0,10,30,30,0,20,10,0,10,30
14,dublin,"FOWNES STREET UPPER","Fownes Street Upper",53.3446,-6.26337,0,0,OPEN,"2025-02-22 20:17:28",1,0,{},30,0,20,10,0,10,30,30,0,20,10,0,10,30
14,dublin,"FOWNES STREET UPPER","Fownes Street Upper",53.3446,-6.26337,0,0,OPEN,"2025-02-22 20:27:32",1,0,{},30,0,20,10,0,10,30,30,0,20,10,0,10,30
14,dublin,"FOWNES STREET UPPER","Fownes Street Upper",53.3446,-6.26337,0,0,OPEN,"2025-02-22 20:37:36",1,0,{},30,0,20,10,0,10,30,30,0,20,10,0,10,30
14,dublin,"FOWNES STREET UPPER","Fownes Street Upper",53.3446,-6.26337,0,0,OPEN,"2025-02-22 20:47:40",1,0,{},30,0,20,10,0,10,30,30,0,20,10,0,10,30
14,dublin,"FOWNES STREET UPPER","Fownes Street Upper",53.3446,-6.26337,0,0,OPEN,"2025-02-22 20:49:53",1,0,{},29,1,19,10,0,10,30,29,1,19,10,0,10,30
14,dublin,"FOWNES STREET UPPER","Fownes Street Upper",53.3446,-6.26337,0,0,OPEN,"2025-02-22 20:57:46",1,0,{},30,0,19,11,0,11,30,30,0,19,11,0,11,30
14,dublin,"FOWNES STREET UPPER","Fownes Street Upper",53.3446,-6.26337,0,0,OPEN,"2025-02-22 21:07:50",1,0,{},30,0,19,11,0,11,30,30,0,19,11,0,11,30
14,dublin,"FOWNES STREET UPPER","Fownes Street Upper",53.3446,-6.26337,0,0,OPEN,"2025-02-22 21:10:18",1,0,{},30,0,19,11,0,11,30,30,0,19,11,0,11,30
14,dublin,"FOWNES STREET UPPER","Fownes Street Upper",53.3446,-6.26337,0,0,OPEN,"2025-02-22 21:18:12",1,0,{},29,1,18,11,0,11,30,29,1,18,11,0,11,30
14,dublin,"FOWNES STREET UPPER","Fownes Street Upper",53.3446,-6.26337,0,0,OPEN,"2025-02-22 21:20:58",1,0,{},28,2,17,11,0,11,30,28,2,17,11,0,11,30
14,dublin,"FOWNES STREET UPPER","Fownes Street Upper",53.3446,-6.26337,0,0,OPEN,"2025-02-22 21:28:00",1,0,{},28,2,17,11,0,11,30,28,2,17,11,0,11,30
14,dublin,"FOWNES STREET UPPER","Fownes Street Upper",53.3446,-6.26337,0,0,OPEN,"2025-02-22 21:38:04",1,0,{},28,2,17,11,0,11,30,28,2,17,11,0,11,30
14,dublin,"FOWNES STREET UPPER","Fownes Street Upper",53.3446,-6.26337,0,0,OPEN,"2025-02-22 21:48:08",1,0,{},28,2,17,11,0,11,30,28,2,17,11,0,11,30
14,dublin,"FOWNES STREET UPPER","Fownes Street Upper",53.3446,-6.26337,0,0,OPEN,"2025-02-22 21:54:27",1,0,{},28,2,17,11,0,11,30,28,2,17,11,0,11,30
14,dublin,"FOWNES STREET UPPER","Fownes Street Upper",53.3446,-6.26337,0,0,OPEN,"2025-02-22 21:58:12",1,0,{},30,0,19,11,0,11,30,30,0,19,11,0,11,30
14,dublin,"FOWNES STREET UPPER","Fownes Street Upper",53.3446,-6.26337,0,0,OPEN,"2025-02-22 22:02:52",1,0,{},30,0,19,11,0,11,30,30,0,19,11,0,11,30
14,dublin,"FOWNES STREET UPPER","Fownes Street Upper",53.3446,-6.26337,0,0,OPEN,"2025-02-22 22:08:15",1,0,{},30,0,19,11,0,11,30,30,0,19,11,0,11,30
15,dublin,"HARDWICKE STREET","Hardwicke Street",53.3555,-6.26442,0,0,OPEN,"2025-02-22 02:52:43",1,0,{},2,14,1,1,0,1,16,2,14,1,1,0,1,16
15,dublin,"HARDWICKE STREET","Hardwicke Street",53.3555,-6.26442,0,0,OPEN,"2025-02-22 03:12:54",1,0,{},2,14,1,1,0,1,16,2,14,1,1,0,1,16
15,dublin,"HARDWICKE STREET","Hardwicke Street",53.3555,-6.26442,0,0,OPEN,"2025-02-22 10:12:50",1,0,{},2,14,1,1,0,1,16,2,14,1,1,0,1,16
15,dublin,"HARDWICKE STREET","Hardwicke Street",53.3555,-6.26442,0,0,OPEN,"2025-02-22 10:22:55",1,0,{},2,14,1,1,0,1,16,2,14,1,1,0,1,16
15,dublin,"HARDWICKE STREET","Hardwicke Street",53.3555,-6.26442,0,0,OPEN,"2025-02-22 10:32:59",1,0,{},2,14,1,1,0,1,16,2,14,1,1,0,1,16
15,dublin,"HARDWICKE STREET","Hardwicke Street",53.3555,-6.26442,0,0,OPEN,"2025-02-22 10:37:06",1,0,{},1,15,0,1,0,1,16,1,15,0,1,0,1,16
15,dublin,"HARDWICKE STREET","Hardwicke Street",53.3555,-6.26442,0,0,OPEN,"2025-02-22 10:43:07",1,0,{},0,16,0,0,0,0,16,0,16,0,0,0,0,16
15,dublin,"HARDWICKE STREET","Hardwicke Street",53.3555,-6.26442,0,0,OPEN,"2025-02-22 10:53:11",1,0,{},0,16,0,0,0,0,16,0,16,0,0,0,0,16
15,dublin,"HARDWICKE STREET","Hardwicke Street",53.3555,-6.26442,0,0,OPEN,"2025-02-22 11:03:15",1,0,{},0,16,0,0,0,0,16,0,16,0,0,0,0,16
15,dublin,"HARDWICKE STREET","Hardwicke Street",53.3555,-6.26442,0,0,OPEN,"2025-02-22 11:13:19",1,0,{},0,16,0,0,0,0,16,0,16,0,0,0,0,16
15,dublin,"HARDWICKE STREET","Hardwicke Street",53.3555,-6.26442,0,0,OPEN,"2025-02-22 11:23:22",1,0,{},0,16,0,0,0,0,16,0,16,0,0,0,0,16
15,dublin,"HARDWICKE STREET","Hardwicke Street",53.3555,-6.26442,0,0,OPEN,"2025-02-22 11:33:27",1,0,{},0,16,0,0,0,0,16,0,16,0,0,0,0,16
15,dublin,"HARDWICKE STREET","Hardwicke Street",53.3555,-6.26442,0,0,OPEN,"2025-02-22 11:43:31",1,0,{},0,16,0,0,0,0,16,0,16,0,0,0,0,16
15,dublin,"HARDWICKE STREET","Hardwicke Street",53.3555,-6.26442,0,0,OPEN,"2025-02-22 11:56:03",1,0,{},1,15,1,0,0,0,16,1,15,1,0,0,0,16
15,dublin,"HARDWICKE STREET","Hardwicke Street",53.3555,-6.26442,0,0,OPEN,"2025-02-22 12:05:11",1,0,{},0,16,0,0,0,0,16,0,16,0,0,0,0,16
15,dublin,"HARDWICKE STREET","Hardwicke Street",53.3555,-6.26442,0,0,OPEN,"2025-02-22 12:13:44",1,0,{},0,16,0,0,0,0,16,0,16,0,0,0,0,16
15,dublin,"HARDWICKE STREET","Hardwicke Street",53.3555,-6.26442,0,0,OPEN,"2025-02-22 12:23:48",1,0,{},0,16,0,0,0,0,16,0,16,0,0,0,0,16
15,dublin,"HARDWICKE STREET","Hardwicke Street",53.3555,-6.26442,0,0,OPEN,"2025-02-22 12:33:52",1,0,{},0,16,0,0,0,0,16,0,16,0,0,0,0,16
15,dublin,"HARDWICKE STREET","Hardwicke Street",53.3555,-6.26442,0,0,OPEN,"2025-02-22 12:43:56",1,0,{},0,16,0,0,0,0,16,0,16,0,0,0,0,16
15,dublin,"HARDWICKE STREET","Hardwicke Street",53.3555,-6.26442,0,0,OPEN,"2025-02-22 12:54:01",1,0,{},0,16,0,0,0,0,16,0,16,0,0,0,0,16
15,dublin,"HARDWICKE STREET","Hardwicke Street",53.3555,-6.26442,0,0,OPEN,"2025-02-22 13:04:05",1,0,{},0,16,0,0,0,0,16,0,16,0,0,0,0,16
15,dublin,"HARDWICKE STREET","Hardwicke Street",53.3555,-6.26442,0,0,OPEN,"2025-02-22 13:14:09",1,0,{},0,16,0,0,0,0,16,0,16,0,0,0,0,16
15,dublin,"HARDWICKE STREET","Hardwicke Street",53.3555,-6.26442,0,0,OPEN,"2025-02-22 13:22:23",1,0,{},1,15,0,1,0,1,16,1,15,0,1,0,1,16
15,dublin,"HARDWICKE STREET","Hardwicke Street",53.3555,-6.26442,0,0,OPEN,"2025-02-22 13:26:09",1,0,{},2,14,1,1,0,1,16,2,14,1,1,0,1,16
15,dublin,"HARDWICKE STREET","Hardwicke Street",53.3555,-6.26442,0,0,OPEN,"2025-02-22 13:35:51",1,0,{},1,15,1,0,0,0,16,1,15,1,0,0,0,16
15,dublin,"HARDWICKE STREET","Hardwicke Street",53.3555,-6.26442,0,0,OPEN,"2025-02-22 13:40:25",1,0,{},0,16,0,0,0,0,16,0,16,0,0,0,0,16
15,dublin,"HARDWICKE STREET","Hardwicke Street",53.3555,-6.26442,0,0,OPEN,"2025-02-22 13:44:27",1,0,{},0,16,0,0,0,0,16,0,16,0,0,0,0,16
15,dublin,"HARDWICKE STREET","Hardwicke Street",53.3555,-6.26442,0,0,OPEN,"2025-02-22 13:54:31",1,0,{},0,16,0,0,0,0,16,0,16,0,0,0,0,16
15,dublin,"HARDWICKE STREET","Hardwicke Street",53.3555,-6.26442,0,0,OPEN,"2025-02-22 14:04:35",1,0,{},0,16,0,0,0,0,16,0,16,0,0,0,0,16
15,dublin,"HARDWICKE STREET","Hardwicke Street",53.3555,-6.26442,0,0,OPEN,"2025-02-22 14:14:39",1,0,{},0,16,0,0,0,0,16,0,16,0,0,0,0,16
15,dublin,"HARDWICKE STREET","Hardwicke Street",53.3555,-6.26442,0,0,OPEN,"2025-02-22 14:24:43",1,0,{},0,16,0,0,0,0,16,0,16,0,0,0,0,16
15,dublin,"HARDWICKE STREET","Hardwicke Street",53.3555,-6.26442,0,0,OPEN,"2025-02-22 14:34:47",1,0,{},0,16,0,0,0,0,16,0,16,0,0,0,0,16
15,dublin,"HARDWICKE STREET","Hardwicke Street",53.3555,-6.26442,0,0,OPEN,"2025-02-22 14:38:40",1,0,{},1,15,1,0,0,0,16,1,15,1,0,0,0,16
15,dublin,"HARDWICKE STREET","Hardwicke Street",53.3555,-6.26442,0,0,OPEN,"2025-02-22 14:44:51",1,0,{},1,15,1,0,0,0,16,1,15,1,0,0,0,16
15,dublin,"HARDWICKE STREET","Hardwicke Street",53.3555,-6.26442,0,0,OPEN,"2025-02-22 14:54:55",1,0,{},1,15,1,0,0,0,16,1,15,1,0,0,0,16
15,dublin,"HARDWICKE STREET","Hardwicke Street",53.3555,-6.26442,0,0,OPEN,"2025-02-22 15:04:59",1,0,{},1,15,1,0,0,0,16,1,15,1,0,0,0,16
15,dublin,"HARDWICKE STREET","Hardwicke Street",53.3555,-6.26442,0,0,OPEN,"2025-02-22 15:10:15",1,0,{},2,14,2,0,0,0,16,2,14,2,0,0,0,16
15,dublin,"HARDWICKE STREET","Hardwicke Street",53.3555,-6.26442,0,0,OPEN,"2025-02-22 15:15:03",1,0,{},2,14,2,0,0,0,16,2,14,2,0,0,0,16
15,dublin,"HARDWICKE STREET","Hardwicke Street",53.3555,-6.26442,0,0,OPEN,"2025-02-22 15:25:07",1,0,{},2,14,2,0,0,0,16,2,14,2,0,0,0,16
15,dublin,"HARDWICKE STREET","Hardwicke Street",53.3555,-6.26442,0,0,OPEN,"2025-02-22 15:35:11",1,0,{},2,14,2,0,0,0,16,2,14,2,0,0,0,16
15,dublin,"HARDWICKE STREET","Hardwicke Street",53.3555,-6.26442,0,0,OPEN,"2025-02-22 15:45:15",1,0,{},2,14,2,0,0,0,16,2,14,2,0,0,0,16
15,dublin,"HARDWICKE STREET","Hardwicke Street",53.3555,-6.26442,0,0,OPEN,"2025-02-22 15:55:19",1,0,{},2,14,2,0,0,0,16,2,14,2,0,0,0,16
15,dublin,"HARDWICKE STREET","Hardwicke Street",53.3555,-6.26442,0,0,OPEN,"2025-02-22 16:07:45",1,0,{},0,16,0,0,0,0,16,0,16,0,0,0,0,16
15,dublin,"HARDWICKE STREET","Hardwicke Street",53.3555,-6.26442,0,0,OPEN,"2025-02-22 16:15:30",1,0,{},0,16,0,0,0,0,16,0,16,0,0,0,0,16
15,dublin,"HARDWICKE STREET","Hardwicke Street",53.3555,-6.26442,0,0,OPEN,"2025-02-22 16:25:34",1,0,{},0,16,0,0,0,0,16,0,16,0,0,0,0,16
15,dublin,"HARDWICKE STREET","Hardwicke Street",53.3555,-6.26442,0,0,OPEN,"2025-02-22 16:35:38",1,0,{},0,16,0,0,0,0,16,0,16,0,0,0,0,16
15,dublin,"HARDWICKE STREET","Hardwicke Street",53.3555,-6.26442,0,0,OPEN,"2025-02-22 16:41:41",1,0,{},1,15,1,0,0,0,16,1,15,1,0,0,0,16
15,dublin,"HARDWICKE STREET","Hardwicke Street",53.3555,-6.26442,0,0,OPEN,"2025-02-22 16:45:42",1,0,{},1,15,1,0,0,0,16,1,15,1,0,0,0,16
15,dublin,"HARDWICKE STREET","Hardwicke Street",53.3555,-6.26442,0,0,OPEN,"2025-02-22 16:48:43",1,0,{},0,16,0,0,0,0,16,0,16,0,0,0,0,16
15,dublin,"HARDWICKE STREET","Hardwicke Street",53.3555,-6.26442,0,0,OPEN,"2025-02-22 16:55:46",1,0,{},0,16,0,0,0,0,16,0,16,0,0,0,0,16
15,dublin,"HARDWICKE STREET","Hardwicke Street",53.3555,-6.26442,0,0,OPEN,"2025-02-22 17:05:50",1,0,{},0,16,0,0,0,0,16,0,16,0,0,0,0,16
15,dublin,"HARDWICKE STREET","Hardwicke Street",53.3555,-6.26442,0,0,OPEN,"2025-02-22 17:15:54",1,0,{},0,16,0,0,0,0,16,0,16,0,0,0,0,16
15,dublin,"HARDWICKE STREET","Hardwicke Street",53.3555,-6.26442,0,0,OPEN,"2025-02-22 17:25:58",1,0,{},0,16,0,0,0,0,16,0,16,0,0,0,0,16
15,dublin,"HARDWICKE STREET","Hardwicke Street",53.3555,-6.26442,0,0,OPEN,"2025-02-22 17:36:02",1,0,{},1,15,0,1,0,1,16,1,15,0,1,0,1,16
15,dublin,"HARDWICKE STREET","Hardwicke Street",53.3555,-6.26442,0,0,OPEN,"2025-02-22 17:41:56",1,0,{},3,13,1,2,0,2,16,3,13,1,2,0,2,16
15,dublin,"HARDWICKE STREET","Hardwicke Street",53.3555,-6.26442,0,0,OPEN,"2025-02-22 17:46:06",1,0,{},3,13,1,2,0,2,16,3,13,1,2,0,2,16
15,dublin,"HARDWICKE STREET","Hardwicke Street",53.3555,-6.26442,0,0,OPEN,"2025-02-22 17:56:31",1,0,{},4,12,1,3,0,3,16,4,12,1,3,0,3,16
15,dublin,"HARDWICKE STREET","Hardwicke Street",53.3555,-6.26442,0,0,OPEN,"2025-02-22 18:06:15",1,0,{},4,12,1,3,0,3,16,4,12,1,3,0,3,16
15,dublin,"HARDWICKE STREET","Hardwicke Street",53.3555,-6.26442,0,0,OPEN,"2025-02-22 18:11:54",1,0,{},5,11,2,3,0,3,16,5,11,2,3,0,3,16
15,dublin,"HARDWICKE STREET","Hardwicke Street",53.3555,-6.26442,0,0,OPEN,"2025-02-22 18:16:20",1,0,{},5,11,2,3,0,3,16,5,11,2,3,0,3,16
15,dublin,"HARDWICKE STREET","Hardwicke Street",53.3555,-6.26442,0,0,OPEN,"2025-02-22 18:26:27",1,0,{},4,12,1,3,0,3,16,4,12,1,3,0,3,16
15,dublin,"HARDWICKE STREET","Hardwicke Street",53.3555,-6.26442,0,0,OPEN,"2025-02-22 18:32:44",1,0,{},5,11,1,4,0,4,16,5,11,1,4,0,4,16
15,dublin,"HARDWICKE STREET","Hardwicke Street",53.3555,-6.26442,0,0,OPEN,"2025-02-22 18:36:33",1,0,{},5,11,1,4,0,4,16,5,11,1,4,0,4,16
15,dublin,"HARDWICKE STREET","Hardwicke Street",53.3555,-6.26442,0,0,OPEN,"2025-02-22 18:39:55",1,0,{},4,12,1,3,0,3,16,4,12,1,3,0,3,16
15,dublin,"HARDWICKE STREET","Hardwicke Street",53.3555,-6.26442,0,0,OPEN,"2025-02-22 18:46:43",1,0,{},3,13,1,2,0,2,16,3,13,1,2,0,2,16
15,dublin,"HARDWICKE STREET","Hardwicke Street",53.3555,-6.26442,0,0,OPEN,"2025-02-22 18:56:44",1,0,{},3,13,1,2,0,2,16,3,13,1,2,0,2,16
15,dublin,"HARDWICKE STREET","Hardwicke Street",53.3555,-6.26442,0,0,OPEN,"2025-02-22 19:06:48",1,0,{},3,13,1,2,0,2,16,3,13,1,2,0,2,16
15,dublin,"HARDWICKE STREET","Hardwicke Street",53.3555,-6.26442,0,0,OPEN,"2025-02-22 19:16:55",1,0,{},3,13,1,2,0,2,16,3,13,1,2,0,2,16
15,dublin,"HARDWICKE STREET","Hardwicke Street",53.3555,-6.26442,0,0,OPEN,"2025-02-22 19:26:59",1,0,{},3,13,1,2,0,2,16,3,13,1,2,0,2,16
15,dublin,"HARDWICKE STREET","Hardwicke Street",53.3555,-6.26442,0,0,OPEN,"2025-02-22 19:37:03",1,0,{},3,13,1,2,0,2,16,3,13,1,2,0,2,16
15,dublin,"HARDWICKE STREET","Hardwicke Street",53.3555,-6.26442,0,0,OPEN,"2025-02-22 19:49:00",1,0,{},0,16,0,0,0,0,16,0,16,0,0,0,0,16
15,dublin,"HARDWICKE STREET","Hardwicke Street",53.3555,-6.26442,0,0,OPEN,"2025-02-22 19:57:15",1,0,{},0,16,0,0,0,0,16,0,16,0,0,0,0,16
15,dublin,"HARDWICKE STREET","Hardwicke Street",53.3555,-6.26442,0,0,OPEN,"2025-02-22 20:07:19",1,0,{},0,16,0,0,0,0,16,0,16,0,0,0,0,16
15,dublin,"HARDWICKE STREET","Hardwicke Street",53.3555,-6.26442,0,0,OPEN,"2025-02-22 20:17:23",1,0,{},0,16,0,0,0,0,16,0,16,0,0,0,0,16
15,dublin,"HARDWICKE STREET","Hardwicke Street",53.3555,-6.26442,0,0,OPEN,"2025-02-22 20:27:27",1,0,{},0,16,0,0,0,0,16,0,16,0,0,0,0,16
15,dublin,"HARDWICKE STREET","Hardwicke Street",53.3555,-6.26442,0,0,OPEN,"2025-02-22 20:37:31",1,0,{},0,16,0,0,0,0,16,0,16,0,0,0,0,16
15,dublin,"HARDWICKE STREET","Hardwicke Street",53.3555,-6.26442,0,0,OPEN,"2025-02-22 20:47:35",1,0,{},0,16,0,0,0,0,16,0,16,0,0,0,0,16
15,dublin,"HARDWICKE STREET","Hardwicke Street",53.3555,-6.26442,0,0,OPEN,"2025-02-22 20:51:35",1,0,{},1,15,1,0,0,0,16,1,15,1,0,0,0,16
15,dublin,"HARDWICKE STREET","Hardwicke Street",53.3555,-6.26442,0,0,OPEN,"2025-02-22 20:57:39",1,0,{},1,15,1,0,0,0,16,1,15,1,0,0,0,16
15,dublin,"HARDWICKE STREET","Hardwicke Street",53.3555,-6.26442,0,0,OPEN,"2025-02-22 21:07:43",1,0,{},1,15,1,0,0,0,16,1,15,1,0,0,0,16
15,dublin,"HARDWICKE STREET","Hardwicke Street",53.3555,-6.26442,0,0,OPEN,"2025-02-22 21:17:47",1,0,{},1,15,1,0,0,0,16,1,15,1,0,0,0,16
15,dublin,"HARDWICKE STREET","Hardwicke Street",53.3555,-6.26442,0,0,OPEN,"2025-02-22 21:27:51",1,0,{},1,15,1,0,0,0,16,1,15,1,0,0,0,16
15,dublin,"HARDWICKE STREET","Hardwicke Street",53.3555,-6.26442,0,0,OPEN,"2025-02-22 21:37:55",1,0,{},1,15,1,0,0,0,16,1,15,1,0,0,0,16
15,dublin,"HARDWICKE STREET","Hardwicke Street",53.3555,-6.26442,0,0,OPEN,"2025-02-22 21:47:58",1,0,{},1,15,1,0,0,0,16,1,15,1,0,0,0,16
15,dublin,"HARDWICKE STREET","Hardwicke Street",53.3555,-6.26442,0,0,OPEN,"2025-02-22 21:58:02",1,0,{},1,15,1,0,0,0,16,1,15,1,0,0,0,16
15,dublin,"HARDWICKE STREET","Hardwicke Street",53.3555,-6.26442,0,0,OPEN,"2025-02-22 22:08:05",1,0,{},2,14,1,1,0,1,16,2,14,1,1,0,1,16
16,dublin,"GEORGES QUAY","Georges Quay",53.3475,-6.25219,0,0,OPEN,"2025-02-22 02:59:55",1,0,{},3,17,0,3,0,3,20,3,17,0,3,0,3,20
16,dublin,"GEORGES QUAY","Georges Quay",53.3475,-6.25219,0,0,OPEN,"2025-02-22 03:10:01",1,0,{},3,17,0,3,0,3,20,3,17,0,3,0,3,20
16,dublin,"GEORGES QUAY","Georges Quay",53.3475,-6.25219,0,0,OPEN,"2025-02-22 03:15:34",1,0,{},3,17,0,3,0,3,20,3,17,0,3,0,3,20
16,dublin,"GEORGES QUAY","Georges Quay",53.3475,-6.25219,0,0,OPEN,"2025-02-22 03:16:35",1,0,{},3,17,0,3,0,3,20,3,17,0,3,0,3,20
16,dublin,"GEORGES QUAY","Georges Quay",53.3475,-6.25219,0,0,OPEN,"2025-02-22 10:08:29",1,0,{},3,17,0,3,0,3,20,3,17,0,3,0,3,20
16,dublin,"GEORGES QUAY","Georges Quay",53.3475,-6.25219,0,0,OPEN,"2025-02-22 10:18:34",1,0,{},3,17,0,3,0,3,20,3,17,0,3,0,3,20
16,dublin,"GEORGES QUAY","Georges Quay",53.3475,-6.25219,0,0,OPEN,"2025-02-22 10:28:38",1,0,{},3,17,0,3,0,3,20,3,17,0,3,0,3,20
16,dublin,"GEORGES QUAY","Georges Quay",53.3475,-6.25219,0,0,OPEN,"2025-02-22 10:38:43",1,0,{},3,17,0,3,0,3,20,3,17,0,3,0,3,20
16,dublin,"GEORGES QUAY","Georges Quay",53.3475,-6.25219,0,0,OPEN,"2025-02-22 10:48:47",1,0,{},3,17,0,3,0,3,20,3,17,0,3,0,3,20
16,dublin,"GEORGES QUAY","Georges Quay",53.3475,-6.25219,0,0,OPEN,"2025-02-22 10:56:53",1,0,{},4,16,1,3,0,3,20,4,16,1,3,0,3,20
16,dublin,"GEORGES QUAY","Georges Quay",53.3475,-6.25219,0,0,OPEN,"2025-02-22 10:58:51",1,0,{},4,16,1,3,0,3,20,4,16,1,3,0,3,20
16,dublin,"GEORGES QUAY","Georges Quay",53.3475,-6.25219,0,0,OPEN,"2025-02-22 11:08:56",1,0,{},4,16,1,3,0,3,20,4,16,1,3,0,3,20
16,dublin,"GEORGES QUAY","Georges Quay",53.3475,-6.25219,0,0,OPEN,"2025-02-22 11:19:08",1,0,{},5,15,1,4,0,4,20,5,15,1,4,0,4,20
16,dublin,"GEORGES QUAY","Georges Quay",53.3475,-6.25219,0,0,OPEN,"2025-02-22 11:29:05",1,0,{},5,15,1,4,0,4,20,5,15,1,4,0,4,20
16,dublin,"GEORGES QUAY","Georges Quay",53.3475,-6.25219,0,0,OPEN,"2025-02-22 11:39:09",1,0,{},5,15,1,4,0,4,20,5,15,1,4,0,4,20
16,dublin,"GEORGES QUAY","Georges Quay",53.3475,-6.25219,0,0,OPEN,"2025-02-22 11:43:38",1,0,{},6,14,2,4,0,4,20,6,14,2,4,0,4,20
16,dublin,"GEORGES QUAY","Georges Quay",53.3475,-6.25219,0,0,OPEN,"2025-02-22 11:49:14",1,0,{},6,14,2,4,0,4,20,6,14,2,4,0,4,20
16,dublin,"GEORGES QUAY","Georges Quay",53.3475,-6.25219,0,0,OPEN,"2025-02-22 11:58:14",1,0,{},7,13,3,4,0,4,20,7,13,3,4,0,4,20
16,dublin,"GEORGES QUAY","Georges Quay",53.3475,-6.25219,0,0,OPEN,"2025-02-22 11:59:19",1,0,{},7,13,3,4,0,4,20,7,13,3,4,0,4,20
16,dublin,"GEORGES QUAY","Georges Quay",53.3475,-6.25219,0,0,OPEN,"2025-02-22 12:12:18",1,0,{},3,17,1,2,0,2,20,3,17,1,2,0,2,20
16,dublin,"GEORGES QUAY","Georges Quay",53.3475,-6.25219,0,0,OPEN,"2025-02-22 12:15:14",1,0,{},2,18,0,2,0,2,20,2,18,0,2,0,2,20
16,dublin,"GEORGES QUAY","Georges Quay",53.3475,-6.25219,0,0,OPEN,"2025-02-22 12:19:32",1,0,{},2,18,0,2,0,2,20,2,18,0,2,0,2,20
16,dublin,"GEORGES QUAY","Georges Quay",53.3475,-6.25219,0,0,OPEN,"2025-02-22 12:27:43",1,0,{},3,17,1,2,0,2,20,3,17,1,2,0,2,20
16,dublin,"GEORGES QUAY","Georges Quay",53.3475,-6.25219,0,0,OPEN,"2025-02-22 12:29:37",1,0,{},3,17,1,2,0,2,20,3,17,1,2,0,2,20
16,dublin,"GEORGES QUAY","Georges Quay",53.3475,-6.25219,0,0,OPEN,"2025-02-22 12:39:41",1,0,{},4,16,2,2,0,2,20,4,16,2,2,0,2,20
16,dublin,"GEORGES QUAY","Georges Quay",53.3475,-6.25219,0,0,OPEN,"2025-02-22 12:49:46",1,0,{},4,16,2,2,0,2,20,4,16,2,2,0,2,20
16,dublin,"GEORGES QUAY","Georges Quay",53.3475,-6.25219,0,0,OPEN,"2025-02-22 13:00:31",1,0,{},5,15,2,3,0,3,20,5,15,2,3,0,3,20
16,dublin,"GEORGES QUAY","Georges Quay",53.3475,-6.25219,0,0,OPEN,"2025-02-22 13:09:56",1,0,{},5,15,2,3,0,3,20,5,15,2,3,0,3,20
16,dublin,"GEORGES QUAY","Georges Quay",53.3475,-6.25219,0,0,OPEN,"2025-02-22 13:16:55",1,0,{},4,16,2,2,0,2,20,4,16,2,2,0,2,20
16,dublin,"GEORGES QUAY","Georges Quay",53.3475,-6.25219,0,0,OPEN,"2025-02-22 13:20:03",1,0,{},3,17,2,1,0,1,20,3,17,2,1,0,1,20
16,dublin,"GEORGES QUAY","Georges Quay",53.3475,-6.25219,0,0,OPEN,"2025-02-22 13:30:07",1,0,{},3,17,2,1,0,1,20,3,17,2,1,0,1,20
16,dublin,"GEORGES QUAY","Georges Quay",53.3475,-6.25219,0,0,OPEN,"2025-02-22 13:40:12",1,0,{},3,17,2,1,0,1,20,3,17,2,1,0,1,20
16,dublin,"GEORGES QUAY","Georges Quay",53.3475,-6.25219,0,0,OPEN,"2025-02-22 13:50:18",1,0,{},2,18,1,1,0,1,20,2,18,1,1,0,1,20
16,dublin,"GEORGES QUAY","Georges Quay",53.3475,-6.25219,0,0,OPEN,"2025-02-22 14:00:22",1,0,{},2,18,1,1,0,1,20,2,18,1,1,0,1,20
16,dublin,"GEORGES QUAY","Georges Quay",53.3475,-6.25219,0,0,OPEN,"2025-02-22 14:08:27",1,0,{},3,17,1,2,0,2,20,3,17,1,2,0,2,20
16,dublin,"GEORGES QUAY","Georges Quay",53.3475,-6.25219,0,0,OPEN,"2025-02-22 14:10:27",1,0,{},3,17,1,2,0,2,20,3,17,1,2,0,2,20
16,dublin,"GEORGES QUAY","Georges Quay",53.3475,-6.25219,0,0,OPEN,"2025-02-22 14:23:21",1,0,{},3,17,1,2,0,2,20,3,17,1,2,0,2,20
16,dublin,"GEORGES QUAY","Georges Quay",53.3475,-6.25219,0,0,OPEN,"2025-02-22 14:30:36",1,0,{},3,17,1,2,0,2,20,3,17,1,2,0,2,20
16,dublin,"GEORGES QUAY","Georges Quay",53.3475,-6.25219,0,0,OPEN,"2025-02-22 14:41:59",1,0,{},4,16,2,2,0,2,20,4,16,2,2,0,2,20
16,dublin,"GEORGES QUAY","Georges Quay",53.3475,-6.25219,0,0,OPEN,"2025-02-22 14:50:45",1,0,{},4,16,2,2,0,2,20,4,16,2,2,0,2,20
16,dublin,"GEORGES QUAY","Georges Quay",53.3475,-6.25219,0,0,OPEN,"2025-02-22 15:00:49",1,0,{},4,16,2,2,0,2,20,4,16,2,2,0,2,20
16,dublin,"GEORGES QUAY","Georges Quay",53.3475,-6.25219,0,0,OPEN,"2025-02-22 15:10:53",1,0,{},4,16,2,2,0,2,20,4,16,2,2,0,2,20
16,dublin,"GEORGES QUAY","Georges Quay",53.3475,-6.25219,0,0,OPEN,"2025-02-22 15:20:57",1,0,{},4,16,2,2,0,2,20,4,16,2,2,0,2,20
16,dublin,"GEORGES QUAY","Georges Quay",53.3475,-6.25219,0,0,OPEN,"2025-02-22 15:31:01",1,0,{},4,16,2,2,0,2,20,4,16,2,2,0,2,20
16,dublin,"GEORGES QUAY","Georges Quay",53.3475,-6.25219,0,0,OPEN,"2025-02-22 15:36:35",1,0,{},6,14,2,4,0,4,20,6,14,2,4,0,4,20
16,dublin,"GEORGES QUAY","Georges Quay",53.3475,-6.25219,0,0,OPEN,"2025-02-22 15:41:09",1,0,{},6,14,2,4,0,4,20,6,14,2,4,0,4,20
16,dublin,"GEORGES QUAY","Georges Quay",53.3475,-6.25219,0,0,OPEN,"2025-02-22 15:51:13",1,0,{},6,14,2,4,0,4,20,6,14,2,4,0,4,20
16,dublin,"GEORGES QUAY","Georges Quay",53.3475,-6.25219,0,0,OPEN,"2025-02-22 16:01:17",1,0,{},6,14,2,4,0,4,20,6,14,2,4,0,4,20
16,dublin,"GEORGES QUAY","Georges Quay",53.3475,-6.25219,0,0,OPEN,"2025-02-22 16:11:21",1,0,{},6,14,2,4,0,4,20,6,14,2,4,0,4,20
16,dublin,"GEORGES QUAY","Georges Quay",53.3475,-6.25219,0,0,OPEN,"2025-02-22 16:21:25",1,0,{},6,14,2,4,0,4,20,6,14,2,4,0,4,20
16,dublin,"GEORGES QUAY","Georges Quay",53.3475,-6.25219,0,0,OPEN,"2025-02-22 16:31:30",1,0,{},6,14,2,4,0,4,20,6,14,2,4,0,4,20
16,dublin,"GEORGES QUAY","Georges Quay",53.3475,-6.25219,0,0,OPEN,"2025-02-22 16:41:33",1,0,{},6,14,2,4,0,4,20,6,14,2,4,0,4,20
16,dublin,"GEORGES QUAY","Georges Quay",53.3475,-6.25219,0,0,OPEN,"2025-02-22 16:48:22",1,0,{},7,13,2,5,0,5,20,7,13,2,5,0,5,20
16,dublin,"GEORGES QUAY","Georges Quay",53.3475,-6.25219,0,0,OPEN,"2025-02-22 16:51:37",1,0,{},7,13,2,5,0,5,20,7,13,2,5,0,5,20
16,dublin,"GEORGES QUAY","Georges Quay",53.3475,-6.25219,0,0,OPEN,"2025-02-22 17:01:42",1,0,{},7,13,2,5,0,5,20,7,13,2,5,0,5,20
16,dublin,"GEORGES QUAY","Georges Quay",53.3475,-6.25219,0,0,OPEN,"2025-02-22 17:06:17",1,0,{},6,14,1,5,0,5,20,6,14,1,5,0,5,20
16,dublin,"GEORGES QUAY","Georges Quay",53.3475,-6.25219,0,0,OPEN,"2025-02-22 17:13:22",1,0,{},5,15,1,4,0,4,20,5,15,1,4,0,4,20
16,dublin,"GEORGES QUAY","Georges Quay",53.3475,-6.25219,0,0,OPEN,"2025-02-22 17:21:53",1,0,{},5,15,1,4,0,4,20,5,15,1,4,0,4,20
16,dublin,"GEORGES QUAY","Georges Quay",53.3475,-6.25219,0,0,OPEN,"2025-02-22 17:31:57",1,0,{},5,15,1,4,0,4,20,5,15,1,4,0,4,20
16,dublin,"GEORGES QUAY","Georges Quay",53.3475,-6.25219,0,0,OPEN,"2025-02-22 17:42:01",1,0,{},5,15,1,4,0,4,20,5,15,1,4,0,4,20
16,dublin,"GEORGES QUAY","Georges Quay",53.3475,-6.25219,0,0,OPEN,"2025-02-22 17:53:17",1,0,{},4,16,1,3,0,3,20,4,16,1,3,0,3,20
16,dublin,"GEORGES QUAY","Georges Quay",53.3475,-6.25219,0,0,OPEN,"2025-02-22 18:02:13",1,0,{},2,18,1,1,0,1,20,2,18,1,1,0,1,20
16,dublin,"GEORGES QUAY","Georges Quay",53.3475,-6.25219,0,0,OPEN,"2025-02-22 18:12:16",1,0,{},2,18,1,1,0,1,20,2,18,1,1,0,1,20
16,dublin,"GEORGES QUAY","Georges Quay",53.3475,-6.25219,0,0,OPEN,"2025-02-22 18:22:20",1,0,{},2,18,1,1,0,1,20,2,18,1,1,0,1,20
16,dublin,"GEORGES QUAY","Georges Quay",53.3475,-6.25219,0,0,OPEN,"2025-02-22 18:32:26",1,0,{},0,20,0,0,0,0,20,0,20,0,0,0,0,20
16,dublin,"GEORGES QUAY","Georges Quay",53.3475,-6.25219,0,0,OPEN,"2025-02-22 18:42:30",1,0,{},0,20,0,0,0,0,20,0,20,0,0,0,0,20
16,dublin,"GEORGES QUAY","Georges Quay",53.3475,-6.25219,0,0,OPEN,"2025-02-22 18:46:21",1,0,{},9,11,2,7,0,7,20,9,11,2,7,0,7,20
16,dublin,"GEORGES QUAY","Georges Quay",53.3475,-6.25219,0,0,OPEN,"2025-02-22 18:52:34",1,0,{},9,11,2,7,0,7,20,9,11,2,7,0,7,20
16,dublin,"GEORGES QUAY","Georges Quay",53.3475,-6.25219,0,0,OPEN,"2025-02-22 19:02:39",1,0,{},9,11,2,7,0,7,20,9,11,2,7,0,7,20
16,dublin,"GEORGES QUAY","Georges Quay",53.3475,-6.25219,0,0,OPEN,"2025-02-22 19:12:45",1,0,{},9,11,2,7,0,7,20,9,11,2,7,0,7,20
16,dublin,"GEORGES QUAY","Georges Quay",53.3475,-6.25219,0,0,OPEN,"2025-02-22 19:22:50",1,0,{},9,11,2,7,0,7,20,9,11,2,7,0,7,20
16,dublin,"GEORGES QUAY","Georges Quay",53.3475,-6.25219,0,0,OPEN,"2025-02-22 19:32:55",1,0,{},8,12,2,6,0,6,20,8,12,2,6,0,6,20
16,dublin,"GEORGES QUAY","Georges Quay",53.3475,-6.25219,0,0,OPEN,"2025-02-22 19:42:59",1,0,{},8,12,2,6,0,6,20,8,12,2,6,0,6,20
16,dublin,"GEORGES QUAY","Georges Quay",53.3475,-6.25219,0,0,OPEN,"2025-02-22 19:53:03",1,0,{},8,12,2,6,0,6,20,8,12,2,6,0,6,20
16,dublin,"GEORGES QUAY","Georges Quay",53.3475,-6.25219,0,0,OPEN,"2025-02-22 20:03:29",1,0,{},8,12,2,6,0,6,20,8,12,2,6,0,6,20
16,dublin,"GEORGES QUAY","Georges Quay",53.3475,-6.25219,0,0,OPEN,"2025-02-22 20:13:12",1,0,{},8,12,2,6,0,6,20,8,12,2,6,0,6,20
16,dublin,"GEORGES QUAY","Georges Quay",53.3475,-6.25219,0,0,OPEN,"2025-02-22 20:23:16",1,0,{},8,12,2,6,0,6,20,8,12,2,6,0,6,20
16,dublin,"GEORGES QUAY","Georges Quay",53.3475,-6.25219,0,0,OPEN,"2025-02-22 20:33:22",1,0,{},7,13,2,5,0,5,20,7,13,2,5,0,5,20
16,dublin,"GEORGES QUAY","Georges Quay",53.3475,-6.25219,0,0,OPEN,"2025-02-22 20:43:26",1,0,{},7,13,2,5,0,5,20,7,13,2,5,0,5,20
16,dublin,"GEORGES QUAY","Georges Quay",53.3475,-6.25219,0,0,OPEN,"2025-02-22 20:53:30",1,0,{},7,13,2,5,0,5,20,7,13,2,5,0,5,20
16,dublin,"GEORGES QUAY","Georges Quay",53.3475,-6.25219,0,0,OPEN,"2025-02-22 21:03:34",1,0,{},7,13,2,5,0,5,20,7,13,2,5,0,5,20
16,dublin,"GEORGES QUAY","Georges Quay",53.3475,-6.25219,0,0,OPEN,"2025-02-22 21:13:38",1,0,{},7,13,2,5,0,5,20,7,13,2,5,0,5,20
16,dublin,"GEORGES QUAY","Georges Quay",53.3475,-6.25219,0,0,OPEN,"2025-02-22 21:23:50",1,0,{},8,12,2,6,0,6,20,8,12,2,6,0,6,20
16,dublin,"GEORGES QUAY","Georges Quay",53.3475,-6.25219,0,0,OPEN,"2025-02-22 21:27:07",1,0,{},7,13,2,5,0,5,20,7,13,2,5,0,5,20
16,dublin,"GEORGES QUAY","Georges Quay",53.3475,-6.25219,0,0,OPEN,"2025-02-22 21:33:49",1,0,{},7,13,2,5,0,5,20,7,13,2,5,0,5,20
16,dublin,"GEORGES QUAY","Georges Quay",53.3475,-6.25219,0,0,OPEN,"2025-02-22 21:43:53",1,0,{},7,13,2,5,0,5,20,7,13,2,5,0,5,20
16,dublin,"GEORGES QUAY","Georges Quay",53.3475,-6.25219,0,0,OPEN,"2025-02-22 21:53:57",1,0,{},7,13,2,5,0,5,20,7,13,2,5,0,5,20
16,dublin,"GEORGES QUAY","Georges Quay",53.3475,-6.25219,0,0,OPEN,"2025-02-22 22:03:59",1,0,{},7,13,2,5,0,5,20,7,13,2,5,0,5,20
16,dublin,"GEORGES QUAY","Georges Quay",53.3475,-6.25219,0,0,OPEN,"2025-02-22 22:14:03",1,0,{},7,13,2,5,0,5,20,7,13,2,5,0,5,20
17,dublin,"GOLDEN LANE","Golden Lane",53.3408,-6.26773,0,0,OPEN,"2025-02-22 03:01:08",1,0,{},1,19,0,1,0,1,20,1,19,0,1,0,1,20
17,dublin,"GOLDEN LANE","Golden Lane",53.3408,-6.26773,0,0,OPEN,"2025-02-22 03:11:12",1,0,{},1,19,0,1,0,1,20,1,19,0,1,0,1,20
17,dublin,"GOLDEN LANE","Golden Lane",53.3408,-6.26773,0,0,OPEN,"2025-02-22 03:16:33",1,0,{},1,19,0,1,0,1,20,1,19,0,1,0,1,20
17,dublin,"GOLDEN LANE","Golden Lane",53.3408,-6.26773,0,0,OPEN,"2025-02-22 10:09:23",1,0,{},3,17,3,0,0,0,20,3,17,3,0,0,0,20
17,dublin,"GOLDEN LANE","Golden Lane",53.3408,-6.26773,0,0,OPEN,"2025-02-22 10:19:26",1,0,{},3,17,3,0,0,0,20,3,17,3,0,0,0,20
17,dublin,"GOLDEN LANE","Golden Lane",53.3408,-6.26773,0,0,OPEN,"2025-02-22 10:27:39",1,0,{},4,16,3,1,0,1,20,4,16,3,1,0,1,20
17,dublin,"GOLDEN LANE","Golden Lane",53.3408,-6.26773,0,0,OPEN,"2025-02-22 10:29:31",1,0,{},4,16,3,1,0,1,20,4,16,3,1,0,1,20
17,dublin,"GOLDEN LANE","Golden Lane",53.3408,-6.26773,0,0,OPEN,"2025-02-22 10:42:13",1,0,{},5,15,3,2,0,2,20,5,15,3,2,0,2,20
17,dublin,"GOLDEN LANE","Golden Lane",53.3408,-6.26773,0,0,OPEN,"2025-02-22 10:50:03",1,0,{},6,14,4,2,0,2,20,6,14,4,2,0,2,20
17,dublin,"GOLDEN LANE","Golden Lane",53.3408,-6.26773,0,0,OPEN,"2025-02-22 10:55:02",1,0,{},5,15,4,1,0,1,20,5,15,4,1,0,1,20
17,dublin,"GOLDEN LANE","Golden Lane",53.3408,-6.26773,0,0,OPEN,"2025-02-22 10:59:45",1,0,{},5,15,4,1,0,1,20,5,15,4,1,0,1,20
17,dublin,"GOLDEN LANE","Golden Lane",53.3408,-6.26773,0,0,OPEN,"2025-02-22 11:09:48",1,0,{},5,15,4,1,0,1,20,5,15,4,1,0,1,20
17,dublin,"GOLDEN LANE","Golden Lane",53.3408,-6.26773,0,0,OPEN,"2025-02-22 11:19:52",1,0,{},5,15,4,1,0,1,20,5,15,4,1,0,1,20
17,dublin,"GOLDEN LANE","Golden Lane",53.3408,-6.26773,0,0,OPEN,"2025-02-22 11:32:06",1,0,{},4,16,3,1,0,1,20,4,16,3,1,0,1,20
17,dublin,"GOLDEN LANE","Golden Lane",53.3408,-6.26773,0,0,OPEN,"2025-02-22 11:33:36",1,0,{},5,15,3,2,0,2,20,5,15,3,2,0,2,20
17,dublin,"GOLDEN LANE","Golden Lane",53.3408,-6.26773,0,0,OPEN,"2025-02-22 11:39:58",1,0,{},5,15,3,2,0,2,20,5,15,3,2,0,2,20
17,dublin,"GOLDEN LANE","Golden Lane",53.3408,-6.26773,0,0,OPEN,"2025-02-22 11:47:03",1,0,{},6,14,4,2,0,2,20,6,14,4,2,0,2,20
17,dublin,"GOLDEN LANE","Golden Lane",53.3408,-6.26773,0,0,OPEN,"2025-02-22 11:50:01",1,0,{},6,14,4,2,0,2,20,6,14,4,2,0,2,20
17,dublin,"GOLDEN LANE","Golden Lane",53.3408,-6.26773,0,0,OPEN,"2025-02-22 12:00:04",1,0,{},6,14,4,2,0,2,20,6,14,4,2,0,2,20
17,dublin,"GOLDEN LANE","Golden Lane",53.3408,-6.26773,0,0,OPEN,"2025-02-22 12:10:07",1,0,{},6,14,4,2,0,2,20,6,14,4,2,0,2,20
17,dublin,"GOLDEN LANE","Golden Lane",53.3408,-6.26773,0,0,OPEN,"2025-02-22 12:18:19",1,0,{},5,15,3,2,0,2,20,5,15,3,2,0,2,20
17,dublin,"GOLDEN LANE","Golden Lane",53.3408,-6.26773,0,0,OPEN,"2025-02-22 12:20:12",1,0,{},5,15,3,2,0,2,20,5,15,3,2,0,2,20
17,dublin,"GOLDEN LANE","Golden Lane",53.3408,-6.26773,0,0,OPEN,"2025-02-22 12:30:15",1,0,{},5,15,3,2,0,2,20,5,15,3,2,0,2,20
17,dublin,"GOLDEN LANE","Golden Lane",53.3408,-6.26773,0,0,OPEN,"2025-02-22 12:40:18",1,0,{},5,15,3,2,0,2,20,5,15,3,2,0,2,20
17,dublin,"GOLDEN LANE","Golden Lane",53.3408,-6.26773,0,0,OPEN,"2025-02-22 12:50:21",1,0,{},5,15,3,2,0,2,20,5,15,3,2,0,2,20
17,dublin,"GOLDEN LANE","Golden Lane",53.3408,-6.26773,0,0,OPEN,"2025-02-22 13:00:24",1,0,{},5,15,3,2,0,2,20,5,15,3,2,0,2,20
17,dublin,"GOLDEN LANE","Golden Lane",53.3408,-6.26773,0,0,OPEN,"2025-02-22 13:07:23",1,0,{},6,14,4,2,0,2,20,6,14,4,2,0,2,20
17,dublin,"GOLDEN LANE","Golden Lane",53.3408,-6.26773,0,0,OPEN,"2025-02-22 13:10:28",1,0,{},6,14,4,2,0,2,20,6,14,4,2,0,2,20
17,dublin,"GOLDEN LANE","Golden Lane",53.3408,-6.26773,0,0,OPEN,"2025-02-22 13:16:03",1,0,{},7,13,5,2,0,2,20,7,13,5,2,0,2,20
17,dublin,"GOLDEN LANE","Golden Lane",53.3408,-6.26773,0,0,OPEN,"2025-02-22 13:23:28",1,0,{},7,12,5,2,0,2,20,7,12,5,2,0,2,20
17,dublin,"GOLDEN LANE","Golden Lane",53.3408,-6.26773,0,0,OPEN,"2025-02-22 13:23:45",1,0,{},8,12,6,2,0,2,20,8,12,6,2,0,2,20
17,dublin,"GOLDEN LANE","Golden Lane",53.3408,-6.26773,0,0,OPEN,"2025-02-22 13:30:38",1,0,{},8,12,6,2,0,2,20,8,12,6,2,0,2,20
17,dublin,"GOLDEN LANE","Golden Lane",53.3408,-6.26773,0,0,OPEN,"2025-02-22 13:40:50",1,0,{},8,12,6,2,0,2,20,8,12,6,2,0,2,20
17,dublin,"GOLDEN LANE","Golden Lane",53.3408,-6.26773,0,0,OPEN,"2025-02-22 13:50:45",1,0,{},8,12,6,2,0,2,20,8,12,6,2,0,2,20
17,dublin,"GOLDEN LANE","Golden Lane",53.3408,-6.26773,0,0,OPEN,"2025-02-22 13:56:32",1,0,{},8,12,6,2,0,2,20,8,12,6,2,0,2,20
17,dublin,"GOLDEN LANE","Golden Lane",53.3408,-6.26773,0,0,OPEN,"2025-02-22 14:02:51",1,0,{},7,13,6,1,0,1,20,7,13,6,1,0,1,20
17,dublin,"GOLDEN LANE","Golden Lane",53.3408,-6.26773,0,0,OPEN,"2025-02-22 14:06:48",1,0,{},6,14,5,1,0,1,20,6,14,5,1,0,1,20
17,dublin,"GOLDEN LANE","Golden Lane",53.3408,-6.26773,0,0,OPEN,"2025-02-22 14:13:26",1,0,{},4,16,3,1,0,1,20,4,16,3,1,0,1,20
17,dublin,"GOLDEN LANE","Golden Lane",53.3408,-6.26773,0,0,OPEN,"2025-02-22 14:20:59",1,0,{},4,16,3,1,0,1,20,4,16,3,1,0,1,20
17,dublin,"GOLDEN LANE","Golden Lane",53.3408,-6.26773,0,0,OPEN,"2025-02-22 14:31:03",1,0,{},4,16,3,1,0,1,20,4,16,3,1,0,1,20
17,dublin,"GOLDEN LANE","Golden Lane",53.3408,-6.26773,0,0,OPEN,"2025-02-22 14:41:05",1,0,{},4,16,3,1,0,1,20,4,16,3,1,0,1,20
17,dublin,"GOLDEN LANE","Golden Lane",53.3408,-6.26773,0,0,OPEN,"2025-02-22 14:51:09",1,0,{},4,16,3,1,0,1,20,4,16,3,1,0,1,20
17,dublin,"GOLDEN LANE","Golden Lane",53.3408,-6.26773,0,0,OPEN,"2025-02-22 15:01:12",1,0,{},4,16,3,1,0,1,20,4,16,3,1,0,1,20
17,dublin,"GOLDEN LANE","Golden Lane",53.3408,-6.26773,0,0,OPEN,"2025-02-22 15:11:17",1,0,{},3,17,2,1,0,1,20,3,17,2,1,0,1,20
17,dublin,"GOLDEN LANE","Golden Lane",53.3408,-6.26773,0,0,OPEN,"2025-02-22 15:21:20",1,0,{},3,17,2,1,0,1,20,3,17,2,1,0,1,20
17,dublin,"GOLDEN LANE","Golden Lane",53.3408,-6.26773,0,0,OPEN,"2025-02-22 15:23:55",1,0,{},4,16,3,1,0,1,20,4,16,3,1,0,1,20
17,dublin,"GOLDEN LANE","Golden Lane",53.3408,-6.26773,0,0,OPEN,"2025-02-22 15:31:24",1,0,{},4,16,3,1,0,1,20,4,16,3,1,0,1,20
17,dublin,"GOLDEN LANE","Golden Lane",53.3408,-6.26773,0,0,OPEN,"2025-02-22 15:41:27",1,0,{},4,16,3,1,0,1,20,4,16,3,1,0,1,20
17,dublin,"GOLDEN LANE","Golden Lane",53.3408,-6.26773,0,0,OPEN,"2025-02-22 15:51:30",1,0,{},4,16,3,1,0,1,20,4,16,3,1,0,1,20
17,dublin,"GOLDEN LANE","Golden Lane",53.3408,-6.26773,0,0,OPEN,"2025-02-22 15:55:36",1,0,{},5,15,4,1,0,1,20,5,15,4,1,0,1,20
17,dublin,"GOLDEN LANE","Golden Lane",53.3408,-6.26773,0,0,OPEN,"2025-02-22 16:01:34",1,0,{},5,15,4,1,0,1,20,5,15,4,1,0,1,20
17,dublin,"GOLDEN LANE","Golden Lane",53.3408,-6.26773,0,0,OPEN,"2025-02-22 16:03:52",1,0,{},4,16,3,1,0,1,20,4,16,3,1,0,1,20
17,dublin,"GOLDEN LANE","Golden Lane",53.3408,-6.26773,0,0,OPEN,"2025-02-22 16:11:39",1,0,{},4,16,3,1,0,1,20,4,16,3,1,0,1,20
17,dublin,"GOLDEN LANE","Golden Lane",53.3408,-6.26773,0,0,OPEN,"2025-02-22 16:14:28",1,0,{},3,17,2,1,0,1,20,3,17,2,1,0,1,20
17,dublin,"GOLDEN LANE","Golden Lane",53.3408,-6.26773,0,0,OPEN,"2025-02-22 16:21:44",1,0,{},3,17,2,1,0,1,20,3,17,2,1,0,1,20
17,dublin,"GOLDEN LANE","Golden Lane",53.3408,-6.26773,0,0,OPEN,"2025-02-22 16:31:47",1,0,{},3,17,2,1,0,1,20,3,17,2,1,0,1,20
17,dublin,"GOLDEN LANE","Golden Lane",53.3408,-6.26773,0,0,OPEN,"2025-02-22 16:41:50",1,0,{},3,17,2,1,0,1,20,3,17,2,1,0,1,20
17,dublin,"GOLDEN LANE","Golden Lane",53.3408,-6.26773,0,0,OPEN,"2025-02-22 16:52:25",1,0,{},3,17,2,1,0,1,20,3,17,2,1,0,1,20
17,dublin,"GOLDEN LANE","Golden Lane",53.3408,-6.26773,0,0,OPEN,"2025-02-22 17:02:27",1,0,{},2,18,1,1,0,1,20,2,18,1,1,0,1,20
17,dublin,"GOLDEN LANE","Golden Lane",53.3408,-6.26773,0,0,OPEN,"2025-02-22 17:12:04",1,0,{},2,18,1,1,0,1,20,2,18,1,1,0,1,20
17,dublin,"GOLDEN LANE","Golden Lane",53.3408,-6.26773,0,0,OPEN,"2025-02-22 17:22:07",1,0,{},2,18,1,1,0,1,20,2,18,1,1,0,1,20
17,dublin,"GOLDEN LANE","Golden Lane",53.3408,-6.26773,0,0,OPEN,"2025-02-22 17:32:10",1,0,{},2,18,1,1,0,1,20,2,18,1,1,0,1,20
17,dublin,"GOLDEN LANE","Golden Lane",53.3408,-6.26773,0,0,OPEN,"2025-02-22 17:42:15",1,0,{},1,19,0,1,0,1,20,1,19,0,1,0,1,20
17,dublin,"GOLDEN LANE","Golden Lane",53.3408,-6.26773,0,0,OPEN,"2025-02-22 17:52:19",1,0,{},0,20,0,0,0,0,20,0,20,0,0,0,0,20
17,dublin,"GOLDEN LANE","Golden Lane",53.3408,-6.26773,0,0,OPEN,"2025-02-22 18:02:22",1,0,{},0,20,0,0,0,0,20,0,20,0,0,0,0,20
17,dublin,"GOLDEN LANE","Golden Lane",53.3408,-6.26773,0,0,OPEN,"2025-02-22 18:12:26",1,0,{},0,20,0,0,0,0,20,0,20,0,0,0,0,20
17,dublin,"GOLDEN LANE","Golden Lane",53.3408,-6.26773,0,0,OPEN,"2025-02-22 18:22:29",1,0,{},0,20,0,0,0,0,20,0,20,0,0,0,0,20
17,dublin,"GOLDEN LANE","Golden Lane",53.3408,-6.26773,0,0,OPEN,"2025-02-22 18:32:32",1,0,{},0,20,0,0,0,0,20,0,20,0,0,0,0,20
17,dublin,"GOLDEN LANE","Golden Lane",53.3408,-6.26773,0,0,OPEN,"2025-02-22 18:42:35",1,0,{},0,20,0,0,0,0,20,0,20,0,0,0,0,20
17,dublin,"GOLDEN LANE","Golden Lane",53.3408,-6.26773,0,0,OPEN,"2025-02-22 18:52:38",1,0,{},0,20,0,0,0,0,20,0,20,0,0,0,0,20
17,dublin,"GOLDEN LANE","Golden Lane",53.3408,-6.26773,0,0,OPEN,"2025-02-22 19:02:41",1,0,{},0,20,0,0,0,0,20,0,20,0,0,0,0,20
17,dublin,"GOLDEN LANE","Golden Lane",53.3408,-6.26773,0,0,OPEN,"2025-02-22 19:12:47",1,0,{},0,20,0,0,0,0,20,0,20,0,0,0,0,20
17,dublin,"GOLDEN LANE","Golden Lane",53.3408,-6.26773,0,0,OPEN,"2025-02-22 19:22:50",1,0,{},0,20,0,0,0,0,20,0,20,0,0,0,0,20
17,dublin,"GOLDEN LANE","Golden Lane",53.3408,-6.26773,0,0,OPEN,"2025-02-22 19:32:53",1,0,{},0,20,0,0,0,0,20,0,20,0,0,0,0,20
17,dublin,"GOLDEN LANE","Golden Lane",53.3408,-6.26773,0,0,OPEN,"2025-02-22 19:42:57",1,0,{},0,20,0,0,0,0,20,0,20,0,0,0,0,20
17,dublin,"GOLDEN LANE","Golden Lane",53.3408,-6.26773,0,0,OPEN,"2025-02-22 19:53:00",1,0,{},0,20,0,0,0,0,20,0,20,0,0,0,0,20
17,dublin,"GOLDEN LANE","Golden Lane",53.3408,-6.26773,0,0,OPEN,"2025-02-22 20:03:03",1,0,{},0,20,0,0,0,0,20,0,20,0,0,0,0,20
17,dublin,"GOLDEN LANE","Golden Lane",53.3408,-6.26773,0,0,OPEN,"2025-02-22 20:13:06",1,0,{},0,20,0,0,0,0,20,0,20,0,0,0,0,20
17,dublin,"GOLDEN LANE","Golden Lane",53.3408,-6.26773,0,0,OPEN,"2025-02-22 20:24:10",1,0,{},1,19,1,0,0,0,20,1,19,1,0,0,0,20
17,dublin,"GOLDEN LANE","Golden Lane",53.3408,-6.26773,0,0,OPEN,"2025-02-22 20:33:13",1,0,{},1,19,1,0,0,0,20,1,19,1,0,0,0,20
17,dublin,"GOLDEN LANE","Golden Lane",53.3408,-6.26773,0,0,OPEN,"2025-02-22 20:43:16",1,0,{},1,19,1,0,0,0,20,1,19,1,0,0,0,20
17,dublin,"GOLDEN LANE","Golden Lane",53.3408,-6.26773,0,0,OPEN,"2025-02-22 20:53:19",1,0,{},1,19,1,0,0,0,20,1,19,1,0,0,0,20
17,dublin,"GOLDEN LANE","Golden Lane",53.3408,-6.26773,0,0,OPEN,"2025-02-22 21:03:23",1,0,{},1,19,1,0,0,0,20,1,19,1,0,0,0,20
17,dublin,"GOLDEN LANE","Golden Lane",53.3408,-6.26773,0,0,OPEN,"2025-02-22 21:08:26",1,0,{},2,18,2,0,0,0,20,2,18,2,0,0,0,20
17,dublin,"GOLDEN LANE","Golden Lane",53.3408,-6.26773,0,0,OPEN,"2025-02-22 21:14:10",1,0,{},1,19,1,0,0,0,20,1,19,1,0,0,0,20
17,dublin,"GOLDEN LANE","Golden Lane",53.3408,-6.26773,0,0,OPEN,"2025-02-22 21:23:31",1,0,{},1,19,1,0,0,0,20,1,19,1,0,0,0,20
17,dublin,"GOLDEN LANE","Golden Lane",53.3408,-6.26773,0,0,OPEN,"2025-02-22 21:33:33",1,0,{},1,19,1,0,0,0,20,1,19,1,0,0,0,20
17,dublin,"GOLDEN LANE","Golden Lane",53.3408,-6.26773,0,0,OPEN,"2025-02-22 21:43:36",1,0,{},1,19,1,0,0,0,20,1,19,1,0,0,0,20
17,dublin,"GOLDEN LANE","Golden Lane",53.3408,-6.26773,0,0,OPEN,"2025-02-22 21:53:39",1,0,{},1,19,1,0,0,0,20,1,19,1,0,0,0,20
17,dublin,"GOLDEN LANE","Golden Lane",53.3408,-6.26773,0,0,OPEN,"2025-02-22 22:03:42",1,0,{},1,19,1,0,0,0,20,1,19,1,0,0,0,20
17,dublin,"GOLDEN LANE","Golden Lane",53.3408,-6.26773,0,0,OPEN,"2025-02-22 22:13:45",1,0,{},1,19,1,0,0,0,20,1,19,1,0,0,0,20
18,dublin,"GRANTHAM STREET","Grantham Street",53.3341,-6.26544,0,0,OPEN,"2025-02-22 02:59:49",1,0,{},12,18,8,4,0,4,30,12,18,8,4,0,4,30
18,dublin,"GRANTHAM STREET","Grantham Street",53.3341,-6.26544,0,0,OPEN,"2025-02-22 03:09:53",1,0,{},12,18,8,4,0,4,30,12,18,8,4,0,4,30
18,dublin,"GRANTHAM STREET","Grantham Street",53.3341,-6.26544,0,0,OPEN,"2025-02-22 10:09:55",1,0,{},10,20,8,2,0,2,30,10,20,8,2,0,2,30
18,dublin,"GRANTHAM STREET","Grantham Street",53.3341,-6.26544,0,0,OPEN,"2025-02-22 10:19:58",1,0,{},10,20,8,2,0,2,30,10,20,8,2,0,2,30
18,dublin,"GRANTHAM STREET","Grantham Street",53.3341,-6.26544,0,0,OPEN,"2025-02-22 10:30:02",1,0,{},10,20,8,2,0,2,30,10,20,8,2,0,2,30
18,dublin,"GRANTHAM STREET","Grantham Street",53.3341,-6.26544,0,0,OPEN,"2025-02-22 10:42:31",1,0,{},10,20,6,4,0,4,30,10,20,6,4,0,4,30
18,dublin,"GRANTHAM STREET","Grantham Street",53.3341,-6.26544,0,0,OPEN,"2025-02-22 10:47:07",1,0,{},10,20,5,5,0,5,30,10,20,5,5,0,5,30
18,dublin,"GRANTHAM STREET","Grantham Street",53.3341,-6.26544,0,0,OPEN,"2025-02-22 10:50:10",1,0,{},10,20,5,5,0,5,30,10,20,5,5,0,5,30
18,dublin,"GRANTHAM STREET","Grantham Street",53.3341,-6.26544,0,0,OPEN,"2025-02-22 10:56:35",1,0,{},10,20,4,6,0,6,30,10,20,4,6,0,6,30
18,dublin,"GRANTHAM STREET","Grantham Street",53.3341,-6.26544,0,0,OPEN,"2025-02-22 11:00:14",1,0,{},10,20,4,6,0,6,30,10,20,4,6,0,6,30
18,dublin,"GRANTHAM STREET","Grantham Street",53.3341,-6.26544,0,0,OPEN,"2025-02-22 11:10:20",1,0,{},9,21,3,6,0,6,30,9,21,3,6,0,6,30
18,dublin,"GRANTHAM STREET","Grantham Street",53.3341,-6.26544,0,0,OPEN,"2025-02-22 11:14:34",1,0,{},8,22,3,5,0,5,30,8,22,3,5,0,5,30
18,dublin,"GRANTHAM STREET","Grantham Street",53.3341,-6.26544,0,0,OPEN,"2025-02-22 11:22:38",1,0,{},7,23,3,4,0,4,30,7,23,3,4,0,4,30
18,dublin,"GRANTHAM STREET","Grantham Street",53.3341,-6.26544,0,0,OPEN,"2025-02-22 11:26:29",1,0,{},8,22,4,4,0,4,30,8,22,4,4,0,4,30
18,dublin,"GRANTHAM STREET","Grantham Street",53.3341,-6.26544,0,0,OPEN,"2025-02-22 11:30:30",1,0,{},8,22,4,4,0,4,30,8,22,4,4,0,4,30
18,dublin,"GRANTHAM STREET","Grantham Street",53.3341,-6.26544,0,0,OPEN,"2025-02-22 11:40:33",1,0,{},8,22,4,4,0,4,30,8,22,4,4,0,4,30
18,dublin,"GRANTHAM STREET","Grantham Street",53.3341,-6.26544,0,0,OPEN,"2025-02-22 11:50:36",1,0,{},8,22,4,4,0,4,30,8,22,4,4,0,4,30
18,dublin,"GRANTHAM STREET","Grantham Street",53.3341,-6.26544,0,0,OPEN,"2025-02-22 12:00:41",1,0,{},7,23,4,3,0,3,30,7,23,4,3,0,3,30
18,dublin,"GRANTHAM STREET","Grantham Street",53.3341,-6.26544,0,0,OPEN,"2025-02-22 12:12:43",1,0,{},8,22,4,4,0,4,30,8,22,4,4,0,4,30
18,dublin,"GRANTHAM STREET","Grantham Street",53.3341,-6.26544,0,0,OPEN,"2025-02-22 12:17:44",1,0,{},8,22,4,4,0,4,30,8,22,4,4,0,4,30
18,dublin,"GRANTHAM STREET","Grantham Street",53.3341,-6.26544,0,0,OPEN,"2025-02-22 12:20:48",1,0,{},8,22,4,4,0,4,30,8,22,4,4,0,4,30
18,dublin,"GRANTHAM STREET","Grantham Street",53.3341,-6.26544,0,0,OPEN,"2025-02-22 12:25:11",1,0,{},9,21,5,4,0,4,30,9,21,5,4,0,4,30
18,dublin,"GRANTHAM STREET","Grantham Street",53.3341,-6.26544,0,0,OPEN,"2025-02-22 12:30:52",1,0,{},9,21,5,4,0,4,30,9,21,5,4,0,4,30
18,dublin,"GRANTHAM STREET","Grantham Street",53.3341,-6.26544,0,0,OPEN,"2025-02-22 12:34:13",1,0,{},9,21,5,4,0,4,30,9,21,5,4,0,4,30
18,dublin,"GRANTHAM STREET","Grantham Street",53.3341,-6.26544,0,0,OPEN,"2025-02-22 12:40:58",1,0,{},8,22,4,4,0,4,30,8,22,4,4,0,4,30
18,dublin,"GRANTHAM STREET","Grantham Street",53.3341,-6.26544,0,0,OPEN,"2025-02-22 12:45:12",1,0,{},9,21,5,4,0,4,30,9,21,5,4,0,4,30
18,dublin,"GRANTHAM STREET","Grantham Street",53.3341,-6.26544,0,0,OPEN,"2025-02-22 12:51:03",1,0,{},9,21,5,4,0,4,30,9,21,5,4,0,4,30
18,dublin,"GRANTHAM STREET","Grantham Street",53.3341,-6.26544,0,0,OPEN,"2025-02-22 12:57:44",1,0,{},7,23,4,3,0,3,30,7,23,4,3,0,3,30
18,dublin,"GRANTHAM STREET","Grantham Street",53.3341,-6.26544,0,0,OPEN,"2025-02-22 13:01:10",1,0,{},6,24,3,3,0,3,30,6,24,3,3,0,3,30
18,dublin,"GRANTHAM STREET","Grantham Street",53.3341,-6.26544,0,0,OPEN,"2025-02-22 13:13:11",1,0,{},6,24,4,2,0,2,30,6,24,4,2,0,2,30
18,dublin,"GRANTHAM STREET","Grantham Street",53.3341,-6.26544,0,0,OPEN,"2025-02-22 13:17:52",1,0,{},4,26,3,1,0,1,30,4,26,3,1,0,1,30
18,dublin,"GRANTHAM STREET","Grantham Street",53.3341,-6.26544,0,0,OPEN,"2025-02-22 13:21:21",1,0,{},3,27,2,1,0,1,30,3,27,2,1,0,1,30
18,dublin,"GRANTHAM STREET","Grantham Street",53.3341,-6.26544,0,0,OPEN,"2025-02-22 13:31:24",1,0,{},3,27,2,1,0,1,30,3,27,2,1,0,1,30
18,dublin,"GRANTHAM STREET","Grantham Street",53.3341,-6.26544,0,0,OPEN,"2025-02-22 13:43:06",1,0,{},3,27,1,2,0,2,30,3,27,1,2,0,2,30
18,dublin,"GRANTHAM STREET","Grantham Street",53.3341,-6.26544,0,0,OPEN,"2025-02-22 13:51:33",1,0,{},2,28,0,2,0,2,30,2,28,0,2,0,2,30
18,dublin,"GRANTHAM STREET","Grantham Street",53.3341,-6.26544,0,0,OPEN,"2025-02-22 14:01:36",1,0,{},2,28,0,2,0,2,30,2,28,0,2,0,2,30
18,dublin,"GRANTHAM STREET","Grantham Street",53.3341,-6.26544,0,0,OPEN,"2025-02-22 14:11:40",1,0,{},3,27,1,2,0,2,30,3,27,1,2,0,2,30
18,dublin,"GRANTHAM STREET","Grantham Street",53.3341,-6.26544,0,0,OPEN,"2025-02-22 14:17:33",1,0,{},4,26,2,2,0,2,30,4,26,2,2,0,2,30
18,dublin,"GRANTHAM STREET","Grantham Street",53.3341,-6.26544,0,0,OPEN,"2025-02-22 14:21:44",1,0,{},4,26,2,2,0,2,30,4,26,2,2,0,2,30
18,dublin,"GRANTHAM STREET","Grantham Street",53.3341,-6.26544,0,0,OPEN,"2025-02-22 14:24:58",1,0,{},3,27,1,2,0,2,30,3,27,1,2,0,2,30
18,dublin,"GRANTHAM STREET","Grantham Street",53.3341,-6.26544,0,0,OPEN,"2025-02-22 14:32:36",1,0,{},4,26,1,3,0,3,30,4,26,1,3,0,3,30
18,dublin,"GRANTHAM STREET","Grantham Street",53.3341,-6.26544,0,0,OPEN,"2025-02-22 14:35:06",1,0,{},2,28,1,1,0,1,30,2,28,1,1,0,1,30
18,dublin,"GRANTHAM STREET","Grantham Street",53.3341,-6.26544,0,0,OPEN,"2025-02-22 14:41:57",1,0,{},2,28,1,1,0,1,30,2,28,1,1,0,1,30
18,dublin,"GRANTHAM STREET","Grantham Street",53.3341,-6.26544,0,0,OPEN,"2025-02-22 14:43:33",1,0,{},1,29,1,0,0,0,30,1,29,1,0,0,0,30
18,dublin,"GRANTHAM STREET","Grantham Street",53.3341,-6.26544,0,0,OPEN,"2025-02-22 14:52:01",1,0,{},1,29,1,0,0,0,30,1,29,1,0,0,0,30
18,dublin,"GRANTHAM STREET","Grantham Street",53.3341,-6.26544,0,0,OPEN,"2025-02-22 14:56:17",1,0,{},2,28,2,0,0,0,30,2,28,2,0,0,0,30
18,dublin,"GRANTHAM STREET","Grantham Street",53.3341,-6.26544,0,0,OPEN,"2025-02-22 15:02:05",1,0,{},2,28,2,0,0,0,30,2,28,2,0,0,0,30
18,dublin,"GRANTHAM STREET","Grantham Street",53.3341,-6.26544,0,0,OPEN,"2025-02-22 15:08:32",1,0,{},3,27,2,1,0,1,30,3,27,2,1,0,1,30
18,dublin,"GRANTHAM STREET","Grantham Street",53.3341,-6.26544,0,0,OPEN,"2025-02-22 15:12:09",1,0,{},3,27,2,1,0,1,30,3,27,2,1,0,1,30
18,dublin,"GRANTHAM STREET","Grantham Street",53.3341,-6.26544,0,0,OPEN,"2025-02-22 15:16:11",1,0,{},1,29,0,1,0,1,30,1,29,0,1,0,1,30
18,dublin,"GRANTHAM STREET","Grantham Street",53.3341,-6.26544,0,0,OPEN,"2025-02-22 15:22:15",1,0,{},1,29,0,1,0,1,30,1,29,0,1,0,1,30
18,dublin,"GRANTHAM STREET","Grantham Street",53.3341,-6.26544,0,0,OPEN,"2025-02-22 15:27:53",1,0,{},0,30,0,0,0,0,30,0,30,0,0,0,0,30
18,dublin,"GRANTHAM STREET","Grantham Street",53.3341,-6.26544,0,0,OPEN,"2025-02-22 15:32:24",1,0,{},2,28,1,1,0,1,30,2,28,1,1,0,1,30
18,dublin,"GRANTHAM STREET","Grantham Street",53.3341,-6.26544,0,0,OPEN,"2025-02-22 15:42:22",1,0,{},2,28,1,1,0,1,30,2,28,1,1,0,1,30
18,dublin,"GRANTHAM STREET","Grantham Street",53.3341,-6.26544,0,0,OPEN,"2025-02-22 15:52:24",1,0,{},2,28,1,1,0,1,30,2,28,1,1,0,1,30
18,dublin,"GRANTHAM STREET","Grantham Street",53.3341,-6.26544,0,0,OPEN,"2025-02-22 15:56:51",1,0,{},4,26,2,2,0,2,30,4,26,2,2,0,2,30
18,dublin,"GRANTHAM STREET","Grantham Street",53.3341,-6.26544,0,0,OPEN,"2025-02-22 16:02:28",1,0,{},4,26,2,2,0,2,30,4,26,2,2,0,2,30
18,dublin,"GRANTHAM STREET","Grantham Street",53.3341,-6.26544,0,0,OPEN,"2025-02-22 16:06:58",1,0,{},5,25,2,3,0,3,30,5,25,2,3,0,3,30
18,dublin,"GRANTHAM STREET","Grantham Street",53.3341,-6.26544,0,0,OPEN,"2025-02-22 16:12:32",1,0,{},5,25,2,3,0,3,30,5,25,2,3,0,3,30
18,dublin,"GRANTHAM STREET","Grantham Street",53.3341,-6.26544,0,0,OPEN,"2025-02-22 16:15:58",1,0,{},6,24,3,3,0,3,30,6,24,3,3,0,3,30
18,dublin,"GRANTHAM STREET","Grantham Street",53.3341,-6.26544,0,0,OPEN,"2025-02-22 16:22:36",1,0,{},6,24,3,3,0,3,30,6,24,3,3,0,3,30
18,dublin,"GRANTHAM STREET","Grantham Street",53.3341,-6.26544,0,0,OPEN,"2025-02-22 16:32:39",1,0,{},6,24,3,3,0,3,30,6,24,3,3,0,3,30
18,dublin,"GRANTHAM STREET","Grantham Street",53.3341,-6.26544,0,0,OPEN,"2025-02-22 16:42:42",1,0,{},6,24,3,3,0,3,30,6,24,3,3,0,3,30
18,dublin,"GRANTHAM STREET","Grantham Street",53.3341,-6.26544,0,0,OPEN,"2025-02-22 16:53:15",1,0,{},7,23,4,3,0,3,30,7,23,4,3,0,3,30
18,dublin,"GRANTHAM STREET","Grantham Street",53.3341,-6.26544,0,0,OPEN,"2025-02-22 16:56:26",1,0,{},7,23,4,3,0,3,30,7,23,4,3,0,3,30
18,dublin,"GRANTHAM STREET","Grantham Street",53.3341,-6.26544,0,0,OPEN,"2025-02-22 17:02:52",1,0,{},7,23,4,3,0,3,30,7,23,4,3,0,3,30
18,dublin,"GRANTHAM STREET","Grantham Street",53.3341,-6.26544,0,0,OPEN,"2025-02-22 17:13:09",1,0,{},7,23,4,3,0,3,30,7,23,4,3,0,3,30
18,dublin,"GRANTHAM STREET","Grantham Street",53.3341,-6.26544,0,0,OPEN,"2025-02-22 17:23:01",1,0,{},7,23,4,3,0,3,30,7,23,4,3,0,3,30
18,dublin,"GRANTHAM STREET","Grantham Street",53.3341,-6.26544,0,0,OPEN,"2025-02-22 17:27:49",1,0,{},8,22,4,4,0,4,30,8,22,4,4,0,4,30
18,dublin,"GRANTHAM STREET","Grantham Street",53.3341,-6.26544,0,0,OPEN,"2025-02-22 17:33:04",1,0,{},9,21,4,5,0,5,30,9,21,4,5,0,5,30
18,dublin,"GRANTHAM STREET","Grantham Street",53.3341,-6.26544,0,0,OPEN,"2025-02-22 17:43:07",1,0,{},9,21,4,5,0,5,30,9,21,4,5,0,5,30
18,dublin,"GRANTHAM STREET","Grantham Street",53.3341,-6.26544,0,0,OPEN,"2025-02-22 17:53:11",1,0,{},8,22,3,5,0,5,30,8,22,3,5,0,5,30
18,dublin,"GRANTHAM STREET","Grantham Street",53.3341,-6.26544,0,0,OPEN,"2025-02-22 17:55:46",1,0,{},10,20,5,5,0,5,30,10,20,5,5,0,5,30
18,dublin,"GRANTHAM STREET","Grantham Street",53.3341,-6.26544,0,0,OPEN,"2025-02-22 18:03:14",1,0,{},10,20,5,5,0,5,30,10,20,5,5,0,5,30
18,dublin,"GRANTHAM STREET","Grantham Street",53.3341,-6.26544,0,0,OPEN,"2025-02-22 18:13:17",1,0,{},10,20,5,5,0,5,30,10,20,5,5,0,5,30
18,dublin,"GRANTHAM STREET","Grantham Street",53.3341,-6.26544,0,0,OPEN,"2025-02-22 18:23:20",1,0,{},10,20,5,5,0,5,30,10,20,5,5,0,5,30
18,dublin,"GRANTHAM STREET","Grantham Street",53.3341,-6.26544,0,0,OPEN,"2025-02-22 18:28:31",1,0,{},9,21,5,4,0,4,30,9,21,5,4,0,4,30
18,dublin,"GRANTHAM STREET","Grantham Street",53.3341,-6.26544,0,0,OPEN,"2025-02-22 18:33:26",1,0,{},9,21,5,4,0,4,30,9,21,5,4,0,4,30
18,dublin,"GRANTHAM STREET","Grantham Street",53.3341,-6.26544,0,0,OPEN,"2025-02-22 18:43:29",1,0,{},10,20,6,4,0,4,30,10,20,6,4,0,4,30
18,dublin,"GRANTHAM STREET","Grantham Street",53.3341,-6.26544,0,0,OPEN,"2025-02-22 18:53:32",1,0,{},10,20,6,4,0,4,30,10,20,6,4,0,4,30
18,dublin,"GRANTHAM STREET","Grantham Street",53.3341,-6.26544,0,0,OPEN,"2025-02-22 19:03:36",1,0,{},12,18,8,4,0,4,30,12,18,8,4,0,4,30
18,dublin,"GRANTHAM STREET","Grantham Street",53.3341,-6.26544,0,0,OPEN,"2025-02-22 19:06:09",1,0,{},12,18,8,4,0,4,30,12,18,8,4,0,4,30
18,dublin,"GRANTHAM STREET","Grantham Street",53.3341,-6.26544,0,0,OPEN,"2025-02-22 19:13:42",1,0,{},12,18,8,4,0,4,30,12,18,8,4,0,4,30
18,dublin,"GRANTHAM STREET","Grantham Street",53.3341,-6.26544,0,0,OPEN,"2025-02-22 19:19:31",1,0,{},10,20,7,3,0,3,30,10,20,7,3,0,3,30
18,dublin,"GRANTHAM STREET","Grantham Street",53.3341,-6.26544,0,0,OPEN,"2025-02-22 19:23:47",1,0,{},10,20,7,3,0,3,30,10,20,7,3,0,3,30
18,dublin,"GRANTHAM STREET","Grantham Street",53.3341,-6.26544,0,0,OPEN,"2025-02-22 19:33:52",1,0,{},11,19,8,3,0,3,30,11,19,8,3,0,3,30
18,dublin,"GRANTHAM STREET","Grantham Street",53.3341,-6.26544,0,0,OPEN,"2025-02-22 19:43:55",1,0,{},11,19,8,3,0,3,30,11,19,8,3,0,3,30
18,dublin,"GRANTHAM STREET","Grantham Street",53.3341,-6.26544,0,0,OPEN,"2025-02-22 19:53:58",1,0,{},11,19,8,3,0,3,30,11,19,8,3,0,3,30
18,dublin,"GRANTHAM STREET","Grantham Street",53.3341,-6.26544,0,0,OPEN,"2025-02-22 20:04:02",1,0,{},11,19,8,3,0,3,30,11,19,8,3,0,3,30
18,dublin,"GRANTHAM STREET","Grantham Street",53.3341,-6.26544,0,0,OPEN,"2025-02-22 20:05:50",1,0,{},10,20,7,3,0,3,30,10,20,7,3,0,3,30
18,dublin,"GRANTHAM STREET","Grantham Street",53.3341,-6.26544,0,0,OPEN,"2025-02-22 20:14:07",1,0,{},10,20,7,3,0,3,30,10,20,7,3,0,3,30
18,dublin,"GRANTHAM STREET","Grantham Street",53.3341,-6.26544,0,0,OPEN,"2025-02-22 20:24:10",1,0,{},10,20,7,3,0,3,30,10,20,7,3,0,3,30
18,dublin,"GRANTHAM STREET","Grantham Street",53.3341,-6.26544,0,0,OPEN,"2025-02-22 20:27:24",1,0,{},9,21,6,3,0,3,30,9,21,6,3,0,3,30
18,dublin,"GRANTHAM STREET","Grantham Street",53.3341,-6.26544,0,0,OPEN,"2025-02-22 20:34:15",1,0,{},9,21,6,3,0,3,30,9,21,6,3,0,3,30
18,dublin,"GRANTHAM STREET","Grantham Street",53.3341,-6.26544,0,0,OPEN,"2025-02-22 20:44:19",1,0,{},9,21,6,3,0,3,30,9,21,6,3,0,3,30
18,dublin,"GRANTHAM STREET","Grantham Street",53.3341,-6.26544,0,0,OPEN,"2025-02-22 20:54:24",1,0,{},8,22,5,3,0,3,30,8,22,5,3,0,3,30
18,dublin,"GRANTHAM STREET","Grantham Street",53.3341,-6.26544,0,0,OPEN,"2025-02-22 21:04:28",1,0,{},9,21,5,4,0,4,30,9,21,5,4,0,4,30
18,dublin,"GRANTHAM STREET","Grantham Street",53.3341,-6.26544,0,0,OPEN,"2025-02-22 21:14:31",1,0,{},9,21,5,4,0,4,30,9,21,5,4,0,4,30
18,dublin,"GRANTHAM STREET","Grantham Street",53.3341,-6.26544,0,0,OPEN,"2025-02-22 21:24:33",1,0,{},9,21,5,4,0,4,30,9,21,5,4,0,4,30
18,dublin,"GRANTHAM STREET","Grantham Street",53.3341,-6.26544,0,0,OPEN,"2025-02-22 21:32:38",1,0,{},9,21,4,5,0,5,30,9,21,4,5,0,5,30
18,dublin,"GRANTHAM STREET","Grantham Street",53.3341,-6.26544,0,0,OPEN,"2025-02-22 21:34:36",1,0,{},9,21,4,5,0,5,30,9,21,4,5,0,5,30
18,dublin,"GRANTHAM STREET","Grantham Street",53.3341,-6.26544,0,0,OPEN,"2025-02-22 21:43:29",1,0,{},10,20,5,5,0,5,30,10,20,5,5,0,5,30
18,dublin,"GRANTHAM STREET","Grantham Street",53.3341,-6.26544,0,0,OPEN,"2025-02-22 21:44:39",1,0,{},10,20,5,5,0,5,30,10,20,5,5,0,5,30
18,dublin,"GRANTHAM STREET","Grantham Street",53.3341,-6.26544,0,0,OPEN,"2025-02-22 21:54:42",1,0,{},10,20,5,5,0,5,30,10,20,5,5,0,5,30
18,dublin,"GRANTHAM STREET","Grantham Street",53.3341,-6.26544,0,0,OPEN,"2025-02-22 22:07:41",1,0,{},11,19,5,6,0,6,30,11,19,5,6,0,6,30
18,dublin,"GRANTHAM STREET","Grantham Street",53.3341,-6.26544,0,0,OPEN,"2025-02-22 22:14:48",1,0,{},11,19,5,6,0,6,30,11,19,5,6,0,6,30
19,dublin,"HERBERT PLACE","Herbert Place",53.3344,-6.24557,0,0,OPEN,"2025-02-22 02:53:31",1,0,{},0,30,0,0,0,0,30,0,30,0,0,0,0,30
19,dublin,"HERBERT PLACE","Herbert Place",53.3344,-6.24557,0,0,OPEN,"2025-02-22 03:13:42",1,0,{},0,30,0,0,0,0,30,0,30,0,0,0,0,30
19,dublin,"HERBERT PLACE","Herbert Place",53.3344,-6.24557,0,0,OPEN,"2025-02-22 10:11:23",1,0,{},2,28,0,2,0,2,30,2,28,0,2,0,2,30
19,dublin,"HERBERT PLACE","Herbert Place",53.3344,-6.24557,0,0,OPEN,"2025-02-22 10:21:26",1,0,{},2,28,0,2,0,2,30,2,28,0,2,0,2,30
19,dublin,"HERBERT PLACE","Herbert Place",53.3344,-6.24557,0,0,OPEN,"2025-02-22 10:26:26",1,0,{},3,27,0,3,0,3,30,3,27,0,3,0,3,30
19,dublin,"HERBERT PLACE","Herbert Place",53.3344,-6.24557,0,0,OPEN,"2025-02-22 10:31:33",1,0,{},3,27,1,2,0,2,30,3,27,1,2,0,2,30
19,dublin,"HERBERT PLACE","Herbert Place",53.3344,-6.24557,0,0,OPEN,"2025-02-22 10:41:36",1,0,{},4,26,2,2,0,2,30,4,26,2,2,0,2,30
19,dublin,"HERBERT PLACE","Herbert Place",53.3344,-6.24557,0,0,OPEN,"2025-02-22 10:48:25",1,0,{},5,25,3,2,0,2,30,5,25,3,2,0,2,30
19,dublin,"HERBERT PLACE","Herbert Place",53.3344,-6.24557,0,0,OPEN,"2025-02-22 10:51:40",1,0,{},5,25,3,2,0,2,30,5,25,3,2,0,2,30
19,dublin,"HERBERT PLACE","Herbert Place",53.3344,-6.24557,0,0,OPEN,"2025-02-22 10:55:56",1,0,{},6,24,4,2,0,2,30,6,24,4,2,0,2,30
19,dublin,"HERBERT PLACE","Herbert Place",53.3344,-6.24557,0,0,OPEN,"2025-02-22 11:01:44",1,0,{},7,23,4,3,0,3,30,7,23,4,3,0,3,30
19,dublin,"HERBERT PLACE","Herbert Place",53.3344,-6.24557,0,0,OPEN,"2025-02-22 11:12:55",1,0,{},9,21,6,3,0,3,30,9,21,6,3,0,3,30
19,dublin,"HERBERT PLACE","Herbert Place",53.3344,-6.24557,0,0,OPEN,"2025-02-22 11:21:50",1,0,{},9,21,6,3,0,3,30,9,21,6,3,0,3,30
19,dublin,"HERBERT PLACE","Herbert Place",53.3344,-6.24557,0,0,OPEN,"2025-02-22 11:33:29",1,0,{},8,22,5,3,0,3,30,8,22,5,3,0,3,30
19,dublin,"HERBERT PLACE","Herbert Place",53.3344,-6.24557,0,0,OPEN,"2025-02-22 11:36:27",1,0,{},8,22,5,3,0,3,30,8,22,5,3,0,3,30
19,dublin,"HERBERT PLACE","Herbert Place",53.3344,-6.24557,0,0,OPEN,"2025-02-22 11:42:00",1,0,{},9,21,5,4,0,4,30,9,21,5,4,0,4,30
19,dublin,"HERBERT PLACE","Herbert Place",53.3344,-6.24557,0,0,OPEN,"2025-02-22 11:46:37",1,0,{},11,19,7,4,0,4,30,11,19,7,4,0,4,30
19,dublin,"HERBERT PLACE","Herbert Place",53.3344,-6.24557,0,0,OPEN,"2025-02-22 11:52:03",1,0,{},11,19,7,4,0,4,30,11,19,7,4,0,4,30
19,dublin,"HERBERT PLACE","Herbert Place",53.3344,-6.24557,0,0,OPEN,"2025-02-22 12:02:07",1,0,{},11,19,7,4,0,4,30,11,19,7,4,0,4,30
19,dublin,"HERBERT PLACE","Herbert Place",53.3344,-6.24557,0,0,OPEN,"2025-02-22 12:07:05",1,0,{},9,21,5,4,0,4,30,9,21,5,4,0,4,30
19,dublin,"HERBERT PLACE","Herbert Place",53.3344,-6.24557,0,0,OPEN,"2025-02-22 12:12:12",1,0,{},9,21,5,4,0,4,30,9,21,5,4,0,4,30
19,dublin,"HERBERT PLACE","Herbert Place",53.3344,-6.24557,0,0,OPEN,"2025-02-22 12:22:16",1,0,{},9,21,5,4,0,4,30,9,21,5,4,0,4,30
19,dublin,"HERBERT PLACE","Herbert Place",53.3344,-6.24557,0,0,OPEN,"2025-02-22 12:27:44",1,0,{},10,20,5,5,0,5,30,10,20,5,5,0,5,30
19,dublin,"HERBERT PLACE","Herbert Place",53.3344,-6.24557,0,0,OPEN,"2025-02-22 12:32:55",1,0,{},12,18,7,5,0,5,30,12,18,7,5,0,5,30
19,dublin,"HERBERT PLACE","Herbert Place",53.3344,-6.24557,0,0,OPEN,"2025-02-22 12:36:51",1,0,{},11,19,6,5,0,5,30,11,19,6,5,0,5,30
19,dublin,"HERBERT PLACE","Herbert Place",53.3344,-6.24557,0,0,OPEN,"2025-02-22 12:42:24",1,0,{},12,18,7,5,0,5,30,12,18,7,5,0,5,30
19,dublin,"HERBERT PLACE","Herbert Place",53.3344,-6.24557,0,0,OPEN,"2025-02-22 12:52:28",1,0,{},10,20,7,3,0,3,30,10,20,7,3,0,3,30
19,dublin,"HERBERT PLACE","Herbert Place",53.3344,-6.24557,0,0,OPEN,"2025-02-22 12:56:42",1,0,{},9,21,6,3,0,3,30,9,21,6,3,0,3,30
19,dublin,"HERBERT PLACE","Herbert Place",53.3344,-6.24557,0,0,OPEN,"2025-02-22 13:03:01",1,0,{},6,24,5,1,0,1,30,6,24,5,1,0,1,30
19,dublin,"HERBERT PLACE","Herbert Place",53.3344,-6.24557,0,0,OPEN,"2025-02-22 13:04:10",1,0,{},7,23,6,1,0,1,30,7,23,6,1,0,1,30
19,dublin,"HERBERT PLACE","Herbert Place",53.3344,-6.24557,0,0,OPEN,"2025-02-22 13:12:37",1,0,{},7,23,6,1,0,1,30,7,23,6,1,0,1,30
19,dublin,"HERBERT PLACE","Herbert Place",53.3344,-6.24557,0,0,OPEN,"2025-02-22 13:15:23",1,0,{},5,25,4,1,0,1,30,5,25,4,1,0,1,30
19,dublin,"HERBERT PLACE","Herbert Place",53.3344,-6.24557,0,0,OPEN,"2025-02-22 13:22:45",1,0,{},4,26,3,1,0,1,30,4,26,3,1,0,1,30
19,dublin,"HERBERT PLACE","Herbert Place",53.3344,-6.24557,0,0,OPEN,"2025-02-22 13:27:38",1,0,{},5,25,3,2,0,2,30,5,25,3,2,0,2,30
19,dublin,"HERBERT PLACE","Herbert Place",53.3344,-6.24557,0,0,OPEN,"2025-02-22 13:32:49",1,0,{},6,24,3,3,0,3,30,6,24,3,3,0,3,30
19,dublin,"HERBERT PLACE","Herbert Place",53.3344,-6.24557,0,0,OPEN,"2025-02-22 13:35:06",1,0,{},4,26,1,3,0,3,30,4,26,1,3,0,3,30
19,dublin,"HERBERT PLACE","Herbert Place",53.3344,-6.24557,0,0,OPEN,"2025-02-22 13:42:54",1,0,{},4,26,1,3,0,3,30,4,26,1,3,0,3,30
19,dublin,"HERBERT PLACE","Herbert Place",53.3344,-6.24557,0,0,OPEN,"2025-02-22 13:52:57",1,0,{},5,25,1,4,0,4,30,5,25,1,4,0,4,30
19,dublin,"HERBERT PLACE","Herbert Place",53.3344,-6.24557,0,0,OPEN,"2025-02-22 13:58:18",1,0,{},5,25,1,4,0,4,30,5,25,1,4,0,4,30
19,dublin,"HERBERT PLACE","Herbert Place",53.3344,-6.24557,0,0,OPEN,"2025-02-22 14:03:01",1,0,{},5,25,1,4,0,4,30,5,25,1,4,0,4,30
19,dublin,"HERBERT PLACE","Herbert Place",53.3344,-6.24557,0,0,OPEN,"2025-02-22 14:04:59",1,0,{},4,26,1,3,0,3,30,4,26,1,3,0,3,30
19,dublin,"HERBERT PLACE","Herbert Place",53.3344,-6.24557,0,0,OPEN,"2025-02-22 14:13:05",1,0,{},4,26,1,3,0,3,30,4,26,1,3,0,3,30
19,dublin,"HERBERT PLACE","Herbert Place",53.3344,-6.24557,0,0,OPEN,"2025-02-22 14:15:47",1,0,{},5,25,1,4,0,4,30,5,25,1,4,0,4,30
19,dublin,"HERBERT PLACE","Herbert Place",53.3344,-6.24557,0,0,OPEN,"2025-02-22 14:23:10",1,0,{},5,25,1,4,0,4,30,5,25,1,4,0,4,30
19,dublin,"HERBERT PLACE","Herbert Place",53.3344,-6.24557,0,0,OPEN,"2025-02-22 14:33:14",1,0,{},5,25,1,4,0,4,30,5,25,1,4,0,4,30
19,dublin,"HERBERT PLACE","Herbert Place",53.3344,-6.24557,0,0,OPEN,"2025-02-22 14:38:31",1,0,{},6,24,1,5,0,5,30,6,24,1,5,0,5,30
19,dublin,"HERBERT PLACE","Herbert Place",53.3344,-6.24557,0,0,OPEN,"2025-02-22 14:43:19",1,0,{},8,22,2,6,0,6,30,8,22,2,6,0,6,30
19,dublin,"HERBERT PLACE","Herbert Place",53.3344,-6.24557,0,0,OPEN,"2025-02-22 14:44:29",1,0,{},9,21,2,7,0,7,30,9,21,2,7,0,7,30
19,dublin,"HERBERT PLACE","Herbert Place",53.3344,-6.24557,0,0,OPEN,"2025-02-22 14:53:23",1,0,{},10,20,3,7,0,7,30,10,20,3,7,0,7,30
19,dublin,"HERBERT PLACE","Herbert Place",53.3344,-6.24557,0,0,OPEN,"2025-02-22 15:03:28",1,0,{},10,20,3,7,0,7,30,10,20,3,7,0,7,30
19,dublin,"HERBERT PLACE","Herbert Place",53.3344,-6.24557,0,0,OPEN,"2025-02-22 15:03:53",1,0,{},9,21,2,7,0,7,30,9,21,2,7,0,7,30
19,dublin,"HERBERT PLACE","Herbert Place",53.3344,-6.24557,0,0,OPEN,"2025-02-22 15:12:56",1,0,{},8,22,1,7,0,7,30,8,22,1,7,0,7,30
19,dublin,"HERBERT PLACE","Herbert Place",53.3344,-6.24557,0,0,OPEN,"2025-02-22 15:15:15",1,0,{},9,21,1,8,0,8,30,9,21,1,8,0,8,30
19,dublin,"HERBERT PLACE","Herbert Place",53.3344,-6.24557,0,0,OPEN,"2025-02-22 15:18:52",1,0,{},8,22,1,7,0,7,30,8,22,1,7,0,7,30
19,dublin,"HERBERT PLACE","Herbert Place",53.3344,-6.24557,0,0,OPEN,"2025-02-22 15:25:47",1,0,{},6,24,0,6,0,6,30,6,24,0,6,0,6,30
19,dublin,"HERBERT PLACE","Herbert Place",53.3344,-6.24557,0,0,OPEN,"2025-02-22 15:33:44",1,0,{},6,24,0,6,0,6,30,6,24,0,6,0,6,30
19,dublin,"HERBERT PLACE","Herbert Place",53.3344,-6.24557,0,0,OPEN,"2025-02-22 15:43:47",1,0,{},6,24,0,6,0,6,30,6,24,0,6,0,6,30
19,dublin,"HERBERT PLACE","Herbert Place",53.3344,-6.24557,0,0,OPEN,"2025-02-22 15:53:51",1,0,{},6,24,0,6,0,6,30,6,24,0,6,0,6,30
19,dublin,"HERBERT PLACE","Herbert Place",53.3344,-6.24557,0,0,OPEN,"2025-02-22 16:03:54",1,0,{},6,24,0,6,0,6,30,6,24,0,6,0,6,30
19,dublin,"HERBERT PLACE","Herbert Place",53.3344,-6.24557,0,0,OPEN,"2025-02-22 16:10:33",1,0,{},5,25,1,4,0,4,30,5,25,1,4,0,4,30
19,dublin,"HERBERT PLACE","Herbert Place",53.3344,-6.24557,0,0,OPEN,"2025-02-22 16:14:01",1,0,{},5,25,1,4,0,4,30,5,25,1,4,0,4,30
19,dublin,"HERBERT PLACE","Herbert Place",53.3344,-6.24557,0,0,OPEN,"2025-02-22 16:22:21",1,0,{},6,24,2,4,0,4,30,6,24,2,4,0,4,30
19,dublin,"HERBERT PLACE","Herbert Place",53.3344,-6.24557,0,0,OPEN,"2025-02-22 16:26:54",1,0,{},7,23,2,5,0,5,30,7,23,2,5,0,5,30
19,dublin,"HERBERT PLACE","Herbert Place",53.3344,-6.24557,0,0,OPEN,"2025-02-22 16:32:13",1,0,{},8,22,3,5,0,5,30,8,22,3,5,0,5,30
19,dublin,"HERBERT PLACE","Herbert Place",53.3344,-6.24557,0,0,OPEN,"2025-02-22 16:38:29",1,0,{},9,21,4,5,0,5,30,9,21,4,5,0,5,30
19,dublin,"HERBERT PLACE","Herbert Place",53.3344,-6.24557,0,0,OPEN,"2025-02-22 16:44:47",1,0,{},8,22,3,5,0,5,30,8,22,3,5,0,5,30
19,dublin,"HERBERT PLACE","Herbert Place",53.3344,-6.24557,0,0,OPEN,"2025-02-22 16:52:07",1,0,{},9,21,3,6,0,6,30,9,21,3,6,0,6,30
19,dublin,"HERBERT PLACE","Herbert Place",53.3344,-6.24557,0,0,OPEN,"2025-02-22 16:54:17",1,0,{},9,21,3,6,0,6,30,9,21,3,6,0,6,30
19,dublin,"HERBERT PLACE","Herbert Place",53.3344,-6.24557,0,0,OPEN,"2025-02-22 17:01:14",1,0,{},11,19,5,6,0,6,30,11,19,5,6,0,6,30
19,dublin,"HERBERT PLACE","Herbert Place",53.3344,-6.24557,0,0,OPEN,"2025-02-22 17:07:23",1,0,{},8,22,2,6,0,6,30,8,22,2,6,0,6,30
19,dublin,"HERBERT PLACE","Herbert Place",53.3344,-6.24557,0,0,OPEN,"2025-02-22 17:09:29",1,0,{},9,21,3,6,0,6,30,9,21,3,6,0,6,30
19,dublin,"HERBERT PLACE","Herbert Place",53.3344,-6.24557,0,0,OPEN,"2025-02-22 17:14:29",1,0,{},9,21,3,6,0,6,30,9,21,3,6,0,6,30
19,dublin,"HERBERT PLACE","Herbert Place",53.3344,-6.24557,0,0,OPEN,"2025-02-22 17:24:34",1,0,{},8,22,2,6,0,6,30,8,22,2,6,0,6,30
19,dublin,"HERBERT PLACE","Herbert Place",53.3344,-6.24557,0,0,OPEN,"2025-02-22 17:34:36",1,0,{},8,22,2,6,0,6,30,8,22,2,6,0,6,30
19,dublin,"HERBERT PLACE","Herbert Place",53.3344,-6.24557,0,0,OPEN,"2025-02-22 17:44:39",1,0,{},9,21,3,6,0,6,30,9,21,3,6,0,6,30
19,dublin,"HERBERT PLACE","Herbert Place",53.3344,-6.24557,0,0,OPEN,"2025-02-22 17:53:11",1,0,{},8,22,2,6,0,6,30,8,22,2,6,0,6,30
19,dublin,"HERBERT PLACE","Herbert Place",53.3344,-6.24557,0,0,OPEN,"2025-02-22 17:54:43",1,0,{},8,22,2,6,0,6,30,8,22,2,6,0,6,30
19,dublin,"HERBERT PLACE","Herbert Place",53.3344,-6.24557,0,0,OPEN,"2025-02-22 18:02:03",1,0,{},8,22,2,6,0,6,30,8,22,2,6,0,6,30
19,dublin,"HERBERT PLACE","Herbert Place",53.3344,-6.24557,0,0,OPEN,"2025-02-22 18:04:46",1,0,{},8,22,2,6,0,6,30,8,22,2,6,0,6,30
19,dublin,"HERBERT PLACE","Herbert Place",53.3344,-6.24557,0,0,OPEN,"2025-02-22 18:15:48",1,0,{},9,21,2,7,0,7,30,9,21,2,7,0,7,30
19,dublin,"HERBERT PLACE","Herbert Place",53.3344,-6.24557,0,0,OPEN,"2025-02-22 18:23:18",1,0,{},10,20,2,8,0,8,30,10,20,2,8,0,8,30
19,dublin,"HERBERT PLACE","Herbert Place",53.3344,-6.24557,0,0,OPEN,"2025-02-22 18:24:55",1,0,{},10,20,2,8,0,8,30,10,20,2,8,0,8,30
19,dublin,"HERBERT PLACE","Herbert Place",53.3344,-6.24557,0,0,OPEN,"2025-02-22 18:33:24",1,0,{},11,19,1,10,0,10,30,11,19,1,10,0,10,30
19,dublin,"HERBERT PLACE","Herbert Place",53.3344,-6.24557,0,0,OPEN,"2025-02-22 18:35:01",1,0,{},11,19,1,10,0,10,30,11,19,1,10,0,10,30
19,dublin,"HERBERT PLACE","Herbert Place",53.3344,-6.24557,0,0,OPEN,"2025-02-22 18:42:12",1,0,{},9,21,0,9,0,9,30,9,21,0,9,0,9,30
19,dublin,"HERBERT PLACE","Herbert Place",53.3344,-6.24557,0,0,OPEN,"2025-02-22 18:45:07",1,0,{},9,21,0,9,0,9,30,9,21,0,9,0,9,30
19,dublin,"HERBERT PLACE","Herbert Place",53.3344,-6.24557,0,0,OPEN,"2025-02-22 18:55:10",1,0,{},9,21,0,9,0,9,30,9,21,0,9,0,9,30
19,dublin,"HERBERT PLACE","Herbert Place",53.3344,-6.24557,0,0,OPEN,"2025-02-22 18:59:48",1,0,{},8,22,0,8,0,8,30,8,22,0,8,0,8,30
19,dublin,"HERBERT PLACE","Herbert Place",53.3344,-6.24557,0,0,OPEN,"2025-02-22 19:05:15",1,0,{},9,21,0,9,0,9,30,9,21,0,9,0,9,30
19,dublin,"HERBERT PLACE","Herbert Place",53.3344,-6.24557,0,0,OPEN,"2025-02-22 19:12:43",1,0,{},9,21,0,9,0,9,30,9,21,0,9,0,9,30
19,dublin,"HERBERT PLACE","Herbert Place",53.3344,-6.24557,0,0,OPEN,"2025-02-22 19:18:57",1,0,{},8,22,1,7,0,7,30,8,22,1,7,0,7,30
19,dublin,"HERBERT PLACE","Herbert Place",53.3344,-6.24557,0,0,OPEN,"2025-02-22 19:23:11",1,0,{},7,23,1,6,0,6,30,7,23,1,6,0,6,30
19,dublin,"HERBERT PLACE","Herbert Place",53.3344,-6.24557,0,0,OPEN,"2025-02-22 19:25:26",1,0,{},7,23,1,6,0,6,30,7,23,1,6,0,6,30
19,dublin,"HERBERT PLACE","Herbert Place",53.3344,-6.24557,0,0,OPEN,"2025-02-22 19:35:30",1,0,{},7,23,1,6,0,6,30,7,23,1,6,0,6,30
19,dublin,"HERBERT PLACE","Herbert Place",53.3344,-6.24557,0,0,OPEN,"2025-02-22 19:48:50",1,0,{},6,24,1,5,0,5,30,6,24,1,5,0,5,30
19,dublin,"HERBERT PLACE","Herbert Place",53.3344,-6.24557,0,0,OPEN,"2025-02-22 19:52:22",1,0,{},5,25,0,5,0,5,30,5,25,0,5,0,5,30
19,dublin,"HERBERT PLACE","Herbert Place",53.3344,-6.24557,0,0,OPEN,"2025-02-22 19:55:39",1,0,{},5,25,0,5,0,5,30,5,25,0,5,0,5,30
19,dublin,"HERBERT PLACE","Herbert Place",53.3344,-6.24557,0,0,OPEN,"2025-02-22 20:05:43",1,0,{},5,25,0,5,0,5,30,5,25,0,5,0,5,30
19,dublin,"HERBERT PLACE","Herbert Place",53.3344,-6.24557,0,0,OPEN,"2025-02-22 20:15:46",1,0,{},5,25,0,5,0,5,30,5,25,0,5,0,5,30
19,dublin,"HERBERT PLACE","Herbert Place",53.3344,-6.24557,0,0,OPEN,"2025-02-22 20:27:44",1,0,{},3,27,0,3,0,3,30,3,27,0,3,0,3,30
19,dublin,"HERBERT PLACE","Herbert Place",53.3344,-6.24557,0,0,OPEN,"2025-02-22 20:36:08",1,0,{},2,28,0,2,0,2,30,2,28,0,2,0,2,30
19,dublin,"HERBERT PLACE","Herbert Place",53.3344,-6.24557,0,0,OPEN,"2025-02-22 20:45:59",1,0,{},2,28,0,2,0,2,30,2,28,0,2,0,2,30
19,dublin,"HERBERT PLACE","Herbert Place",53.3344,-6.24557,0,0,OPEN,"2025-02-22 20:57:01",1,0,{},4,26,1,3,0,3,30,4,26,1,3,0,3,30
19,dublin,"HERBERT PLACE","Herbert Place",53.3344,-6.24557,0,0,OPEN,"2025-02-22 21:03:08",1,0,{},5,25,2,3,0,3,30,5,25,2,3,0,3,30
19,dublin,"HERBERT PLACE","Herbert Place",53.3344,-6.24557,0,0,OPEN,"2025-02-22 21:06:05",1,0,{},5,25,2,3,0,3,30,5,25,2,3,0,3,30
19,dublin,"HERBERT PLACE","Herbert Place",53.3344,-6.24557,0,0,OPEN,"2025-02-22 21:16:08",1,0,{},5,25,2,3,0,3,30,5,25,2,3,0,3,30
19,dublin,"HERBERT PLACE","Herbert Place",53.3344,-6.24557,0,0,OPEN,"2025-02-22 21:28:20",1,0,{},4,26,2,2,0,2,30,4,26,2,2,0,2,30
19,dublin,"HERBERT PLACE","Herbert Place",53.3344,-6.24557,0,0,OPEN,"2025-02-22 21:38:36",1,0,{},4,26,2,2,0,2,30,4,26,2,2,0,2,30
19,dublin,"HERBERT PLACE","Herbert Place",53.3344,-6.24557,0,0,OPEN,"2025-02-22 21:46:18",1,0,{},4,26,2,2,0,2,30,4,26,2,2,0,2,30
19,dublin,"HERBERT PLACE","Herbert Place",53.3344,-6.24557,0,0,OPEN,"2025-02-22 21:56:21",1,0,{},4,26,2,2,0,2,30,4,26,2,2,0,2,30
19,dublin,"HERBERT PLACE","Herbert Place",53.3344,-6.24557,0,0,OPEN,"2025-02-22 22:09:02",1,0,{},2,28,2,0,0,0,30,2,28,2,0,0,0,30
19,dublin,"HERBERT PLACE","Herbert Place",53.3344,-6.24557,0,0,OPEN,"2025-02-22 22:16:30",1,0,{},2,28,2,0,0,0,30,2,28,2,0,0,0,30
20,dublin,"JAMES STREET EAST","James Street East",53.3366,-6.24811,0,0,OPEN,"2025-02-22 03:01:21",1,0,{},2,28,2,0,0,0,30,2,28,2,0,0,0,30
20,dublin,"JAMES STREET EAST","James Street East",53.3366,-6.24811,0,0,OPEN,"2025-02-22 03:11:26",1,0,{},2,28,2,0,0,0,30,2,28,2,0,0,0,30
20,dublin,"JAMES STREET EAST","James Street East",53.3366,-6.24811,0,0,OPEN,"2025-02-22 10:12:49",1,0,{},5,25,4,1,0,1,30,5,25,4,1,0,1,30
20,dublin,"JAMES STREET EAST","James Street East",53.3366,-6.24811,0,0,OPEN,"2025-02-22 10:22:53",1,0,{},5,25,4,1,0,1,30,5,25,4,1,0,1,30
20,dublin,"JAMES STREET EAST","James Street East",53.3366,-6.24811,0,0,OPEN,"2025-02-22 10:32:57",1,0,{},5,25,4,1,0,1,30,5,25,4,1,0,1,30
20,dublin,"JAMES STREET EAST","James Street East",53.3366,-6.24811,0,0,OPEN,"2025-02-22 10:43:02",1,0,{},5,25,4,1,0,1,30,5,25,4,1,0,1,30
20,dublin,"JAMES STREET EAST","James Street East",53.3366,-6.24811,0,0,OPEN,"2025-02-22 10:53:06",1,0,{},5,25,4,1,0,1,30,5,25,4,1,0,1,30
20,dublin,"JAMES STREET EAST","James Street East",53.3366,-6.24811,0,0,OPEN,"2025-02-22 11:03:10",1,0,{},5,25,4,1,0,1,30,5,25,4,1,0,1,30
20,dublin,"JAMES STREET EAST","James Street East",53.3366,-6.24811,0,0,OPEN,"2025-02-22 11:13:14",1,0,{},5,25,4,1,0,1,30,5,25,4,1,0,1,30
20,dublin,"JAMES STREET EAST","James Street East",53.3366,-6.24811,0,0,OPEN,"2025-02-22 11:23:18",1,0,{},5,25,4,1,0,1,30,5,25,4,1,0,1,30
20,dublin,"JAMES STREET EAST","James Street East",53.3366,-6.24811,0,0,OPEN,"2025-02-22 11:33:22",1,0,{},5,25,4,1,0,1,30,5,25,4,1,0,1,30
20,dublin,"JAMES STREET EAST","James Street East",53.3366,-6.24811,0,0,OPEN,"2025-02-22 11:43:26",1,0,{},5,25,4,1,0,1,30,5,25,4,1,0,1,30
20,dublin,"JAMES STREET EAST","James Street East",53.3366,-6.24811,0,0,OPEN,"2025-02-22 11:53:31",1,0,{},5,25,4,1,0,1,30,5,25,4,1,0,1,30
20,dublin,"JAMES STREET EAST","James Street East",53.3366,-6.24811,0,0,OPEN,"2025-02-22 12:07:14",1,0,{},6,24,5,1,0,1,30,6,24,5,1,0,1,30
20,dublin,"JAMES STREET EAST","James Street East",53.3366,-6.24811,0,0,OPEN,"2025-02-22 12:16:04",1,0,{},5,25,4,1,0,1,30,5,25,4,1,0,1,30
20,dublin,"JAMES STREET EAST","James Street East",53.3366,-6.24811,0,0,OPEN,"2025-02-22 12:23:45",1,0,{},5,25,4,1,0,1,30,5,25,4,1,0,1,30
20,dublin,"JAMES STREET EAST","James Street East",53.3366,-6.24811,0,0,OPEN,"2025-02-22 12:36:18",1,0,{},4,26,3,1,0,1,30,4,26,3,1,0,1,30
20,dublin,"JAMES STREET EAST","James Street East",53.3366,-6.24811,0,0,OPEN,"2025-02-22 12:43:55",1,0,{},4,26,3,1,0,1,30,4,26,3,1,0,1,30
20,dublin,"JAMES STREET EAST","James Street East",53.3366,-6.24811,0,0,OPEN,"2025-02-22 12:54:00",1,0,{},4,26,3,1,0,1,30,4,26,3,1,0,1,30
20,dublin,"JAMES STREET EAST","James Street East",53.3366,-6.24811,0,0,OPEN,"2025-02-22 13:01:28",1,0,{},3,27,2,1,0,1,30,3,27,2,1,0,1,30
20,dublin,"JAMES STREET EAST","James Street East",53.3366,-6.24811,0,0,OPEN,"2025-02-22 13:04:07",1,0,{},3,27,2,1,0,1,30,3,27,2,1,0,1,30
20,dublin,"JAMES STREET EAST","James Street East",53.3366,-6.24811,0,0,OPEN,"2025-02-22 13:14:11",1,0,{},3,27,2,1,0,1,30,3,27,2,1,0,1,30
20,dublin,"JAMES STREET EAST","James Street East",53.3366,-6.24811,0,0,OPEN,"2025-02-22 13:24:15",1,0,{},3,27,2,1,0,1,30,3,27,2,1,0,1,30
20,dublin,"JAMES STREET EAST","James Street East",53.3366,-6.24811,0,0,OPEN,"2025-02-22 13:34:19",1,0,{},3,27,2,1,0,1,30,3,27,2,1,0,1,30
20,dublin,"JAMES STREET EAST","James Street East",53.3366,-6.24811,0,0,OPEN,"2025-02-22 13:47:18",1,0,{},2,28,2,0,0,0,30,2,28,2,0,0,0,30
20,dublin,"JAMES STREET EAST","James Street East",53.3366,-6.24811,0,0,OPEN,"2025-02-22 13:56:30",1,0,{},2,28,2,0,0,0,30,2,28,2,0,0,0,30
20,dublin,"JAMES STREET EAST","James Street East",53.3366,-6.24811,0,0,OPEN,"2025-02-22 14:04:34",1,0,{},2,28,2,0,0,0,30,2,28,2,0,0,0,30
20,dublin,"JAMES STREET EAST","James Street East",53.3366,-6.24811,0,0,OPEN,"2025-02-22 14:14:38",1,0,{},2,28,2,0,0,0,30,2,28,2,0,0,0,30
20,dublin,"JAMES STREET EAST","James Street East",53.3366,-6.24811,0,0,OPEN,"2025-02-22 14:24:42",1,0,{},2,28,2,0,0,0,30,2,28,2,0,0,0,30
20,dublin,"JAMES STREET EAST","James Street East",53.3366,-6.24811,0,0,OPEN,"2025-02-22 14:34:46",1,0,{},2,28,2,0,0,0,30,2,28,2,0,0,0,30
20,dublin,"JAMES STREET EAST","James Street East",53.3366,-6.24811,0,0,OPEN,"2025-02-22 14:44:51",1,0,{},2,28,2,0,0,0,30,2,28,2,0,0,0,30
20,dublin,"JAMES STREET EAST","James Street East",53.3366,-6.24811,0,0,OPEN,"2025-02-22 14:52:46",1,0,{},1,29,1,0,0,0,30,1,29,1,0,0,0,30
20,dublin,"JAMES STREET EAST","James Street East",53.3366,-6.24811,0,0,OPEN,"2025-02-22 14:54:57",1,0,{},1,29,1,0,0,0,30,1,29,1,0,0,0,30
20,dublin,"JAMES STREET EAST","James Street East",53.3366,-6.24811,0,0,OPEN,"2025-02-22 15:05:01",1,0,{},1,29,1,0,0,0,30,1,29,1,0,0,0,30
20,dublin,"JAMES STREET EAST","James Street East",53.3366,-6.24811,0,0,OPEN,"2025-02-22 15:15:05",1,0,{},1,29,1,0,0,0,30,1,29,1,0,0,0,30
20,dublin,"JAMES STREET EAST","James Street East",53.3366,-6.24811,0,0,OPEN,"2025-02-22 15:25:09",1,0,{},1,29,1,0,0,0,30,1,29,1,0,0,0,30
20,dublin,"JAMES STREET EAST","James Street East",53.3366,-6.24811,0,0,OPEN,"2025-02-22 15:35:13",1,0,{},1,29,1,0,0,0,30,1,29,1,0,0,0,30
20,dublin,"JAMES STREET EAST","James Street East",53.3366,-6.24811,0,0,OPEN,"2025-02-22 15:40:09",1,0,{},2,28,2,0,0,0,30,2,28,2,0,0,0,30
20,dublin,"JAMES STREET EAST","James Street East",53.3366,-6.24811,0,0,OPEN,"2025-02-22 15:45:17",1,0,{},2,28,2,0,0,0,30,2,28,2,0,0,0,30
20,dublin,"JAMES STREET EAST","James Street East",53.3366,-6.24811,0,0,OPEN,"2025-02-22 15:55:21",1,0,{},2,28,2,0,0,0,30,2,28,2,0,0,0,30
20,dublin,"JAMES STREET EAST","James Street East",53.3366,-6.24811,0,0,OPEN,"2025-02-22 16:05:25",1,0,{},2,28,2,0,0,0,30,2,28,2,0,0,0,30
20,dublin,"JAMES STREET EAST","James Street East",53.3366,-6.24811,0,0,OPEN,"2025-02-22 16:15:32",1,0,{},0,30,0,0,0,0,30,0,30,0,0,0,0,30
20,dublin,"JAMES STREET EAST","James Street East",53.3366,-6.24811,0,0,OPEN,"2025-02-22 16:22:42",1,0,{},1,29,1,0,0,0,30,1,29,1,0,0,0,30
20,dublin,"JAMES STREET EAST","James Street East",53.3366,-6.24811,0,0,OPEN,"2025-02-22 16:25:37",1,0,{},1,29,1,0,0,0,30,1,29,1,0,0,0,30
20,dublin,"JAMES STREET EAST","James Street East",53.3366,-6.24811,0,0,OPEN,"2025-02-22 16:35:43",1,0,{},0,30,0,0,0,0,30,0,30,0,0,0,0,30
20,dublin,"JAMES STREET EAST","James Street East",53.3366,-6.24811,0,0,OPEN,"2025-02-22 16:45:47",1,0,{},0,30,0,0,0,0,30,0,30,0,0,0,0,30
20,dublin,"JAMES STREET EAST","James Street East",53.3366,-6.24811,0,0,OPEN,"2025-02-22 16:55:52",1,0,{},0,30,0,0,0,0,30,0,30,0,0,0,0,30
20,dublin,"JAMES STREET EAST","James Street East",53.3366,-6.24811,0,0,OPEN,"2025-02-22 17:00:08",1,0,{},1,29,1,0,0,0,30,1,29,1,0,0,0,30
20,dublin,"JAMES STREET EAST","James Street East",53.3366,-6.24811,0,0,OPEN,"2025-02-22 17:05:56",1,0,{},1,29,1,0,0,0,30,1,29,1,0,0,0,30
20,dublin,"JAMES STREET EAST","James Street East",53.3366,-6.24811,0,0,OPEN,"2025-02-22 17:16:00",1,0,{},1,29,1,0,0,0,30,1,29,1,0,0,0,30
20,dublin,"JAMES STREET EAST","James Street East",53.3366,-6.24811,0,0,OPEN,"2025-02-22 17:26:04",1,0,{},1,29,1,0,0,0,30,1,29,1,0,0,0,30
20,dublin,"JAMES STREET EAST","James Street East",53.3366,-6.24811,0,0,OPEN,"2025-02-22 17:36:08",1,0,{},1,29,1,0,0,0,30,1,29,1,0,0,0,30
20,dublin,"JAMES STREET EAST","James Street East",53.3366,-6.24811,0,0,OPEN,"2025-02-22 17:46:12",1,0,{},1,29,1,0,0,0,30,1,29,1,0,0,0,30
20,dublin,"JAMES STREET EAST","James Street East",53.3366,-6.24811,0,0,OPEN,"2025-02-22 17:56:16",1,0,{},1,29,1,0,0,0,30,1,29,1,0,0,0,30
20,dublin,"JAMES STREET EAST","James Street East",53.3366,-6.24811,0,0,OPEN,"2025-02-22 18:06:20",1,0,{},1,29,1,0,0,0,30,1,29,1,0,0,0,30
20,dublin,"JAMES STREET EAST","James Street East",53.3366,-6.24811,0,0,OPEN,"2025-02-22 18:16:24",1,0,{},1,29,1,0,0,0,30,1,29,1,0,0,0,30
20,dublin,"JAMES STREET EAST","James Street East",53.3366,-6.24811,0,0,OPEN,"2025-02-22 18:26:28",1,0,{},1,29,1,0,0,0,30,1,29,1,0,0,0,30
20,dublin,"JAMES STREET EAST","James Street East",53.3366,-6.24811,0,0,OPEN,"2025-02-22 18:36:32",1,0,{},1,29,1,0,0,0,30,1,29,1,0,0,0,30
20,dublin,"JAMES STREET EAST","James Street East",53.3366,-6.24811,0,0,OPEN,"2025-02-22 18:46:36",1,0,{},1,29,1,0,0,0,30,1,29,1,0,0,0,30
20,dublin,"JAMES STREET EAST","James Street East",53.3366,-6.24811,0,0,OPEN,"2025-02-22 18:56:40",1,0,{},1,29,1,0,0,0,30,1,29,1,0,0,0,30
20,dublin,"JAMES STREET EAST","James Street East",53.3366,-6.24811,0,0,OPEN,"2025-02-22 19:06:44",1,0,{},1,29,1,0,0,0,30,1,29,1,0,0,0,30
20,dublin,"JAMES STREET EAST","James Street East",53.3366,-6.24811,0,0,OPEN,"2025-02-22 19:17:38",1,0,{},0,30,0,0,0,0,30,0,30,0,0,0,0,30
20,dublin,"JAMES STREET EAST","James Street East",53.3366,-6.24811,0,0,OPEN,"2025-02-22 19:29:22",1,0,{},1,29,1,0,0,0,30,1,29,1,0,0,0,30
20,dublin,"JAMES STREET EAST","James Street East",53.3366,-6.24811,0,0,OPEN,"2025-02-22 19:31:41",1,0,{},2,28,2,0,0,0,30,2,28,2,0,0,0,30
20,dublin,"JAMES STREET EAST","James Street East",53.3366,-6.24811,0,0,OPEN,"2025-02-22 19:37:02",1,0,{},2,28,2,0,0,0,30,2,28,2,0,0,0,30
20,dublin,"JAMES STREET EAST","James Street East",53.3366,-6.24811,0,0,OPEN,"2025-02-22 19:47:05",1,0,{},2,28,2,0,0,0,30,2,28,2,0,0,0,30
20,dublin,"JAMES STREET EAST","James Street East",53.3366,-6.24811,0,0,OPEN,"2025-02-22 19:57:09",1,0,{},2,28,2,0,0,0,30,2,28,2,0,0,0,30
20,dublin,"JAMES STREET EAST","James Street East",53.3366,-6.24811,0,0,OPEN,"2025-02-22 20:07:13",1,0,{},2,28,2,0,0,0,30,2,28,2,0,0,0,30
20,dublin,"JAMES STREET EAST","James Street East",53.3366,-6.24811,0,0,OPEN,"2025-02-22 20:17:17",1,0,{},2,28,2,0,0,0,30,2,28,2,0,0,0,30
20,dublin,"JAMES STREET EAST","James Street East",53.3366,-6.24811,0,0,OPEN,"2025-02-22 20:27:21",1,0,{},2,28,2,0,0,0,30,2,28,2,0,0,0,30
20,dublin,"JAMES STREET EAST","James Street East",53.3366,-6.24811,0,0,OPEN,"2025-02-22 20:37:26",1,0,{},3,27,3,0,0,0,30,3,27,3,0,0,0,30
20,dublin,"JAMES STREET EAST","James Street East",53.3366,-6.24811,0,0,OPEN,"2025-02-22 20:47:30",1,0,{},3,27,3,0,0,0,30,3,27,3,0,0,0,30
20,dublin,"JAMES STREET EAST","James Street East",53.3366,-6.24811,0,0,OPEN,"2025-02-22 20:57:34",1,0,{},3,27,3,0,0,0,30,3,27,3,0,0,0,30
20,dublin,"JAMES STREET EAST","James Street East",53.3366,-6.24811,0,0,OPEN,"2025-02-22 21:07:38",1,0,{},3,27,3,0,0,0,30,3,27,3,0,0,0,30
20,dublin,"JAMES STREET EAST","James Street East",53.3366,-6.24811,0,0,OPEN,"2025-02-22 21:17:42",1,0,{},3,27,3,0,0,0,30,3,27,3,0,0,0,30
20,dublin,"JAMES STREET EAST","James Street East",53.3366,-6.24811,0,0,OPEN,"2025-02-22 21:27:47",1,0,{},3,27,3,0,0,0,30,3,27,3,0,0,0,30
20,dublin,"JAMES STREET EAST","James Street East",53.3366,-6.24811,0,0,OPEN,"2025-02-22 21:37:50",1,0,{},3,27,3,0,0,0,30,3,27,3,0,0,0,30
20,dublin,"JAMES STREET EAST","James Street East",53.3366,-6.24811,0,0,OPEN,"2025-02-22 21:47:54",1,0,{},3,27,3,0,0,0,30,3,27,3,0,0,0,30
20,dublin,"JAMES STREET EAST","James Street East",53.3366,-6.24811,0,0,OPEN,"2025-02-22 21:57:58",1,0,{},3,27,3,0,0,0,30,3,27,3,0,0,0,30
20,dublin,"JAMES STREET EAST","James Street East",53.3366,-6.24811,0,0,OPEN,"2025-02-22 22:08:02",1,0,{},2,28,2,0,0,0,30,2,28,2,0,0,0,30
21,dublin,"LEINSTER STREET SOUTH","Leinster Street South",53.3422,-6.25449,0,0,OPEN,"2025-02-22 02:57:30",1,0,{},4,26,3,1,0,1,30,4,26,3,1,0,1,30
21,dublin,"LEINSTER STREET SOUTH","Leinster Street South",53.3422,-6.25449,0,0,OPEN,"2025-02-22 03:07:33",1,0,{},4,26,3,1,0,1,30,4,26,3,1,0,1,30
21,dublin,"LEINSTER STREET SOUTH","Leinster Street South",53.3422,-6.25449,0,0,OPEN,"2025-02-22 03:15:27",1,0,{},4,26,3,1,0,1,30,4,26,3,1,0,1,30
21,dublin,"LEINSTER STREET SOUTH","Leinster Street South",53.3422,-6.25449,0,0,OPEN,"2025-02-22 10:13:17",1,0,{},10,20,5,5,0,5,30,10,20,5,5,0,5,30
21,dublin,"LEINSTER STREET SOUTH","Leinster Street South",53.3422,-6.25449,0,0,OPEN,"2025-02-22 10:13:46",1,0,{},11,19,5,6,0,6,30,11,19,5,6,0,6,30
21,dublin,"LEINSTER STREET SOUTH","Leinster Street South",53.3422,-6.25449,0,0,OPEN,"2025-02-22 10:23:21",1,0,{},11,19,5,6,0,6,30,11,19,5,6,0,6,30
21,dublin,"LEINSTER STREET SOUTH","Leinster Street South",53.3422,-6.25449,0,0,OPEN,"2025-02-22 10:33:25",1,0,{},11,19,5,6,0,6,30,11,19,5,6,0,6,30
21,dublin,"LEINSTER STREET SOUTH","Leinster Street South",53.3422,-6.25449,0,0,OPEN,"2025-02-22 10:38:25",1,0,{},11,19,5,6,0,6,30,11,19,5,6,0,6,30
21,dublin,"LEINSTER STREET SOUTH","Leinster Street South",53.3422,-6.25449,0,0,OPEN,"2025-02-22 10:43:30",1,0,{},11,19,5,6,0,6,30,11,19,5,6,0,6,30
21,dublin,"LEINSTER STREET SOUTH","Leinster Street South",53.3422,-6.25449,0,0,OPEN,"2025-02-22 10:44:18",1,0,{},12,18,6,6,0,6,30,12,18,6,6,0,6,30
21,dublin,"LEINSTER STREET SOUTH","Leinster Street South",53.3422,-6.25449,0,0,OPEN,"2025-02-22 10:53:35",1,0,{},12,18,6,6,0,6,30,12,18,6,6,0,6,30
21,dublin,"LEINSTER STREET SOUTH","Leinster Street South",53.3422,-6.25449,0,0,OPEN,"2025-02-22 11:06:19",1,0,{},13,17,7,6,0,6,30,13,17,7,6,0,6,30
21,dublin,"LEINSTER STREET SOUTH","Leinster Street South",53.3422,-6.25449,0,0,OPEN,"2025-02-22 11:13:44",1,0,{},13,17,7,6,0,6,30,13,17,7,6,0,6,30
21,dublin,"LEINSTER STREET SOUTH","Leinster Street South",53.3422,-6.25449,0,0,OPEN,"2025-02-22 11:26:01",1,0,{},14,16,8,6,0,6,30,14,16,8,6,0,6,30
21,dublin,"LEINSTER STREET SOUTH","Leinster Street South",53.3422,-6.25449,0,0,OPEN,"2025-02-22 11:38:02",1,0,{},15,15,9,6,0,6,30,15,15,9,6,0,6,30
21,dublin,"LEINSTER STREET SOUTH","Leinster Street South",53.3422,-6.25449,0,0,OPEN,"2025-02-22 11:41:10",1,0,{},17,13,11,6,0,6,30,17,13,11,6,0,6,30
21,dublin,"LEINSTER STREET SOUTH","Leinster Street South",53.3422,-6.25449,0,0,OPEN,"2025-02-22 11:45:45",1,0,{},16,14,10,6,0,6,30,16,14,10,6,0,6,30
21,dublin,"LEINSTER STREET SOUTH","Leinster Street South",53.3422,-6.25449,0,0,OPEN,"2025-02-22 11:49:45",1,0,{},18,12,11,7,0,7,30,18,12,11,7,0,7,30
21,dublin,"LEINSTER STREET SOUTH","Leinster Street South",53.3422,-6.25449,0,0,OPEN,"2025-02-22 11:56:46",1,0,{},16,14,9,7,0,7,30,16,14,9,7,0,7,30
21,dublin,"LEINSTER STREET SOUTH","Leinster Street South",53.3422,-6.25449,0,0,OPEN,"2025-02-22 12:01:52",1,0,{},16,14,9,7,0,7,30,16,14,9,7,0,7,30
21,dublin,"LEINSTER STREET SOUTH","Leinster Street South",53.3422,-6.25449,0,0,OPEN,"2025-02-22 12:07:50",1,0,{},16,14,11,5,0,5,30,16,14,11,5,0,5,30
21,dublin,"LEINSTER STREET SOUTH","Leinster Street South",53.3422,-6.25449,0,0,OPEN,"2025-02-22 12:18:28",1,0,{},16,13,11,5,0,5,30,16,13,11,5,0,5,30
21,dublin,"LEINSTER STREET SOUTH","Leinster Street South",53.3422,-6.25449,0,0,OPEN,"2025-02-22 12:21:53",1,0,{},17,13,12,5,0,5,30,17,13,12,5,0,5,30
21,dublin,"LEINSTER STREET SOUTH","Leinster Street South",53.3422,-6.25449,0,0,OPEN,"2025-02-22 12:24:28",1,0,{},17,13,12,5,0,5,30,17,13,12,5,0,5,30
21,dublin,"LEINSTER STREET SOUTH","Leinster Street South",53.3422,-6.25449,0,0,OPEN,"2025-02-22 12:34:32",1,0,{},17,13,12,5,0,5,30,17,13,12,5,0,5,30
21,dublin,"LEINSTER STREET SOUTH","Leinster Street South",53.3422,-6.25449,0,0,OPEN,"2025-02-22 12:48:26",1,0,{},18,12,13,5,0,5,30,18,12,13,5,0,5,30
21,dublin,"LEINSTER STREET SOUTH","Leinster Street South",53.3422,-6.25449,0,0,OPEN,"2025-02-22 12:54:42",1,0,{},18,12,13,5,0,5,30,18,12,13,5,0,5,30
21,dublin,"LEINSTER STREET SOUTH","Leinster Street South",53.3422,-6.25449,0,0,OPEN,"2025-02-22 13:02:04",1,0,{},20,10,15,5,0,5,30,20,10,15,5,0,5,30
21,dublin,"LEINSTER STREET SOUTH","Leinster Street South",53.3422,-6.25449,0,0,OPEN,"2025-02-22 13:05:15",1,0,{},19,11,14,5,0,5,30,19,11,14,5,0,5,30
21,dublin,"LEINSTER STREET SOUTH","Leinster Street South",53.3422,-6.25449,0,0,OPEN,"2025-02-22 13:13:24",1,0,{},21,9,15,6,0,6,30,21,9,15,6,0,6,30
21,dublin,"LEINSTER STREET SOUTH","Leinster Street South",53.3422,-6.25449,0,0,OPEN,"2025-02-22 13:18:28",1,0,{},21,9,15,6,0,6,30,21,9,15,6,0,6,30
21,dublin,"LEINSTER STREET SOUTH","Leinster Street South",53.3422,-6.25449,0,0,OPEN,"2025-02-22 13:25:07",1,0,{},21,9,15,6,0,6,30,21,9,15,6,0,6,30
21,dublin,"LEINSTER STREET SOUTH","Leinster Street South",53.3422,-6.25449,0,0,OPEN,"2025-02-22 13:35:10",1,0,{},21,9,15,6,0,6,30,21,9,15,6,0,6,30
21,dublin,"LEINSTER STREET SOUTH","Leinster Street South",53.3422,-6.25449,0,0,OPEN,"2025-02-22 13:48:07",1,0,{},22,8,15,7,0,7,30,22,8,15,7,0,7,30
21,dublin,"LEINSTER STREET SOUTH","Leinster Street South",53.3422,-6.25449,0,0,OPEN,"2025-02-22 13:51:56",1,0,{},25,5,18,7,0,7,30,25,5,18,7,0,7,30
21,dublin,"LEINSTER STREET SOUTH","Leinster Street South",53.3422,-6.25449,0,0,OPEN,"2025-02-22 13:55:18",1,0,{},25,5,18,7,0,7,30,25,5,18,7,0,7,30
21,dublin,"LEINSTER STREET SOUTH","Leinster Street South",53.3422,-6.25449,0,0,OPEN,"2025-02-22 14:05:22",1,0,{},25,5,18,7,0,7,30,25,5,18,7,0,7,30
21,dublin,"LEINSTER STREET SOUTH","Leinster Street South",53.3422,-6.25449,0,0,OPEN,"2025-02-22 14:11:43",1,0,{},26,4,19,7,0,7,30,26,4,19,7,0,7,30
21,dublin,"LEINSTER STREET SOUTH","Leinster Street South",53.3422,-6.25449,0,0,OPEN,"2025-02-22 14:17:26",1,0,{},27,3,19,8,0,8,30,27,3,19,8,0,8,30
21,dublin,"LEINSTER STREET SOUTH","Leinster Street South",53.3422,-6.25449,0,0,OPEN,"2025-02-22 14:25:32",1,0,{},27,3,19,8,0,8,30,27,3,19,8,0,8,30
21,dublin,"LEINSTER STREET SOUTH","Leinster Street South",53.3422,-6.25449,0,0,OPEN,"2025-02-22 14:35:35",1,0,{},27,3,19,8,0,8,30,27,3,19,8,0,8,30
21,dublin,"LEINSTER STREET SOUTH","Leinster Street South",53.3422,-6.25449,0,0,OPEN,"2025-02-22 14:45:39",1,0,{},27,3,19,8,0,8,30,27,3,19,8,0,8,30
21,dublin,"LEINSTER STREET SOUTH","Leinster Street South",53.3422,-6.25449,0,0,OPEN,"2025-02-22 14:55:43",1,0,{},27,3,19,8,0,8,30,27,3,19,8,0,8,30
21,dublin,"LEINSTER STREET SOUTH","Leinster Street South",53.3422,-6.25449,0,0,OPEN,"2025-02-22 15:00:25",1,0,{},25,5,18,7,0,7,30,25,5,18,7,0,7,30
21,dublin,"LEINSTER STREET SOUTH","Leinster Street South",53.3422,-6.25449,0,0,OPEN,"2025-02-22 15:05:50",1,0,{},25,5,18,7,0,7,30,25,5,18,7,0,7,30
21,dublin,"LEINSTER STREET SOUTH","Leinster Street South",53.3422,-6.25449,0,0,OPEN,"2025-02-22 15:10:36",1,0,{},24,6,17,7,0,7,30,24,6,17,7,0,7,30
21,dublin,"LEINSTER STREET SOUTH","Leinster Street South",53.3422,-6.25449,0,0,OPEN,"2025-02-22 15:15:57",1,0,{},24,6,17,7,0,7,30,24,6,17,7,0,7,30
21,dublin,"LEINSTER STREET SOUTH","Leinster Street South",53.3422,-6.25449,0,0,OPEN,"2025-02-22 15:19:38",1,0,{},24,6,17,7,0,7,30,24,6,17,7,0,7,30
21,dublin,"LEINSTER STREET SOUTH","Leinster Street South",53.3422,-6.25449,0,0,OPEN,"2025-02-22 15:26:02",1,0,{},24,6,17,7,0,7,30,24,6,17,7,0,7,30
21,dublin,"LEINSTER STREET SOUTH","Leinster Street South",53.3422,-6.25449,0,0,OPEN,"2025-02-22 15:31:51",1,0,{},25,5,18,7,0,7,30,25,5,18,7,0,7,30
21,dublin,"LEINSTER STREET SOUTH","Leinster Street South",53.3422,-6.25449,0,0,OPEN,"2025-02-22 15:36:06",1,0,{},25,5,18,7,0,7,30,25,5,18,7,0,7,30
21,dublin,"LEINSTER STREET SOUTH","Leinster Street South",53.3422,-6.25449,0,0,OPEN,"2025-02-22 15:46:10",1,0,{},25,5,18,7,0,7,30,25,5,18,7,0,7,30
21,dublin,"LEINSTER STREET SOUTH","Leinster Street South",53.3422,-6.25449,0,0,OPEN,"2025-02-22 15:57:15",1,0,{},25,5,18,7,0,7,30,25,5,18,7,0,7,30
21,dublin,"LEINSTER STREET SOUTH","Leinster Street South",53.3422,-6.25449,0,0,OPEN,"2025-02-22 16:06:19",1,0,{},26,4,19,7,0,7,30,26,4,19,7,0,7,30
21,dublin,"LEINSTER STREET SOUTH","Leinster Street South",53.3422,-6.25449,0,0,OPEN,"2025-02-22 16:16:24",1,0,{},26,4,19,7,0,7,30,26,4,19,7,0,7,30
21,dublin,"LEINSTER STREET SOUTH","Leinster Street South",53.3422,-6.25449,0,0,OPEN,"2025-02-22 16:23:16",1,0,{},25,5,19,6,0,6,30,25,5,19,6,0,6,30
21,dublin,"LEINSTER STREET SOUTH","Leinster Street South",53.3422,-6.25449,0,0,OPEN,"2025-02-22 16:26:30",1,0,{},25,5,19,6,0,6,30,25,5,19,6,0,6,30
21,dublin,"LEINSTER STREET SOUTH","Leinster Street South",53.3422,-6.25449,0,0,OPEN,"2025-02-22 16:36:35",1,0,{},25,5,19,6,0,6,30,25,5,19,6,0,6,30
21,dublin,"LEINSTER STREET SOUTH","Leinster Street South",53.3422,-6.25449,0,0,OPEN,"2025-02-22 16:39:04",1,0,{},27,3,21,6,0,6,30,27,3,21,6,0,6,30
21,dublin,"LEINSTER STREET SOUTH","Leinster Street South",53.3422,-6.25449,0,0,OPEN,"2025-02-22 16:46:38",1,0,{},27,3,21,6,0,6,30,27,3,21,6,0,6,30
21,dublin,"LEINSTER STREET SOUTH","Leinster Street South",53.3422,-6.25449,0,0,OPEN,"2025-02-22 16:56:42",1,0,{},27,3,21,6,0,6,30,27,3,21,6,0,6,30
21,dublin,"LEINSTER STREET SOUTH","Leinster Street South",53.3422,-6.25449,0,0,OPEN,"2025-02-22 17:06:50",1,0,{},28,2,21,7,0,7,30,28,2,21,7,0,7,30
21,dublin,"LEINSTER STREET SOUTH","Leinster Street South",53.3422,-6.25449,0,0,OPEN,"2025-02-22 17:16:54",1,0,{},28,2,21,7,0,7,30,28,2,21,7,0,7,30
21,dublin,"LEINSTER STREET SOUTH","Leinster Street South",53.3422,-6.25449,0,0,OPEN,"2025-02-22 17:20:27",1,0,{},29,1,21,8,0,8,30,29,1,21,8,0,8,30
21,dublin,"LEINSTER STREET SOUTH","Leinster Street South",53.3422,-6.25449,0,0,OPEN,"2025-02-22 17:27:01",1,0,{},28,2,21,7,0,7,30,28,2,21,7,0,7,30
21,dublin,"LEINSTER STREET SOUTH","Leinster Street South",53.3422,-6.25449,0,0,OPEN,"2025-02-22 17:33:24",1,0,{},30,0,21,9,0,9,30,30,0,21,9,0,9,30
21,dublin,"LEINSTER STREET SOUTH","Leinster Street South",53.3422,-6.25449,0,0,OPEN,"2025-02-22 17:37:07",1,0,{},30,0,21,9,0,9,30,30,0,21,9,0,9,30
21,dublin,"LEINSTER STREET SOUTH","Leinster Street South",53.3422,-6.25449,0,0,OPEN,"2025-02-22 17:47:11",1,0,{},30,0,21,9,0,9,30,30,0,21,9,0,9,30
21,dublin,"LEINSTER STREET SOUTH","Leinster Street South",53.3422,-6.25449,0,0,OPEN,"2025-02-22 17:57:14",1,0,{},30,0,21,9,0,9,30,30,0,21,9,0,9,30
21,dublin,"LEINSTER STREET SOUTH","Leinster Street South",53.3422,-6.25449,0,0,OPEN,"2025-02-22 18:07:18",1,0,{},30,0,21,9,0,9,30,30,0,21,9,0,9,30
21,dublin,"LEINSTER STREET SOUTH","Leinster Street South",53.3422,-6.25449,0,0,OPEN,"2025-02-22 18:17:22",1,0,{},30,0,21,9,0,9,30,30,0,21,9,0,9,30
21,dublin,"LEINSTER STREET SOUTH","Leinster Street South",53.3422,-6.25449,0,0,OPEN,"2025-02-22 18:27:27",1,0,{},29,1,20,9,0,9,30,29,1,20,9,0,9,30
21,dublin,"LEINSTER STREET SOUTH","Leinster Street South",53.3422,-6.25449,0,0,OPEN,"2025-02-22 18:37:31",1,0,{},29,1,20,9,0,9,30,29,1,20,9,0,9,30
21,dublin,"LEINSTER STREET SOUTH","Leinster Street South",53.3422,-6.25449,0,0,OPEN,"2025-02-22 18:47:54",1,0,{},30,0,21,9,0,9,30,30,0,21,9,0,9,30
21,dublin,"LEINSTER STREET SOUTH","Leinster Street South",53.3422,-6.25449,0,0,OPEN,"2025-02-22 18:50:09",1,0,{},30,0,21,9,0,9,30,30,0,21,9,0,9,30
21,dublin,"LEINSTER STREET SOUTH","Leinster Street South",53.3422,-6.25449,0,0,OPEN,"2025-02-22 18:57:43",1,0,{},28,2,20,8,0,8,30,28,2,20,8,0,8,30
21,dublin,"LEINSTER STREET SOUTH","Leinster Street South",53.3422,-6.25449,0,0,OPEN,"2025-02-22 19:01:14",1,0,{},27,3,19,8,0,8,30,27,3,19,8,0,8,30
21,dublin,"LEINSTER STREET SOUTH","Leinster Street South",53.3422,-6.25449,0,0,OPEN,"2025-02-22 19:09:28",1,0,{},26,4,18,8,0,8,30,26,4,18,8,0,8,30
21,dublin,"LEINSTER STREET SOUTH","Leinster Street South",53.3422,-6.25449,0,0,OPEN,"2025-02-22 19:17:56",1,0,{},26,4,18,8,0,8,30,26,4,18,8,0,8,30
21,dublin,"LEINSTER STREET SOUTH","Leinster Street South",53.3422,-6.25449,0,0,OPEN,"2025-02-22 19:28:02",1,0,{},26,4,18,8,0,8,30,26,4,18,8,0,8,30
21,dublin,"LEINSTER STREET SOUTH","Leinster Street South",53.3422,-6.25449,0,0,OPEN,"2025-02-22 19:38:57",1,0,{},26,4,18,8,0,8,30,26,4,18,8,0,8,30
21,dublin,"LEINSTER STREET SOUTH","Leinster Street South",53.3422,-6.25449,0,0,OPEN,"2025-02-22 19:48:10",1,0,{},26,4,18,8,0,8,30,26,4,18,8,0,8,30
21,dublin,"LEINSTER STREET SOUTH","Leinster Street South",53.3422,-6.25449,0,0,OPEN,"2025-02-22 19:58:14",1,0,{},26,4,18,8,0,8,30,26,4,18,8,0,8,30
21,dublin,"LEINSTER STREET SOUTH","Leinster Street South",53.3422,-6.25449,0,0,OPEN,"2025-02-22 20:03:02",1,0,{},25,5,17,8,0,8,30,25,5,17,8,0,8,30
21,dublin,"LEINSTER STREET SOUTH","Leinster Street South",53.3422,-6.25449,0,0,OPEN,"2025-02-22 20:08:19",1,0,{},25,5,17,8,0,8,30,25,5,17,8,0,8,30
21,dublin,"LEINSTER STREET SOUTH","Leinster Street South",53.3422,-6.25449,0,0,OPEN,"2025-02-22 20:18:23",1,0,{},25,5,17,8,0,8,30,25,5,17,8,0,8,30
21,dublin,"LEINSTER STREET SOUTH","Leinster Street South",53.3422,-6.25449,0,0,OPEN,"2025-02-22 20:28:28",1,0,{},26,4,17,9,0,9,30,26,4,17,9,0,9,30
21,dublin,"LEINSTER STREET SOUTH","Leinster Street South",53.3422,-6.25449,0,0,OPEN,"2025-02-22 20:38:32",1,0,{},26,4,17,9,0,9,30,26,4,17,9,0,9,30
21,dublin,"LEINSTER STREET SOUTH","Leinster Street South",53.3422,-6.25449,0,0,OPEN,"2025-02-22 20:48:36",1,0,{},26,4,17,9,0,9,30,26,4,17,9,0,9,30
21,dublin,"LEINSTER STREET SOUTH","Leinster Street South",53.3422,-6.25449,0,0,OPEN,"2025-02-22 20:54:27",1,0,{},27,3,18,9,0,9,30,27,3,18,9,0,9,30
21,dublin,"LEINSTER STREET SOUTH","Leinster Street South",53.3422,-6.25449,0,0,OPEN,"2025-02-22 20:58:41",1,0,{},28,2,19,9,0,9,30,28,2,19,9,0,9,30
21,dublin,"LEINSTER STREET SOUTH","Leinster Street South",53.3422,-6.25449,0,0,OPEN,"2025-02-22 21:08:45",1,0,{},28,2,19,9,0,9,30,28,2,19,9,0,9,30
21,dublin,"LEINSTER STREET SOUTH","Leinster Street South",53.3422,-6.25449,0,0,OPEN,"2025-02-22 21:18:49",1,0,{},28,2,19,9,0,9,30,28,2,19,9,0,9,30
21,dublin,"LEINSTER STREET SOUTH","Leinster Street South",53.3422,-6.25449,0,0,OPEN,"2025-02-22 21:28:55",1,0,{},27,3,18,9,0,9,30,27,3,18,9,0,9,30
21,dublin,"LEINSTER STREET SOUTH","Leinster Street South",53.3422,-6.25449,0,0,OPEN,"2025-02-22 21:38:59",1,0,{},27,3,18,9,0,9,30,27,3,18,9,0,9,30
21,dublin,"LEINSTER STREET SOUTH","Leinster Street South",53.3422,-6.25449,0,0,OPEN,"2025-02-22 21:49:02",1,0,{},27,3,18,9,0,9,30,27,3,18,9,0,9,30
21,dublin,"LEINSTER STREET SOUTH","Leinster Street South",53.3422,-6.25449,0,0,OPEN,"2025-02-22 21:59:05",1,0,{},27,3,18,9,0,9,30,27,3,18,9,0,9,30
21,dublin,"LEINSTER STREET SOUTH","Leinster Street South",53.3422,-6.25449,0,0,OPEN,"2025-02-22 22:09:09",1,0,{},27,3,18,9,0,9,30,27,3,18,9,0,9,30
22,dublin,"TOWNSEND STREET","Townsend Street",53.3459,-6.25461,0,0,OPEN,"2025-02-22 02:58:10",1,0,{},8,12,5,3,0,3,20,8,12,5,3,0,3,20
22,dublin,"TOWNSEND STREET","Townsend Street",53.3459,-6.25461,0,0,OPEN,"2025-02-22 03:08:14",1,0,{},8,12,5,3,0,3,20,8,12,5,3,0,3,20
22,dublin,"TOWNSEND STREET","Townsend Street",53.3459,-6.25461,0,0,OPEN,"2025-02-22 10:11:15",1,0,{},17,3,12,5,0,5,20,17,3,12,5,0,5,20
22,dublin,"TOWNSEND STREET","Townsend Street",53.3459,-6.25461,0,0,OPEN,"2025-02-22 10:16:00",1,0,{},18,2,13,5,0,5,20,18,2,13,5,0,5,20
22,dublin,"TOWNSEND STREET","Townsend Street",53.3459,-6.25461,0,0,OPEN,"2025-02-22 10:21:21",1,0,{},18,2,13,5,0,5,20,18,2,13,5,0,5,20
22,dublin,"TOWNSEND STREET","Townsend Street",53.3459,-6.25461,0,0,OPEN,"2025-02-22 10:31:29",1,0,{},17,3,12,5,0,5,20,17,3,12,5,0,5,20
22,dublin,"TOWNSEND STREET","Townsend Street",53.3459,-6.25461,0,0,OPEN,"2025-02-22 10:41:34",1,0,{},17,3,12,5,0,5,20,17,3,12,5,0,5,20
22,dublin,"TOWNSEND STREET","Townsend Street",53.3459,-6.25461,0,0,OPEN,"2025-02-22 10:51:39",1,0,{},17,3,12,5,0,5,20,17,3,12,5,0,5,20
22,dublin,"TOWNSEND STREET","Townsend Street",53.3459,-6.25461,0,0,OPEN,"2025-02-22 11:03:06",1,0,{},16,4,11,5,0,5,20,16,4,11,5,0,5,20
22,dublin,"TOWNSEND STREET","Townsend Street",53.3459,-6.25461,0,0,OPEN,"2025-02-22 11:12:19",1,0,{},17,3,12,5,0,5,20,17,3,12,5,0,5,20
22,dublin,"TOWNSEND STREET","Townsend Street",53.3459,-6.25461,0,0,OPEN,"2025-02-22 11:17:48",1,0,{},17,3,12,5,0,5,20,17,3,12,5,0,5,20
22,dublin,"TOWNSEND STREET","Townsend Street",53.3459,-6.25461,0,0,OPEN,"2025-02-22 11:21:58",1,0,{},17,3,12,5,0,5,20,17,3,12,5,0,5,20
22,dublin,"TOWNSEND STREET","Townsend Street",53.3459,-6.25461,0,0,OPEN,"2025-02-22 11:25:46",1,0,{},18,2,12,6,0,6,20,18,2,12,6,0,6,20
22,dublin,"TOWNSEND STREET","Townsend Street",53.3459,-6.25461,0,0,OPEN,"2025-02-22 11:32:06",1,0,{},17,3,11,6,0,6,20,17,3,11,6,0,6,20
22,dublin,"TOWNSEND STREET","Townsend Street",53.3459,-6.25461,0,0,OPEN,"2025-02-22 11:35:53",1,0,{},16,4,10,6,0,6,20,16,4,10,6,0,6,20
22,dublin,"TOWNSEND STREET","Townsend Street",53.3459,-6.25461,0,0,OPEN,"2025-02-22 11:42:14",1,0,{},16,4,10,6,0,6,20,16,4,10,6,0,6,20
22,dublin,"TOWNSEND STREET","Townsend Street",53.3459,-6.25461,0,0,OPEN,"2025-02-22 11:52:20",1,0,{},16,4,10,6,0,6,20,16,4,10,6,0,6,20
22,dublin,"TOWNSEND STREET","Townsend Street",53.3459,-6.25461,0,0,OPEN,"2025-02-22 11:54:22",1,0,{},16,4,9,7,0,7,20,16,4,9,7,0,7,20
22,dublin,"TOWNSEND STREET","Townsend Street",53.3459,-6.25461,0,0,OPEN,"2025-02-22 12:02:26",1,0,{},16,4,9,7,0,7,20,16,4,9,7,0,7,20
22,dublin,"TOWNSEND STREET","Townsend Street",53.3459,-6.25461,0,0,OPEN,"2025-02-22 12:12:32",1,0,{},16,4,9,7,0,7,20,16,4,9,7,0,7,20
22,dublin,"TOWNSEND STREET","Townsend Street",53.3459,-6.25461,0,0,OPEN,"2025-02-22 12:17:07",1,0,{},18,2,10,8,0,8,20,18,2,10,8,0,8,20
22,dublin,"TOWNSEND STREET","Townsend Street",53.3459,-6.25461,0,0,OPEN,"2025-02-22 12:22:41",1,0,{},18,2,10,8,0,8,20,18,2,10,8,0,8,20
22,dublin,"TOWNSEND STREET","Townsend Street",53.3459,-6.25461,0,0,OPEN,"2025-02-22 12:32:48",1,0,{},17,3,9,8,0,8,20,17,3,9,8,0,8,20
22,dublin,"TOWNSEND STREET","Townsend Street",53.3459,-6.25461,0,0,OPEN,"2025-02-22 12:42:56",1,0,{},16,4,9,7,0,7,20,16,4,9,7,0,7,20
22,dublin,"TOWNSEND STREET","Townsend Street",53.3459,-6.25461,0,0,OPEN,"2025-02-22 12:46:36",1,0,{},16,4,10,6,0,6,20,16,4,10,6,0,6,20
22,dublin,"TOWNSEND STREET","Townsend Street",53.3459,-6.25461,0,0,OPEN,"2025-02-22 12:53:04",1,0,{},15,5,9,6,0,6,20,15,5,9,6,0,6,20
22,dublin,"TOWNSEND STREET","Townsend Street",53.3459,-6.25461,0,0,OPEN,"2025-02-22 13:03:11",1,0,{},14,6,9,5,0,5,20,14,6,9,5,0,5,20
22,dublin,"TOWNSEND STREET","Townsend Street",53.3459,-6.25461,0,0,OPEN,"2025-02-22 13:06:22",1,0,{},13,7,9,4,0,4,20,13,7,9,4,0,4,20
22,dublin,"TOWNSEND STREET","Townsend Street",53.3459,-6.25461,0,0,OPEN,"2025-02-22 13:13:21",1,0,{},14,6,10,4,0,4,20,14,6,10,4,0,4,20
22,dublin,"TOWNSEND STREET","Townsend Street",53.3459,-6.25461,0,0,OPEN,"2025-02-22 13:17:27",1,0,{},15,5,11,4,0,4,20,15,5,11,4,0,4,20
22,dublin,"TOWNSEND STREET","Townsend Street",53.3459,-6.25461,0,0,OPEN,"2025-02-22 13:23:23",1,0,{},16,4,12,4,0,4,20,16,4,12,4,0,4,20
22,dublin,"TOWNSEND STREET","Townsend Street",53.3459,-6.25461,0,0,OPEN,"2025-02-22 13:23:58",1,0,{},17,3,13,4,0,4,20,17,3,13,4,0,4,20
22,dublin,"TOWNSEND STREET","Townsend Street",53.3459,-6.25461,0,0,OPEN,"2025-02-22 13:33:30",1,0,{},16,4,12,4,0,4,20,16,4,12,4,0,4,20
22,dublin,"TOWNSEND STREET","Townsend Street",53.3459,-6.25461,0,0,OPEN,"2025-02-22 13:36:01",1,0,{},17,3,13,4,0,4,20,17,3,13,4,0,4,20
22,dublin,"TOWNSEND STREET","Townsend Street",53.3459,-6.25461,0,0,OPEN,"2025-02-22 13:43:36",1,0,{},17,3,13,4,0,4,20,17,3,13,4,0,4,20
22,dublin,"TOWNSEND STREET","Townsend Street",53.3459,-6.25461,0,0,OPEN,"2025-02-22 13:49:06",1,0,{},17,3,13,4,0,4,20,17,3,13,4,0,4,20
22,dublin,"TOWNSEND STREET","Townsend Street",53.3459,-6.25461,0,0,OPEN,"2025-02-22 13:53:43",1,0,{},17,3,13,4,0,4,20,17,3,13,4,0,4,20
22,dublin,"TOWNSEND STREET","Townsend Street",53.3459,-6.25461,0,0,OPEN,"2025-02-22 14:02:53",1,0,{},18,2,13,5,0,5,20,18,2,13,5,0,5,20
22,dublin,"TOWNSEND STREET","Townsend Street",53.3459,-6.25461,0,0,OPEN,"2025-02-22 14:03:47",1,0,{},19,1,14,5,0,5,20,19,1,14,5,0,5,20
22,dublin,"TOWNSEND STREET","Townsend Street",53.3459,-6.25461,0,0,OPEN,"2025-02-22 14:12:01",1,0,{},18,2,13,5,0,5,20,18,2,13,5,0,5,20
22,dublin,"TOWNSEND STREET","Townsend Street",53.3459,-6.25461,0,0,OPEN,"2025-02-22 14:16:16",1,0,{},19,1,14,5,0,5,20,19,1,14,5,0,5,20
22,dublin,"TOWNSEND STREET","Townsend Street",53.3459,-6.25461,0,0,OPEN,"2025-02-22 14:24:02",1,0,{},20,0,14,6,0,6,20,20,0,14,6,0,6,20
22,dublin,"TOWNSEND STREET","Townsend Street",53.3459,-6.25461,0,0,OPEN,"2025-02-22 14:34:07",1,0,{},20,0,14,6,0,6,20,20,0,14,6,0,6,20
22,dublin,"TOWNSEND STREET","Townsend Street",53.3459,-6.25461,0,0,OPEN,"2025-02-22 14:44:12",1,0,{},20,0,14,6,0,6,20,20,0,14,6,0,6,20
22,dublin,"TOWNSEND STREET","Townsend Street",53.3459,-6.25461,0,0,OPEN,"2025-02-22 14:54:17",1,0,{},20,0,14,6,0,6,20,20,0,14,6,0,6,20
22,dublin,"TOWNSEND STREET","Townsend Street",53.3459,-6.25461,0,0,OPEN,"2025-02-22 15:04:23",1,0,{},20,0,14,6,0,6,20,20,0,14,6,0,6,20
22,dublin,"TOWNSEND STREET","Townsend Street",53.3459,-6.25461,0,0,OPEN,"2025-02-22 15:12:05",1,0,{},19,1,13,6,0,6,20,19,1,13,6,0,6,20
22,dublin,"TOWNSEND STREET","Townsend Street",53.3459,-6.25461,0,0,OPEN,"2025-02-22 15:14:30",1,0,{},19,1,13,6,0,6,20,19,1,13,6,0,6,20
22,dublin,"TOWNSEND STREET","Townsend Street",53.3459,-6.25461,0,0,OPEN,"2025-02-22 15:19:41",1,0,{},19,1,12,7,0,7,20,19,1,12,7,0,7,20
22,dublin,"TOWNSEND STREET","Townsend Street",53.3459,-6.25461,0,0,OPEN,"2025-02-22 15:27:05",1,0,{},17,3,10,7,0,7,20,17,3,10,7,0,7,20
22,dublin,"TOWNSEND STREET","Townsend Street",53.3459,-6.25461,0,0,OPEN,"2025-02-22 15:34:46",1,0,{},17,3,10,7,0,7,20,17,3,10,7,0,7,20
22,dublin,"TOWNSEND STREET","Townsend Street",53.3459,-6.25461,0,0,OPEN,"2025-02-22 15:46:11",1,0,{},16,4,9,7,0,7,20,16,4,9,7,0,7,20
22,dublin,"TOWNSEND STREET","Townsend Street",53.3459,-6.25461,0,0,OPEN,"2025-02-22 15:54:58",1,0,{},16,4,9,7,0,7,20,16,4,9,7,0,7,20
22,dublin,"TOWNSEND STREET","Townsend Street",53.3459,-6.25461,0,0,OPEN,"2025-02-22 16:03:23",1,0,{},14,6,7,7,0,7,20,14,6,7,7,0,7,20
22,dublin,"TOWNSEND STREET","Townsend Street",53.3459,-6.25461,0,0,OPEN,"2025-02-22 16:08:07",1,0,{},14,6,8,6,0,6,20,14,6,8,6,0,6,20
22,dublin,"TOWNSEND STREET","Townsend Street",53.3459,-6.25461,0,0,OPEN,"2025-02-22 16:15:44",1,0,{},13,7,7,6,0,6,20,13,7,7,6,0,6,20
22,dublin,"TOWNSEND STREET","Townsend Street",53.3459,-6.25461,0,0,OPEN,"2025-02-22 16:22:22",1,0,{},14,6,7,7,0,7,20,14,6,7,7,0,7,20
22,dublin,"TOWNSEND STREET","Townsend Street",53.3459,-6.25461,0,0,OPEN,"2025-02-22 16:25:23",1,0,{},14,6,7,7,0,7,20,14,6,7,7,0,7,20
22,dublin,"TOWNSEND STREET","Townsend Street",53.3459,-6.25461,0,0,OPEN,"2025-02-22 16:31:23",1,0,{},14,6,7,7,0,7,20,14,6,7,7,0,7,20
22,dublin,"TOWNSEND STREET","Townsend Street",53.3459,-6.25461,0,0,OPEN,"2025-02-22 16:35:30",1,0,{},15,5,7,8,0,8,20,15,5,7,8,0,8,20
22,dublin,"TOWNSEND STREET","Townsend Street",53.3459,-6.25461,0,0,OPEN,"2025-02-22 16:45:35",1,0,{},15,5,7,8,0,8,20,15,5,7,8,0,8,20
22,dublin,"TOWNSEND STREET","Townsend Street",53.3459,-6.25461,0,0,OPEN,"2025-02-22 16:51:27",1,0,{},15,5,8,7,0,7,20,15,5,8,7,0,7,20
22,dublin,"TOWNSEND STREET","Townsend Street",53.3459,-6.25461,0,0,OPEN,"2025-02-22 16:58:26",1,0,{},14,6,7,7,0,7,20,14,6,7,7,0,7,20
22,dublin,"TOWNSEND STREET","Townsend Street",53.3459,-6.25461,0,0,OPEN,"2025-02-22 17:05:49",1,0,{},14,6,7,7,0,7,20,14,6,7,7,0,7,20
22,dublin,"TOWNSEND STREET","Townsend Street",53.3459,-6.25461,0,0,OPEN,"2025-02-22 17:09:32",1,0,{},15,5,8,7,0,7,20,15,5,8,7,0,7,20
22,dublin,"TOWNSEND STREET","Townsend Street",53.3459,-6.25461,0,0,OPEN,"2025-02-22 17:15:54",1,0,{},16,4,9,7,0,7,20,16,4,9,7,0,7,20
22,dublin,"TOWNSEND STREET","Townsend Street",53.3459,-6.25461,0,0,OPEN,"2025-02-22 17:23:24",1,0,{},17,3,10,7,0,7,20,17,3,10,7,0,7,20
22,dublin,"TOWNSEND STREET","Townsend Street",53.3459,-6.25461,0,0,OPEN,"2025-02-22 17:26:00",1,0,{},17,3,10,7,0,7,20,17,3,10,7,0,7,20
22,dublin,"TOWNSEND STREET","Townsend Street",53.3459,-6.25461,0,0,OPEN,"2025-02-22 17:36:07",1,0,{},17,2,10,7,0,7,20,17,2,10,7,0,7,20
22,dublin,"TOWNSEND STREET","Townsend Street",53.3459,-6.25461,0,0,OPEN,"2025-02-22 17:46:12",1,0,{},17,2,10,7,0,7,20,17,2,10,7,0,7,20
22,dublin,"TOWNSEND STREET","Townsend Street",53.3459,-6.25461,0,0,OPEN,"2025-02-22 17:56:42",1,0,{},18,1,11,7,0,7,20,18,1,11,7,0,7,20
22,dublin,"TOWNSEND STREET","Townsend Street",53.3459,-6.25461,0,0,OPEN,"2025-02-22 18:06:25",1,0,{},18,1,11,7,0,7,20,18,1,11,7,0,7,20
22,dublin,"TOWNSEND STREET","Townsend Street",53.3459,-6.25461,0,0,OPEN,"2025-02-22 18:16:30",1,0,{},18,1,11,7,0,7,20,18,1,11,7,0,7,20
22,dublin,"TOWNSEND STREET","Townsend Street",53.3459,-6.25461,0,0,OPEN,"2025-02-22 18:26:36",1,0,{},18,1,11,7,0,7,20,18,1,11,7,0,7,20
22,dublin,"TOWNSEND STREET","Townsend Street",53.3459,-6.25461,0,0,OPEN,"2025-02-22 18:36:41",1,0,{},18,1,11,7,0,7,20,18,1,11,7,0,7,20
22,dublin,"TOWNSEND STREET","Townsend Street",53.3459,-6.25461,0,0,OPEN,"2025-02-22 18:47:37",1,0,{},17,2,10,7,0,7,20,17,2,10,7,0,7,20
22,dublin,"TOWNSEND STREET","Townsend Street",53.3459,-6.25461,0,0,OPEN,"2025-02-22 18:56:53",1,0,{},17,2,10,7,0,7,20,17,2,10,7,0,7,20
22,dublin,"TOWNSEND STREET","Townsend Street",53.3459,-6.25461,0,0,OPEN,"2025-02-22 19:06:59",1,0,{},17,2,10,7,0,7,20,17,2,10,7,0,7,20
22,dublin,"TOWNSEND STREET","Townsend Street",53.3459,-6.25461,0,0,OPEN,"2025-02-22 19:17:05",1,0,{},17,2,10,7,0,7,20,17,2,10,7,0,7,20
22,dublin,"TOWNSEND STREET","Townsend Street",53.3459,-6.25461,0,0,OPEN,"2025-02-22 19:27:11",1,0,{},16,3,10,6,0,6,20,16,3,10,6,0,6,20
22,dublin,"TOWNSEND STREET","Townsend Street",53.3459,-6.25461,0,0,OPEN,"2025-02-22 19:31:16",1,0,{},17,2,11,6,0,6,20,17,2,11,6,0,6,20
22,dublin,"TOWNSEND STREET","Townsend Street",53.3459,-6.25461,0,0,OPEN,"2025-02-22 19:37:17",1,0,{},17,2,11,6,0,6,20,17,2,11,6,0,6,20
22,dublin,"TOWNSEND STREET","Townsend Street",53.3459,-6.25461,0,0,OPEN,"2025-02-22 19:47:22",1,0,{},17,2,11,6,0,6,20,17,2,11,6,0,6,20
22,dublin,"TOWNSEND STREET","Townsend Street",53.3459,-6.25461,0,0,OPEN,"2025-02-22 19:58:05",1,0,{},18,1,12,6,0,6,20,18,1,12,6,0,6,20
22,dublin,"TOWNSEND STREET","Townsend Street",53.3459,-6.25461,0,0,OPEN,"2025-02-22 20:07:34",1,0,{},17,2,11,6,0,6,20,17,2,11,6,0,6,20
22,dublin,"TOWNSEND STREET","Townsend Street",53.3459,-6.25461,0,0,OPEN,"2025-02-22 20:11:33",1,0,{},18,1,12,6,0,6,20,18,1,12,6,0,6,20
22,dublin,"TOWNSEND STREET","Townsend Street",53.3459,-6.25461,0,0,OPEN,"2025-02-22 20:17:41",1,0,{},18,1,12,6,0,6,20,18,1,12,6,0,6,20
22,dublin,"TOWNSEND STREET","Townsend Street",53.3459,-6.25461,0,0,OPEN,"2025-02-22 20:27:46",1,0,{},18,1,12,6,0,6,20,18,1,12,6,0,6,20
22,dublin,"TOWNSEND STREET","Townsend Street",53.3459,-6.25461,0,0,OPEN,"2025-02-22 20:37:51",1,0,{},18,1,12,6,0,6,20,18,1,12,6,0,6,20
22,dublin,"TOWNSEND STREET","Townsend Street",53.3459,-6.25461,0,0,OPEN,"2025-02-22 20:47:58",1,0,{},17,2,11,6,0,6,20,17,2,11,6,0,6,20
22,dublin,"TOWNSEND STREET","Townsend Street",53.3459,-6.25461,0,0,OPEN,"2025-02-22 20:58:03",1,0,{},17,2,11,6,0,6,20,17,2,11,6,0,6,20
22,dublin,"TOWNSEND STREET","Townsend Street",53.3459,-6.25461,0,0,OPEN,"2025-02-22 21:08:09",1,0,{},17,2,11,6,0,6,20,17,2,11,6,0,6,20
22,dublin,"TOWNSEND STREET","Townsend Street",53.3459,-6.25461,0,0,OPEN,"2025-02-22 21:11:00",1,0,{},16,3,10,6,0,6,20,16,3,10,6,0,6,20
22,dublin,"TOWNSEND STREET","Townsend Street",53.3459,-6.25461,0,0,OPEN,"2025-02-22 21:18:16",1,0,{},16,3,10,6,0,6,20,16,3,10,6,0,6,20
22,dublin,"TOWNSEND STREET","Townsend Street",53.3459,-6.25461,0,0,OPEN,"2025-02-22 21:28:22",1,0,{},17,2,10,7,0,7,20,17,2,10,7,0,7,20
22,dublin,"TOWNSEND STREET","Townsend Street",53.3459,-6.25461,0,0,OPEN,"2025-02-22 21:38:29",1,0,{},18,1,10,8,0,8,20,18,1,10,8,0,8,20
22,dublin,"TOWNSEND STREET","Townsend Street",53.3459,-6.25461,0,0,OPEN,"2025-02-22 21:48:34",1,0,{},18,1,10,8,0,8,20,18,1,10,8,0,8,20
22,dublin,"TOWNSEND STREET","Townsend Street",53.3459,-6.25461,0,0,OPEN,"2025-02-22 21:58:41",1,0,{},18,1,10,8,0,8,20,18,1,10,8,0,8,20
22,dublin,"TOWNSEND STREET","Townsend Street",53.3459,-6.25461,0,0,OPEN,"2025-02-22 21:59:58",1,0,{},17,2,9,8,0,8,20,17,2,9,8,0,8,20
22,dublin,"TOWNSEND STREET","Townsend Street",53.3459,-6.25461,0,0,OPEN,"2025-02-22 22:08:50",1,0,{},18,1,10,8,0,8,20,18,1,10,8,0,8,20
23,dublin,"CUSTOM HOUSE","Custom House",53.3483,-6.25466,0,0,OPEN,"2025-02-22 02:55:14",1,0,{},15,15,8,7,0,7,30,15,15,8,7,0,7,30
23,dublin,"CUSTOM HOUSE","Custom House",53.3483,-6.25466,0,0,OPEN,"2025-02-22 03:05:19",1,0,{},15,15,8,7,0,7,30,15,15,8,7,0,7,30
23,dublin,"CUSTOM HOUSE","Custom House",53.3483,-6.25466,0,0,OPEN,"2025-02-22 03:15:25",1,0,{},15,15,8,7,0,7,30,15,15,8,7,0,7,30
23,dublin,"CUSTOM HOUSE","Custom House",53.3483,-6.25466,0,0,OPEN,"2025-02-22 10:11:41",1,0,{},17,13,8,9,0,9,30,17,13,8,9,0,9,30
23,dublin,"CUSTOM HOUSE","Custom House",53.3483,-6.25466,0,0,OPEN,"2025-02-22 10:23:32",1,0,{},16,14,7,9,0,9,30,16,14,7,9,0,9,30
23,dublin,"CUSTOM HOUSE","Custom House",53.3483,-6.25466,0,0,OPEN,"2025-02-22 10:31:51",1,0,{},16,14,7,9,0,9,30,16,14,7,9,0,9,30
23,dublin,"CUSTOM HOUSE","Custom House",53.3483,-6.25466,0,0,OPEN,"2025-02-22 10:36:33",1,0,{},17,13,8,9,0,9,30,17,13,8,9,0,9,30
23,dublin,"CUSTOM HOUSE","Custom House",53.3483,-6.25466,0,0,OPEN,"2025-02-22 10:41:54",1,0,{},17,13,8,9,0,9,30,17,13,8,9,0,9,30
23,dublin,"CUSTOM HOUSE","Custom House",53.3483,-6.25466,0,0,OPEN,"2025-02-22 10:53:32",1,0,{},18,12,9,9,0,9,30,18,12,9,9,0,9,30
23,dublin,"CUSTOM HOUSE","Custom House",53.3483,-6.25466,0,0,OPEN,"2025-02-22 10:53:57",1,0,{},18,12,9,9,0,9,30,18,12,9,9,0,9,30
23,dublin,"CUSTOM HOUSE","Custom House",53.3483,-6.25466,0,0,OPEN,"2025-02-22 11:02:03",1,0,{},18,12,9,9,0,9,30,18,12,9,9,0,9,30
23,dublin,"CUSTOM HOUSE","Custom House",53.3483,-6.25466,0,0,OPEN,"2025-02-22 11:12:07",1,0,{},18,12,9,9,0,9,30,18,12,9,9,0,9,30
23,dublin,"CUSTOM HOUSE","Custom House",53.3483,-6.25466,0,0,OPEN,"2025-02-22 11:16:45",1,0,{},17,13,8,9,0,9,30,17,13,8,9,0,9,30
23,dublin,"CUSTOM HOUSE","Custom House",53.3483,-6.25466,0,0,OPEN,"2025-02-22 11:22:17",1,0,{},17,13,8,9,0,9,30,17,13,8,9,0,9,30
23,dublin,"CUSTOM HOUSE","Custom House",53.3483,-6.25466,0,0,OPEN,"2025-02-22 11:26:23",1,0,{},16,14,7,9,0,9,30,16,14,7,9,0,9,30
23,dublin,"CUSTOM HOUSE","Custom House",53.3483,-6.25466,0,0,OPEN,"2025-02-22 11:33:13",1,0,{},17,13,8,9,0,9,30,17,13,8,9,0,9,30
23,dublin,"CUSTOM HOUSE","Custom House",53.3483,-6.25466,0,0,OPEN,"2025-02-22 11:42:25",1,0,{},16,14,7,9,0,9,30,16,14,7,9,0,9,30
23,dublin,"CUSTOM HOUSE","Custom House",53.3483,-6.25466,0,0,OPEN,"2025-02-22 11:52:28",1,0,{},16,14,7,9,0,9,30,16,14,7,9,0,9,30
23,dublin,"CUSTOM HOUSE","Custom House",53.3483,-6.25466,0,0,OPEN,"2025-02-22 11:56:24",1,0,{},16,14,7,9,0,9,30,16,14,7,9,0,9,30
23,dublin,"CUSTOM HOUSE","Custom House",53.3483,-6.25466,0,0,OPEN,"2025-02-22 12:02:34",1,0,{},17,13,7,10,0,10,30,17,13,7,10,0,10,30
23,dublin,"CUSTOM HOUSE","Custom House",53.3483,-6.25466,0,0,OPEN,"2025-02-22 12:12:37",1,0,{},17,13,7,10,0,10,30,17,13,7,10,0,10,30
23,dublin,"CUSTOM HOUSE","Custom House",53.3483,-6.25466,0,0,OPEN,"2025-02-22 12:15:13",1,0,{},18,12,8,10,0,10,30,18,12,8,10,0,10,30
23,dublin,"CUSTOM HOUSE","Custom House",53.3483,-6.25466,0,0,OPEN,"2025-02-22 12:22:42",1,0,{},19,11,9,10,0,10,30,19,11,9,10,0,10,30
23,dublin,"CUSTOM HOUSE","Custom House",53.3483,-6.25466,0,0,OPEN,"2025-02-22 12:32:50",1,0,{},21,9,12,9,0,9,30,21,9,12,9,0,9,30
23,dublin,"CUSTOM HOUSE","Custom House",53.3483,-6.25466,0,0,OPEN,"2025-02-22 12:42:54",1,0,{},21,9,12,9,0,9,30,21,9,12,9,0,9,30
23,dublin,"CUSTOM HOUSE","Custom House",53.3483,-6.25466,0,0,OPEN,"2025-02-22 12:52:58",1,0,{},21,9,12,9,0,9,30,21,9,12,9,0,9,30
23,dublin,"CUSTOM HOUSE","Custom House",53.3483,-6.25466,0,0,OPEN,"2025-02-22 13:03:10",1,0,{},21,8,12,9,0,9,30,21,8,12,9,0,9,30
23,dublin,"CUSTOM HOUSE","Custom House",53.3483,-6.25466,0,0,OPEN,"2025-02-22 13:13:07",1,0,{},21,8,12,9,0,9,30,21,8,12,9,0,9,30
23,dublin,"CUSTOM HOUSE","Custom House",53.3483,-6.25466,0,0,OPEN,"2025-02-22 13:23:11",1,0,{},21,8,12,9,0,9,30,21,8,12,9,0,9,30
23,dublin,"CUSTOM HOUSE","Custom House",53.3483,-6.25466,0,0,OPEN,"2025-02-22 13:33:15",1,0,{},21,8,12,9,0,9,30,21,8,12,9,0,9,30
23,dublin,"CUSTOM HOUSE","Custom House",53.3483,-6.25466,0,0,OPEN,"2025-02-22 13:43:19",1,0,{},21,8,12,9,0,9,30,21,8,12,9,0,9,30
23,dublin,"CUSTOM HOUSE","Custom House",53.3483,-6.25466,0,0,OPEN,"2025-02-22 13:46:44",1,0,{},29,0,17,12,0,12,30,29,0,17,12,0,12,30
23,dublin,"CUSTOM HOUSE","Custom House",53.3483,-6.25466,0,0,OPEN,"2025-02-22 13:53:25",1,0,{},29,0,17,12,0,12,30,29,0,17,12,0,12,30
23,dublin,"CUSTOM HOUSE","Custom House",53.3483,-6.25466,0,0,OPEN,"2025-02-22 14:03:29",1,0,{},29,0,17,12,0,12,30,29,0,17,12,0,12,30
23,dublin,"CUSTOM HOUSE","Custom House",53.3483,-6.25466,0,0,OPEN,"2025-02-22 14:06:02",1,0,{},29,0,17,12,0,12,30,29,0,17,12,0,12,30
23,dublin,"CUSTOM HOUSE","Custom House",53.3483,-6.25466,0,0,OPEN,"2025-02-22 14:13:33",1,0,{},29,0,17,12,0,12,30,29,0,17,12,0,12,30
23,dublin,"CUSTOM HOUSE","Custom House",53.3483,-6.25466,0,0,OPEN,"2025-02-22 14:22:10",1,0,{},30,0,18,12,0,12,30,30,0,18,12,0,12,30
23,dublin,"CUSTOM HOUSE","Custom House",53.3483,-6.25466,0,0,OPEN,"2025-02-22 14:24:23",1,0,{},24,6,13,11,0,11,30,24,6,13,11,0,11,30
23,dublin,"CUSTOM HOUSE","Custom House",53.3483,-6.25466,0,0,OPEN,"2025-02-22 14:33:31",1,0,{},19,11,12,7,0,7,30,19,11,12,7,0,7,30
23,dublin,"CUSTOM HOUSE","Custom House",53.3483,-6.25466,0,0,OPEN,"2025-02-22 14:34:19",1,0,{},13,17,7,6,0,6,30,13,17,7,6,0,6,30
23,dublin,"CUSTOM HOUSE","Custom House",53.3483,-6.25466,0,0,OPEN,"2025-02-22 14:46:38",1,0,{},15,15,9,6,0,6,30,15,15,9,6,0,6,30
23,dublin,"CUSTOM HOUSE","Custom House",53.3483,-6.25466,0,0,OPEN,"2025-02-22 14:48:57",1,0,{},17,13,9,8,0,8,30,17,13,9,8,0,8,30
23,dublin,"CUSTOM HOUSE","Custom House",53.3483,-6.25466,0,0,OPEN,"2025-02-22 14:54:01",1,0,{},17,13,9,8,0,8,30,17,13,9,8,0,8,30
23,dublin,"CUSTOM HOUSE","Custom House",53.3483,-6.25466,0,0,OPEN,"2025-02-22 15:06:50",1,0,{},18,12,10,8,0,8,30,18,12,10,8,0,8,30
23,dublin,"CUSTOM HOUSE","Custom House",53.3483,-6.25466,0,0,OPEN,"2025-02-22 15:12:17",1,0,{},16,14,8,8,0,8,30,16,14,8,8,0,8,30
23,dublin,"CUSTOM HOUSE","Custom House",53.3483,-6.25466,0,0,OPEN,"2025-02-22 15:18:18",1,0,{},17,13,10,7,0,7,30,17,13,10,7,0,7,30
23,dublin,"CUSTOM HOUSE","Custom House",53.3483,-6.25466,0,0,OPEN,"2025-02-22 15:18:46",1,0,{},16,14,9,7,0,7,30,16,14,9,7,0,7,30
23,dublin,"CUSTOM HOUSE","Custom House",53.3483,-6.25466,0,0,OPEN,"2025-02-22 15:24:20",1,0,{},16,14,9,7,0,7,30,16,14,9,7,0,7,30
23,dublin,"CUSTOM HOUSE","Custom House",53.3483,-6.25466,0,0,OPEN,"2025-02-22 15:35:15",1,0,{},19,10,9,10,0,10,30,19,10,9,10,0,10,30
23,dublin,"CUSTOM HOUSE","Custom House",53.3483,-6.25466,0,0,OPEN,"2025-02-22 15:47:17",1,0,{},19,10,9,10,0,10,30,19,10,9,10,0,10,30
23,dublin,"CUSTOM HOUSE","Custom House",53.3483,-6.25466,0,0,OPEN,"2025-02-22 15:52:49",1,0,{},20,9,10,10,0,10,30,20,9,10,10,0,10,30
23,dublin,"CUSTOM HOUSE","Custom House",53.3483,-6.25466,0,0,OPEN,"2025-02-22 15:57:21",1,0,{},20,9,10,10,0,10,30,20,9,10,10,0,10,30
23,dublin,"CUSTOM HOUSE","Custom House",53.3483,-6.25466,0,0,OPEN,"2025-02-22 15:59:44",1,0,{},21,8,11,10,0,10,30,21,8,11,10,0,10,30
23,dublin,"CUSTOM HOUSE","Custom House",53.3483,-6.25466,0,0,OPEN,"2025-02-22 16:07:27",1,0,{},21,8,11,10,0,10,30,21,8,11,10,0,10,30
23,dublin,"CUSTOM HOUSE","Custom House",53.3483,-6.25466,0,0,OPEN,"2025-02-22 16:18:08",1,0,{},22,8,12,10,0,10,30,22,8,12,10,0,10,30
23,dublin,"CUSTOM HOUSE","Custom House",53.3483,-6.25466,0,0,OPEN,"2025-02-22 16:21:51",1,0,{},20,10,12,8,0,8,30,20,10,12,8,0,8,30
23,dublin,"CUSTOM HOUSE","Custom House",53.3483,-6.25466,0,0,OPEN,"2025-02-22 16:27:45",1,0,{},20,10,12,8,0,8,30,20,10,12,8,0,8,30
23,dublin,"CUSTOM HOUSE","Custom House",53.3483,-6.25466,0,0,OPEN,"2025-02-22 16:37:50",1,0,{},20,10,12,8,0,8,30,20,10,12,8,0,8,30
23,dublin,"CUSTOM HOUSE","Custom House",53.3483,-6.25466,0,0,OPEN,"2025-02-22 16:40:19",1,0,{},20,10,12,8,0,8,30,20,10,12,8,0,8,30
23,dublin,"CUSTOM HOUSE","Custom House",53.3483,-6.25466,0,0,OPEN,"2025-02-22 16:47:56",1,0,{},20,10,12,8,0,8,30,20,10,12,8,0,8,30
23,dublin,"CUSTOM HOUSE","Custom House",53.3483,-6.25466,0,0,OPEN,"2025-02-22 16:58:01",1,0,{},20,10,12,8,0,8,30,20,10,12,8,0,8,30
23,dublin,"CUSTOM HOUSE","Custom House",53.3483,-6.25466,0,0,OPEN,"2025-02-22 17:08:06",1,0,{},20,10,12,8,0,8,30,20,10,12,8,0,8,30
23,dublin,"CUSTOM HOUSE","Custom House",53.3483,-6.25466,0,0,OPEN,"2025-02-22 17:11:48",1,0,{},19,11,12,7,0,7,30,19,11,12,7,0,7,30
23,dublin,"CUSTOM HOUSE","Custom House",53.3483,-6.25466,0,0,OPEN,"2025-02-22 17:18:14",1,0,{},19,11,12,7,0,7,30,19,11,12,7,0,7,30
23,dublin,"CUSTOM HOUSE","Custom House",53.3483,-6.25466,0,0,OPEN,"2025-02-22 17:28:19",1,0,{},19,11,12,7,0,7,30,19,11,12,7,0,7,30
23,dublin,"CUSTOM HOUSE","Custom House",53.3483,-6.25466,0,0,OPEN,"2025-02-22 17:38:30",1,0,{},22,8,15,7,0,7,30,22,8,15,7,0,7,30
23,dublin,"CUSTOM HOUSE","Custom House",53.3483,-6.25466,0,0,OPEN,"2025-02-22 17:48:35",1,0,{},22,8,15,7,0,7,30,22,8,15,7,0,7,30
23,dublin,"CUSTOM HOUSE","Custom House",53.3483,-6.25466,0,0,OPEN,"2025-02-22 17:58:41",1,0,{},22,8,15,7,0,7,30,22,8,15,7,0,7,30
23,dublin,"CUSTOM HOUSE","Custom House",53.3483,-6.25466,0,0,OPEN,"2025-02-22 18:08:46",1,0,{},22,8,15,7,0,7,30,22,8,15,7,0,7,30
23,dublin,"CUSTOM HOUSE","Custom House",53.3483,-6.25466,0,0,OPEN,"2025-02-22 18:13:55",1,0,{},22,8,15,7,0,7,30,22,8,15,7,0,7,30
23,dublin,"CUSTOM HOUSE","Custom House",53.3483,-6.25466,0,0,OPEN,"2025-02-22 18:23:18",1,0,{},20,10,13,7,0,7,30,20,10,13,7,0,7,30
23,dublin,"CUSTOM HOUSE","Custom House",53.3483,-6.25466,0,0,OPEN,"2025-02-22 18:29:14",1,0,{},21,9,13,8,0,8,30,21,9,13,8,0,8,30
23,dublin,"CUSTOM HOUSE","Custom House",53.3483,-6.25466,0,0,OPEN,"2025-02-22 18:39:24",1,0,{},20,10,13,7,0,7,30,20,10,13,7,0,7,30
23,dublin,"CUSTOM HOUSE","Custom House",53.3483,-6.25466,0,0,OPEN,"2025-02-22 18:49:14",1,0,{},20,10,12,8,0,8,30,20,10,12,8,0,8,30
23,dublin,"CUSTOM HOUSE","Custom House",53.3483,-6.25466,0,0,OPEN,"2025-02-22 18:54:20",1,0,{},24,6,16,8,0,8,30,24,6,16,8,0,8,30
23,dublin,"CUSTOM HOUSE","Custom House",53.3483,-6.25466,0,0,OPEN,"2025-02-22 18:59:20",1,0,{},23,7,16,7,0,7,30,23,7,16,7,0,7,30
23,dublin,"CUSTOM HOUSE","Custom House",53.3483,-6.25466,0,0,OPEN,"2025-02-22 19:04:22",1,0,{},22,8,15,7,0,7,30,22,8,15,7,0,7,30
23,dublin,"CUSTOM HOUSE","Custom House",53.3483,-6.25466,0,0,OPEN,"2025-02-22 19:09:30",1,0,{},21,9,15,6,0,6,30,21,9,15,6,0,6,30
23,dublin,"CUSTOM HOUSE","Custom House",53.3483,-6.25466,0,0,OPEN,"2025-02-22 19:10:56",1,0,{},22,8,15,7,0,7,30,22,8,15,7,0,7,30
23,dublin,"CUSTOM HOUSE","Custom House",53.3483,-6.25466,0,0,OPEN,"2025-02-22 19:19:35",1,0,{},22,8,15,7,0,7,30,22,8,15,7,0,7,30
23,dublin,"CUSTOM HOUSE","Custom House",53.3483,-6.25466,0,0,OPEN,"2025-02-22 19:29:40",1,0,{},22,8,15,7,0,7,30,22,8,15,7,0,7,30
23,dublin,"CUSTOM HOUSE","Custom House",53.3483,-6.25466,0,0,OPEN,"2025-02-22 19:39:45",1,0,{},22,8,15,7,0,7,30,22,8,15,7,0,7,30
23,dublin,"CUSTOM HOUSE","Custom House",53.3483,-6.25466,0,0,OPEN,"2025-02-22 19:53:20",1,0,{},23,7,15,8,0,8,30,23,7,15,8,0,8,30
23,dublin,"CUSTOM HOUSE","Custom House",53.3483,-6.25466,0,0,OPEN,"2025-02-22 20:03:08",1,0,{},25,5,17,8,0,8,30,25,5,17,8,0,8,30
23,dublin,"CUSTOM HOUSE","Custom House",53.3483,-6.25466,0,0,OPEN,"2025-02-22 20:10:02",1,0,{},25,5,17,8,0,8,30,25,5,17,8,0,8,30
23,dublin,"CUSTOM HOUSE","Custom House",53.3483,-6.25466,0,0,OPEN,"2025-02-22 20:20:07",1,0,{},25,5,17,8,0,8,30,25,5,17,8,0,8,30
23,dublin,"CUSTOM HOUSE","Custom House",53.3483,-6.25466,0,0,OPEN,"2025-02-22 20:29:22",1,0,{},27,3,18,9,0,9,30,27,3,18,9,0,9,30
23,dublin,"CUSTOM HOUSE","Custom House",53.3483,-6.25466,0,0,OPEN,"2025-02-22 20:30:14",1,0,{},27,3,18,9,0,9,30,27,3,18,9,0,9,30
23,dublin,"CUSTOM HOUSE","Custom House",53.3483,-6.25466,0,0,OPEN,"2025-02-22 20:40:20",1,0,{},27,3,18,9,0,9,30,27,3,18,9,0,9,30
23,dublin,"CUSTOM HOUSE","Custom House",53.3483,-6.25466,0,0,OPEN,"2025-02-22 20:50:25",1,0,{},27,3,18,9,0,9,30,27,3,18,9,0,9,30
23,dublin,"CUSTOM HOUSE","Custom House",53.3483,-6.25466,0,0,OPEN,"2025-02-22 20:55:32",1,0,{},28,2,19,9,0,9,30,28,2,19,9,0,9,30
23,dublin,"CUSTOM HOUSE","Custom House",53.3483,-6.25466,0,0,OPEN,"2025-02-22 21:00:32",1,0,{},28,2,19,9,0,9,30,28,2,19,9,0,9,30
23,dublin,"CUSTOM HOUSE","Custom House",53.3483,-6.25466,0,0,OPEN,"2025-02-22 21:10:37",1,0,{},28,2,19,9,0,9,30,28,2,19,9,0,9,30
23,dublin,"CUSTOM HOUSE","Custom House",53.3483,-6.25466,0,0,OPEN,"2025-02-22 21:19:14",1,0,{},27,3,18,9,0,9,30,27,3,18,9,0,9,30
23,dublin,"CUSTOM HOUSE","Custom House",53.3483,-6.25466,0,0,OPEN,"2025-02-22 21:23:55",1,0,{},26,4,18,8,0,8,30,26,4,18,8,0,8,30
23,dublin,"CUSTOM HOUSE","Custom House",53.3483,-6.25466,0,0,OPEN,"2025-02-22 21:26:01",1,0,{},27,3,18,9,0,9,30,27,3,18,9,0,9,30
23,dublin,"CUSTOM HOUSE","Custom House",53.3483,-6.25466,0,0,OPEN,"2025-02-22 21:34:09",1,0,{},26,4,17,9,0,9,30,26,4,17,9,0,9,30
23,dublin,"CUSTOM HOUSE","Custom House",53.3483,-6.25466,0,0,OPEN,"2025-02-22 21:44:05",1,0,{},28,2,18,10,0,10,30,28,2,18,10,0,10,30
23,dublin,"CUSTOM HOUSE","Custom House",53.3483,-6.25466,0,0,OPEN,"2025-02-22 21:46:27",1,0,{},27,3,17,10,0,10,30,27,3,17,10,0,10,30
23,dublin,"CUSTOM HOUSE","Custom House",53.3483,-6.25466,0,0,OPEN,"2025-02-22 21:51:05",1,0,{},27,3,17,10,0,10,30,27,3,17,10,0,10,30
23,dublin,"CUSTOM HOUSE","Custom House",53.3483,-6.25466,0,0,OPEN,"2025-02-22 21:55:49",1,0,{},26,4,17,9,0,9,30,26,4,17,9,0,9,30
23,dublin,"CUSTOM HOUSE","Custom House",53.3483,-6.25466,0,0,OPEN,"2025-02-22 22:01:11",1,0,{},26,4,17,9,0,9,30,26,4,17,9,0,9,30
23,dublin,"CUSTOM HOUSE","Custom House",53.3483,-6.25466,0,0,OPEN,"2025-02-22 22:07:42",1,0,{},25,5,16,9,0,9,30,25,5,16,9,0,9,30
23,dublin,"CUSTOM HOUSE","Custom House",53.3483,-6.25466,0,0,OPEN,"2025-02-22 22:11:18",1,0,{},25,5,16,9,0,9,30,25,5,16,9,0,9,30
24,dublin,"CATHAL BRUGHA STREET","Cathal Brugha Street",53.3521,-6.26053,0,0,OPEN,"2025-02-22 02:54:40",1,0,{},8,12,2,6,0,6,20,8,12,2,6,0,6,20
24,dublin,"CATHAL BRUGHA STREET","Cathal Brugha Street",53.3521,-6.26053,0,0,OPEN,"2025-02-22 03:04:45",1,0,{},8,12,2,6,0,6,20,8,12,2,6,0,6,20
24,dublin,"CATHAL BRUGHA STREET","Cathal Brugha Street",53.3521,-6.26053,0,0,OPEN,"2025-02-22 03:14:51",1,0,{},8,12,2,6,0,6,20,8,12,2,6,0,6,20
24,dublin,"CATHAL BRUGHA STREET","Cathal Brugha Street",53.3521,-6.26053,0,0,OPEN,"2025-02-22 10:11:40",1,0,{},7,13,3,4,0,4,20,7,13,3,4,0,4,20
24,dublin,"CATHAL BRUGHA STREET","Cathal Brugha Street",53.3521,-6.26053,0,0,OPEN,"2025-02-22 10:18:16",1,0,{},7,13,3,4,0,4,20,7,13,3,4,0,4,20
24,dublin,"CATHAL BRUGHA STREET","Cathal Brugha Street",53.3521,-6.26053,0,0,OPEN,"2025-02-22 10:22:00",1,0,{},8,12,4,4,0,4,20,8,12,4,4,0,4,20
24,dublin,"CATHAL BRUGHA STREET","Cathal Brugha Street",53.3521,-6.26053,0,0,OPEN,"2025-02-22 10:31:50",1,0,{},8,12,4,4,0,4,20,8,12,4,4,0,4,20
24,dublin,"CATHAL BRUGHA STREET","Cathal Brugha Street",53.3521,-6.26053,0,0,OPEN,"2025-02-22 10:41:55",1,0,{},8,12,4,4,0,4,20,8,12,4,4,0,4,20
24,dublin,"CATHAL BRUGHA STREET","Cathal Brugha Street",53.3521,-6.26053,0,0,OPEN,"2025-02-22 10:52:13",1,0,{},9,11,5,4,0,4,20,9,11,5,4,0,4,20
24,dublin,"CATHAL BRUGHA STREET","Cathal Brugha Street",53.3521,-6.26053,0,0,OPEN,"2025-02-22 10:57:51",1,0,{},10,10,6,4,0,4,20,10,10,6,4,0,4,20
24,dublin,"CATHAL BRUGHA STREET","Cathal Brugha Street",53.3521,-6.26053,0,0,OPEN,"2025-02-22 11:02:04",1,0,{},10,10,6,4,0,4,20,10,10,6,4,0,4,20
24,dublin,"CATHAL BRUGHA STREET","Cathal Brugha Street",53.3521,-6.26053,0,0,OPEN,"2025-02-22 11:06:11",1,0,{},11,9,6,5,0,5,20,11,9,6,5,0,5,20
24,dublin,"CATHAL BRUGHA STREET","Cathal Brugha Street",53.3521,-6.26053,0,0,OPEN,"2025-02-22 11:12:09",1,0,{},11,9,6,5,0,5,20,11,9,6,5,0,5,20
24,dublin,"CATHAL BRUGHA STREET","Cathal Brugha Street",53.3521,-6.26053,0,0,OPEN,"2025-02-22 11:18:17",1,0,{},10,10,6,4,0,4,20,10,10,6,4,0,4,20
24,dublin,"CATHAL BRUGHA STREET","Cathal Brugha Street",53.3521,-6.26053,0,0,OPEN,"2025-02-22 11:22:17",1,0,{},8,12,5,3,0,3,20,8,12,5,3,0,3,20
24,dublin,"CATHAL BRUGHA STREET","Cathal Brugha Street",53.3521,-6.26053,0,0,OPEN,"2025-02-22 11:32:21",1,0,{},8,12,5,3,0,3,20,8,12,5,3,0,3,20
24,dublin,"CATHAL BRUGHA STREET","Cathal Brugha Street",53.3521,-6.26053,0,0,OPEN,"2025-02-22 11:42:25",1,0,{},8,12,5,3,0,3,20,8,12,5,3,0,3,20
24,dublin,"CATHAL BRUGHA STREET","Cathal Brugha Street",53.3521,-6.26053,0,0,OPEN,"2025-02-22 11:52:29",1,0,{},8,12,5,3,0,3,20,8,12,5,3,0,3,20
24,dublin,"CATHAL BRUGHA STREET","Cathal Brugha Street",53.3521,-6.26053,0,0,OPEN,"2025-02-22 11:57:50",1,0,{},9,11,6,3,0,3,20,9,11,6,3,0,3,20
24,dublin,"CATHAL BRUGHA STREET","Cathal Brugha Street",53.3521,-6.26053,0,0,OPEN,"2025-02-22 12:02:33",1,0,{},10,10,7,3,0,3,20,10,10,7,3,0,3,20
24,dublin,"CATHAL BRUGHA STREET","Cathal Brugha Street",53.3521,-6.26053,0,0,OPEN,"2025-02-22 12:12:39",1,0,{},9,11,6,3,0,3,20,9,11,6,3,0,3,20
24,dublin,"CATHAL BRUGHA STREET","Cathal Brugha Street",53.3521,-6.26053,0,0,OPEN,"2025-02-22 12:16:35",1,0,{},9,11,6,3,0,3,20,9,11,6,3,0,3,20
24,dublin,"CATHAL BRUGHA STREET","Cathal Brugha Street",53.3521,-6.26053,0,0,OPEN,"2025-02-22 12:23:31",1,0,{},14,6,9,5,0,5,20,14,6,9,5,0,5,20
24,dublin,"CATHAL BRUGHA STREET","Cathal Brugha Street",53.3521,-6.26053,0,0,OPEN,"2025-02-22 12:27:38",1,0,{},15,5,10,5,0,5,20,15,5,10,5,0,5,20
24,dublin,"CATHAL BRUGHA STREET","Cathal Brugha Street",53.3521,-6.26053,0,0,OPEN,"2025-02-22 12:32:56",1,0,{},16,4,11,5,0,5,20,16,4,11,5,0,5,20
24,dublin,"CATHAL BRUGHA STREET","Cathal Brugha Street",53.3521,-6.26053,0,0,OPEN,"2025-02-22 12:43:02",1,0,{},15,5,10,5,0,5,20,15,5,10,5,0,5,20
24,dublin,"CATHAL BRUGHA STREET","Cathal Brugha Street",53.3521,-6.26053,0,0,OPEN,"2025-02-22 12:47:36",1,0,{},16,4,11,5,0,5,20,16,4,11,5,0,5,20
24,dublin,"CATHAL BRUGHA STREET","Cathal Brugha Street",53.3521,-6.26053,0,0,OPEN,"2025-02-22 12:53:07",1,0,{},15,5,10,5,0,5,20,15,5,10,5,0,5,20
24,dublin,"CATHAL BRUGHA STREET","Cathal Brugha Street",53.3521,-6.26053,0,0,OPEN,"2025-02-22 12:55:13",1,0,{},14,6,10,4,0,4,20,14,6,10,4,0,4,20
24,dublin,"CATHAL BRUGHA STREET","Cathal Brugha Street",53.3521,-6.26053,0,0,OPEN,"2025-02-22 13:03:13",1,0,{},14,6,10,4,0,4,20,14,6,10,4,0,4,20
24,dublin,"CATHAL BRUGHA STREET","Cathal Brugha Street",53.3521,-6.26053,0,0,OPEN,"2025-02-22 13:07:49",1,0,{},15,5,11,4,0,4,20,15,5,11,4,0,4,20
24,dublin,"CATHAL BRUGHA STREET","Cathal Brugha Street",53.3521,-6.26053,0,0,OPEN,"2025-02-22 13:13:18",1,0,{},15,5,11,4,0,4,20,15,5,11,4,0,4,20
24,dublin,"CATHAL BRUGHA STREET","Cathal Brugha Street",53.3521,-6.26053,0,0,OPEN,"2025-02-22 13:14:35",1,0,{},16,4,12,4,0,4,20,16,4,12,4,0,4,20
24,dublin,"CATHAL BRUGHA STREET","Cathal Brugha Street",53.3521,-6.26053,0,0,OPEN,"2025-02-22 13:23:23",1,0,{},16,4,12,4,0,4,20,16,4,12,4,0,4,20
24,dublin,"CATHAL BRUGHA STREET","Cathal Brugha Street",53.3521,-6.26053,0,0,OPEN,"2025-02-22 13:26:31",1,0,{},17,3,13,4,0,4,20,17,3,13,4,0,4,20
24,dublin,"CATHAL BRUGHA STREET","Cathal Brugha Street",53.3521,-6.26053,0,0,OPEN,"2025-02-22 13:33:29",1,0,{},18,2,14,4,0,4,20,18,2,14,4,0,4,20
24,dublin,"CATHAL BRUGHA STREET","Cathal Brugha Street",53.3521,-6.26053,0,0,OPEN,"2025-02-22 13:39:32",1,0,{},19,1,14,5,0,5,20,19,1,14,5,0,5,20
24,dublin,"CATHAL BRUGHA STREET","Cathal Brugha Street",53.3521,-6.26053,0,0,OPEN,"2025-02-22 13:43:33",1,0,{},19,1,14,5,0,5,20,19,1,14,5,0,5,20
24,dublin,"CATHAL BRUGHA STREET","Cathal Brugha Street",53.3521,-6.26053,0,0,OPEN,"2025-02-22 13:53:37",1,0,{},19,1,14,5,0,5,20,19,1,14,5,0,5,20
24,dublin,"CATHAL BRUGHA STREET","Cathal Brugha Street",53.3521,-6.26053,0,0,OPEN,"2025-02-22 14:03:41",1,0,{},19,1,14,5,0,5,20,19,1,14,5,0,5,20
24,dublin,"CATHAL BRUGHA STREET","Cathal Brugha Street",53.3521,-6.26053,0,0,OPEN,"2025-02-22 14:09:26",1,0,{},18,2,14,4,0,4,20,18,2,14,4,0,4,20
24,dublin,"CATHAL BRUGHA STREET","Cathal Brugha Street",53.3521,-6.26053,0,0,OPEN,"2025-02-22 14:13:48",1,0,{},18,2,14,4,0,4,20,18,2,14,4,0,4,20
24,dublin,"CATHAL BRUGHA STREET","Cathal Brugha Street",53.3521,-6.26053,0,0,OPEN,"2025-02-22 14:19:05",1,0,{},19,1,15,4,0,4,20,19,1,15,4,0,4,20
24,dublin,"CATHAL BRUGHA STREET","Cathal Brugha Street",53.3521,-6.26053,0,0,OPEN,"2025-02-22 14:25:57",1,0,{},20,0,15,5,0,5,20,20,0,15,5,0,5,20
24,dublin,"CATHAL BRUGHA STREET","Cathal Brugha Street",53.3521,-6.26053,0,0,OPEN,"2025-02-22 14:33:56",1,0,{},20,0,15,5,0,5,20,20,0,15,5,0,5,20
24,dublin,"CATHAL BRUGHA STREET","Cathal Brugha Street",53.3521,-6.26053,0,0,OPEN,"2025-02-22 14:42:28",1,0,{},19,1,14,5,0,5,20,19,1,14,5,0,5,20
24,dublin,"CATHAL BRUGHA STREET","Cathal Brugha Street",53.3521,-6.26053,0,0,OPEN,"2025-02-22 14:44:02",1,0,{},19,1,14,5,0,5,20,19,1,14,5,0,5,20
24,dublin,"CATHAL BRUGHA STREET","Cathal Brugha Street",53.3521,-6.26053,0,0,OPEN,"2025-02-22 14:52:20",1,0,{},19,1,14,5,0,5,20,19,1,14,5,0,5,20
24,dublin,"CATHAL BRUGHA STREET","Cathal Brugha Street",53.3521,-6.26053,0,0,OPEN,"2025-02-22 14:54:07",1,0,{},20,0,14,6,0,6,20,20,0,14,6,0,6,20
24,dublin,"CATHAL BRUGHA STREET","Cathal Brugha Street",53.3521,-6.26053,0,0,OPEN,"2025-02-22 15:04:11",1,0,{},20,0,14,6,0,6,20,20,0,14,6,0,6,20
24,dublin,"CATHAL BRUGHA STREET","Cathal Brugha Street",53.3521,-6.26053,0,0,OPEN,"2025-02-22 15:12:26",1,0,{},18,2,14,4,0,4,20,18,2,14,4,0,4,20
24,dublin,"CATHAL BRUGHA STREET","Cathal Brugha Street",53.3521,-6.26053,0,0,OPEN,"2025-02-22 15:14:17",1,0,{},18,2,14,4,0,4,20,18,2,14,4,0,4,20
24,dublin,"CATHAL BRUGHA STREET","Cathal Brugha Street",53.3521,-6.26053,0,0,OPEN,"2025-02-22 15:20:27",1,0,{},18,2,13,5,0,5,20,18,2,13,5,0,5,20
24,dublin,"CATHAL BRUGHA STREET","Cathal Brugha Street",53.3521,-6.26053,0,0,OPEN,"2025-02-22 15:25:42",1,0,{},19,1,13,6,0,6,20,19,1,13,6,0,6,20
24,dublin,"CATHAL BRUGHA STREET","Cathal Brugha Street",53.3521,-6.26053,0,0,OPEN,"2025-02-22 15:30:35",1,0,{},20,0,14,6,0,6,20,20,0,14,6,0,6,20
24,dublin,"CATHAL BRUGHA STREET","Cathal Brugha Street",53.3521,-6.26053,0,0,OPEN,"2025-02-22 15:34:30",1,0,{},20,0,14,6,0,6,20,20,0,14,6,0,6,20
24,dublin,"CATHAL BRUGHA STREET","Cathal Brugha Street",53.3521,-6.26053,0,0,OPEN,"2025-02-22 15:44:34",1,0,{},20,0,14,6,0,6,20,20,0,14,6,0,6,20
24,dublin,"CATHAL BRUGHA STREET","Cathal Brugha Street",53.3521,-6.26053,0,0,OPEN,"2025-02-22 15:54:38",1,0,{},20,0,14,6,0,6,20,20,0,14,6,0,6,20
24,dublin,"CATHAL BRUGHA STREET","Cathal Brugha Street",53.3521,-6.26053,0,0,OPEN,"2025-02-22 16:02:33",1,0,{},19,1,14,5,0,5,20,19,1,14,5,0,5,20
24,dublin,"CATHAL BRUGHA STREET","Cathal Brugha Street",53.3521,-6.26053,0,0,OPEN,"2025-02-22 16:04:43",1,0,{},20,0,15,5,0,5,20,20,0,15,5,0,5,20
24,dublin,"CATHAL BRUGHA STREET","Cathal Brugha Street",53.3521,-6.26053,0,0,OPEN,"2025-02-22 16:11:26",1,0,{},19,0,15,4,0,4,20,19,0,15,4,0,4,20
24,dublin,"CATHAL BRUGHA STREET","Cathal Brugha Street",53.3521,-6.26053,0,0,OPEN,"2025-02-22 16:18:17",1,0,{},19,1,15,4,0,4,20,19,1,15,4,0,4,20
24,dublin,"CATHAL BRUGHA STREET","Cathal Brugha Street",53.3521,-6.26053,0,0,OPEN,"2025-02-22 16:23:14",1,0,{},20,0,15,5,0,5,20,20,0,15,5,0,5,20
24,dublin,"CATHAL BRUGHA STREET","Cathal Brugha Street",53.3521,-6.26053,0,0,OPEN,"2025-02-22 16:26:18",1,0,{},19,1,14,5,0,5,20,19,1,14,5,0,5,20
24,dublin,"CATHAL BRUGHA STREET","Cathal Brugha Street",53.3521,-6.26053,0,0,OPEN,"2025-02-22 16:31:19",1,0,{},20,0,15,5,0,5,20,20,0,15,5,0,5,20
24,dublin,"CATHAL BRUGHA STREET","Cathal Brugha Street",53.3521,-6.26053,0,0,OPEN,"2025-02-22 16:34:59",1,0,{},20,0,15,5,0,5,20,20,0,15,5,0,5,20
24,dublin,"CATHAL BRUGHA STREET","Cathal Brugha Street",53.3521,-6.26053,0,0,OPEN,"2025-02-22 16:40:01",1,0,{},19,1,14,5,0,5,20,19,1,14,5,0,5,20
24,dublin,"CATHAL BRUGHA STREET","Cathal Brugha Street",53.3521,-6.26053,0,0,OPEN,"2025-02-22 16:47:33",1,0,{},20,0,15,5,0,5,20,20,0,15,5,0,5,20
24,dublin,"CATHAL BRUGHA STREET","Cathal Brugha Street",53.3521,-6.26053,0,0,OPEN,"2025-02-22 16:52:43",1,0,{},20,0,15,5,0,5,20,20,0,15,5,0,5,20
24,dublin,"CATHAL BRUGHA STREET","Cathal Brugha Street",53.3521,-6.26053,0,0,OPEN,"2025-02-22 16:55:09",1,0,{},20,0,15,5,0,5,20,20,0,15,5,0,5,20
24,dublin,"CATHAL BRUGHA STREET","Cathal Brugha Street",53.3521,-6.26053,0,0,OPEN,"2025-02-22 17:05:13",1,0,{},20,0,15,5,0,5,20,20,0,15,5,0,5,20
24,dublin,"CATHAL BRUGHA STREET","Cathal Brugha Street",53.3521,-6.26053,0,0,OPEN,"2025-02-22 17:15:17",1,0,{},20,0,15,5,0,5,20,20,0,15,5,0,5,20
24,dublin,"CATHAL BRUGHA STREET","Cathal Brugha Street",53.3521,-6.26053,0,0,OPEN,"2025-02-22 17:25:21",1,0,{},20,0,15,5,0,5,20,20,0,15,5,0,5,20
24,dublin,"CATHAL BRUGHA STREET","Cathal Brugha Street",53.3521,-6.26053,0,0,OPEN,"2025-02-22 17:35:25",1,0,{},20,0,15,5,0,5,20,20,0,15,5,0,5,20
24,dublin,"CATHAL BRUGHA STREET","Cathal Brugha Street",53.3521,-6.26053,0,0,OPEN,"2025-02-22 17:45:29",1,0,{},20,0,15,5,0,5,20,20,0,15,5,0,5,20
24,dublin,"CATHAL BRUGHA STREET","Cathal Brugha Street",53.3521,-6.26053,0,0,OPEN,"2025-02-22 17:55:34",1,0,{},20,0,15,5,0,5,20,20,0,15,5,0,5,20
24,dublin,"CATHAL BRUGHA STREET","Cathal Brugha Street",53.3521,-6.26053,0,0,OPEN,"2025-02-22 18:02:46",1,0,{},20,0,15,5,0,5,20,20,0,15,5,0,5,20
24,dublin,"CATHAL BRUGHA STREET","Cathal Brugha Street",53.3521,-6.26053,0,0,OPEN,"2025-02-22 18:05:39",1,0,{},20,0,15,5,0,5,20,20,0,15,5,0,5,20
24,dublin,"CATHAL BRUGHA STREET","Cathal Brugha Street",53.3521,-6.26053,0,0,OPEN,"2025-02-22 18:10:54",1,0,{},19,1,14,5,0,5,20,19,1,14,5,0,5,20
24,dublin,"CATHAL BRUGHA STREET","Cathal Brugha Street",53.3521,-6.26053,0,0,OPEN,"2025-02-22 18:15:44",1,0,{},19,1,14,5,0,5,20,19,1,14,5,0,5,20
24,dublin,"CATHAL BRUGHA STREET","Cathal Brugha Street",53.3521,-6.26053,0,0,OPEN,"2025-02-22 18:20:07",1,0,{},18,2,14,4,0,4,20,18,2,14,4,0,4,20
24,dublin,"CATHAL BRUGHA STREET","Cathal Brugha Street",53.3521,-6.26053,0,0,OPEN,"2025-02-22 18:25:51",1,0,{},18,2,14,4,0,4,20,18,2,14,4,0,4,20
24,dublin,"CATHAL BRUGHA STREET","Cathal Brugha Street",53.3521,-6.26053,0,0,OPEN,"2025-02-22 18:35:55",1,0,{},18,2,14,4,0,4,20,18,2,14,4,0,4,20
24,dublin,"CATHAL BRUGHA STREET","Cathal Brugha Street",53.3521,-6.26053,0,0,OPEN,"2025-02-22 18:41:43",1,0,{},19,1,14,5,0,5,20,19,1,14,5,0,5,20
24,dublin,"CATHAL BRUGHA STREET","Cathal Brugha Street",53.3521,-6.26053,0,0,OPEN,"2025-02-22 18:45:59",1,0,{},19,1,14,5,0,5,20,19,1,14,5,0,5,20
24,dublin,"CATHAL BRUGHA STREET","Cathal Brugha Street",53.3521,-6.26053,0,0,OPEN,"2025-02-22 18:56:04",1,0,{},20,0,15,5,0,5,20,20,0,15,5,0,5,20
24,dublin,"CATHAL BRUGHA STREET","Cathal Brugha Street",53.3521,-6.26053,0,0,OPEN,"2025-02-22 19:06:08",1,0,{},20,0,15,5,0,5,20,20,0,15,5,0,5,20
24,dublin,"CATHAL BRUGHA STREET","Cathal Brugha Street",53.3521,-6.26053,0,0,OPEN,"2025-02-22 19:14:23",1,0,{},20,0,15,5,0,5,20,20,0,15,5,0,5,20
24,dublin,"CATHAL BRUGHA STREET","Cathal Brugha Street",53.3521,-6.26053,0,0,OPEN,"2025-02-22 19:16:16",1,0,{},19,1,14,5,0,5,20,19,1,14,5,0,5,20
24,dublin,"CATHAL BRUGHA STREET","Cathal Brugha Street",53.3521,-6.26053,0,0,OPEN,"2025-02-22 19:26:20",1,0,{},19,1,14,5,0,5,20,19,1,14,5,0,5,20
24,dublin,"CATHAL BRUGHA STREET","Cathal Brugha Street",53.3521,-6.26053,0,0,OPEN,"2025-02-22 19:33:05",1,0,{},18,2,14,4,0,4,20,18,2,14,4,0,4,20
24,dublin,"CATHAL BRUGHA STREET","Cathal Brugha Street",53.3521,-6.26053,0,0,OPEN,"2025-02-22 19:37:14",1,0,{},17,3,13,4,0,4,20,17,3,13,4,0,4,20
24,dublin,"CATHAL BRUGHA STREET","Cathal Brugha Street",53.3521,-6.26053,0,0,OPEN,"2025-02-22 19:46:31",1,0,{},17,3,13,4,0,4,20,17,3,13,4,0,4,20
24,dublin,"CATHAL BRUGHA STREET","Cathal Brugha Street",53.3521,-6.26053,0,0,OPEN,"2025-02-22 19:51:45",1,0,{},18,2,14,4,0,4,20,18,2,14,4,0,4,20
24,dublin,"CATHAL BRUGHA STREET","Cathal Brugha Street",53.3521,-6.26053,0,0,OPEN,"2025-02-22 19:56:36",1,0,{},18,2,14,4,0,4,20,18,2,14,4,0,4,20
24,dublin,"CATHAL BRUGHA STREET","Cathal Brugha Street",53.3521,-6.26053,0,0,OPEN,"2025-02-22 20:01:37",1,0,{},18,2,14,4,0,4,20,18,2,14,4,0,4,20
24,dublin,"CATHAL BRUGHA STREET","Cathal Brugha Street",53.3521,-6.26053,0,0,OPEN,"2025-02-22 20:08:03",1,0,{},19,1,15,4,0,4,20,19,1,15,4,0,4,20
24,dublin,"CATHAL BRUGHA STREET","Cathal Brugha Street",53.3521,-6.26053,0,0,OPEN,"2025-02-22 20:16:46",1,0,{},19,1,15,4,0,4,20,19,1,15,4,0,4,20
24,dublin,"CATHAL BRUGHA STREET","Cathal Brugha Street",53.3521,-6.26053,0,0,OPEN,"2025-02-22 20:26:50",1,0,{},19,1,15,4,0,4,20,19,1,15,4,0,4,20
24,dublin,"CATHAL BRUGHA STREET","Cathal Brugha Street",53.3521,-6.26053,0,0,OPEN,"2025-02-22 20:34:07",1,0,{},16,4,14,2,0,2,20,16,4,14,2,0,2,20
24,dublin,"CATHAL BRUGHA STREET","Cathal Brugha Street",53.3521,-6.26053,0,0,OPEN,"2025-02-22 20:36:57",1,0,{},16,4,14,2,0,2,20,16,4,14,2,0,2,20
24,dublin,"CATHAL BRUGHA STREET","Cathal Brugha Street",53.3521,-6.26053,0,0,OPEN,"2025-02-22 20:47:01",1,0,{},16,4,14,2,0,2,20,16,4,14,2,0,2,20
24,dublin,"CATHAL BRUGHA STREET","Cathal Brugha Street",53.3521,-6.26053,0,0,OPEN,"2025-02-22 20:58:00",1,0,{},19,1,17,2,0,2,20,19,1,17,2,0,2,20
24,dublin,"CATHAL BRUGHA STREET","Cathal Brugha Street",53.3521,-6.26053,0,0,OPEN,"2025-02-22 21:07:11",1,0,{},19,1,17,2,0,2,20,19,1,17,2,0,2,20
24,dublin,"CATHAL BRUGHA STREET","Cathal Brugha Street",53.3521,-6.26053,0,0,OPEN,"2025-02-22 21:17:15",1,0,{},19,1,17,2,0,2,20,19,1,17,2,0,2,20
24,dublin,"CATHAL BRUGHA STREET","Cathal Brugha Street",53.3521,-6.26053,0,0,OPEN,"2025-02-22 21:27:19",1,0,{},19,1,17,2,0,2,20,19,1,17,2,0,2,20
24,dublin,"CATHAL BRUGHA STREET","Cathal Brugha Street",53.3521,-6.26053,0,0,OPEN,"2025-02-22 21:37:23",1,0,{},20,0,17,3,0,3,20,20,0,17,3,0,3,20
24,dublin,"CATHAL BRUGHA STREET","Cathal Brugha Street",53.3521,-6.26053,0,0,OPEN,"2025-02-22 21:47:26",1,0,{},20,0,17,3,0,3,20,20,0,17,3,0,3,20
24,dublin,"CATHAL BRUGHA STREET","Cathal Brugha Street",53.3521,-6.26053,0,0,OPEN,"2025-02-22 21:57:30",1,0,{},20,0,17,3,0,3,20,20,0,17,3,0,3,20
24,dublin,"CATHAL BRUGHA STREET","Cathal Brugha Street",53.3521,-6.26053,0,0,OPEN,"2025-02-22 22:07:33",1,0,{},20,0,17,3,0,3,20,20,0,17,3,0,3,20
25,dublin,"MERRION SQUARE EAST","Merrion Square East",53.3394,-6.24655,0,0,OPEN,"2025-02-22 02:52:51",1,0,{},1,29,1,0,0,0,30,1,29,1,0,0,0,30
25,dublin,"MERRION SQUARE EAST","Merrion Square East",53.3394,-6.24655,0,0,OPEN,"2025-02-22 03:13:01",1,0,{},1,29,1,0,0,0,30,1,29,1,0,0,0,30
25,dublin,"MERRION SQUARE EAST","Merrion Square East",53.3394,-6.24655,0,0,OPEN,"2025-02-22 10:12:05",1,0,{},0,30,0,0,0,0,30,0,30,0,0,0,0,30
25,dublin,"MERRION SQUARE EAST","Merrion Square East",53.3394,-6.24655,0,0,OPEN,"2025-02-22 10:22:08",1,0,{},0,30,0,0,0,0,30,0,30,0,0,0,0,30
25,dublin,"MERRION SQUARE EAST","Merrion Square East",53.3394,-6.24655,0,0,OPEN,"2025-02-22 10:32:11",1,0,{},0,30,0,0,0,0,30,0,30,0,0,0,0,30
25,dublin,"MERRION SQUARE EAST","Merrion Square East",53.3394,-6.24655,0,0,OPEN,"2025-02-22 10:42:14",1,0,{},0,30,0,0,0,0,30,0,30,0,0,0,0,30
25,dublin,"MERRION SQUARE EAST","Merrion Square East",53.3394,-6.24655,0,0,OPEN,"2025-02-22 10:52:17",1,0,{},0,30,0,0,0,0,30,0,30,0,0,0,0,30
25,dublin,"MERRION SQUARE EAST","Merrion Square East",53.3394,-6.24655,0,0,OPEN,"2025-02-22 11:02:20",1,0,{},0,30,0,0,0,0,30,0,30,0,0,0,0,30
25,dublin,"MERRION SQUARE EAST","Merrion Square East",53.3394,-6.24655,0,0,OPEN,"2025-02-22 11:12:23",1,0,{},0,30,0,0,0,0,30,0,30,0,0,0,0,30
25,dublin,"MERRION SQUARE EAST","Merrion Square East",53.3394,-6.24655,0,0,OPEN,"2025-02-22 11:22:26",1,0,{},0,30,0,0,0,0,30,0,30,0,0,0,0,30
25,dublin,"MERRION SQUARE EAST","Merrion Square East",53.3394,-6.24655,0,0,OPEN,"2025-02-22 11:32:29",1,0,{},0,30,0,0,0,0,30,0,30,0,0,0,0,30
25,dublin,"MERRION SQUARE EAST","Merrion Square East",53.3394,-6.24655,0,0,OPEN,"2025-02-22 11:42:32",1,0,{},0,30,0,0,0,0,30,0,30,0,0,0,0,30
25,dublin,"MERRION SQUARE EAST","Merrion Square East",53.3394,-6.24655,0,0,OPEN,"2025-02-22 11:52:36",1,0,{},0,30,0,0,0,0,30,0,30,0,0,0,0,30
25,dublin,"MERRION SQUARE EAST","Merrion Square East",53.3394,-6.24655,0,0,OPEN,"2025-02-22 12:02:39",1,0,{},0,30,0,0,0,0,30,0,30,0,0,0,0,30
25,dublin,"MERRION SQUARE EAST","Merrion Square East",53.3394,-6.24655,0,0,OPEN,"2025-02-22 12:12:42",1,0,{},0,30,0,0,0,0,30,0,30,0,0,0,0,30
25,dublin,"MERRION SQUARE EAST","Merrion Square East",53.3394,-6.24655,0,0,OPEN,"2025-02-22 12:22:45",1,0,{},0,30,0,0,0,0,30,0,30,0,0,0,0,30
25,dublin,"MERRION SQUARE EAST","Merrion Square East",53.3394,-6.24655,0,0,OPEN,"2025-02-22 12:32:48",1,0,{},0,30,0,0,0,0,30,0,30,0,0,0,0,30
25,dublin,"MERRION SQUARE EAST","Merrion Square East",53.3394,-6.24655,0,0,OPEN,"2025-02-22 12:42:51",1,0,{},0,30,0,0,0,0,30,0,30,0,0,0,0,30
25,dublin,"MERRION SQUARE EAST","Merrion Square East",53.3394,-6.24655,0,0,OPEN,"2025-02-22 12:52:54",1,0,{},0,30,0,0,0,0,30,0,30,0,0,0,0,30
25,dublin,"MERRION SQUARE EAST","Merrion Square East",53.3394,-6.24655,0,0,OPEN,"2025-02-22 13:02:57",1,0,{},0,30,0,0,0,0,30,0,30,0,0,0,0,30
25,dublin,"MERRION SQUARE EAST","Merrion Square East",53.3394,-6.24655,0,0,OPEN,"2025-02-22 13:13:00",1,0,{},0,30,0,0,0,0,30,0,30,0,0,0,0,30
25,dublin,"MERRION SQUARE EAST","Merrion Square East",53.3394,-6.24655,0,0,OPEN,"2025-02-22 13:23:03",1,0,{},0,30,0,0,0,0,30,0,30,0,0,0,0,30
25,dublin,"MERRION SQUARE EAST","Merrion Square East",53.3394,-6.24655,0,0,OPEN,"2025-02-22 13:33:06",1,0,{},0,30,0,0,0,0,30,0,30,0,0,0,0,30
25,dublin,"MERRION SQUARE EAST","Merrion Square East",53.3394,-6.24655,0,0,OPEN,"2025-02-22 13:43:09",1,0,{},0,30,0,0,0,0,30,0,30,0,0,0,0,30
25,dublin,"MERRION SQUARE EAST","Merrion Square East",53.3394,-6.24655,0,0,OPEN,"2025-02-22 13:53:12",1,0,{},0,30,0,0,0,0,30,0,30,0,0,0,0,30
25,dublin,"MERRION SQUARE EAST","Merrion Square East",53.3394,-6.24655,0,0,OPEN,"2025-02-22 14:03:15",1,0,{},0,30,0,0,0,0,30,0,30,0,0,0,0,30
25,dublin,"MERRION SQUARE EAST","Merrion Square East",53.3394,-6.24655,0,0,OPEN,"2025-02-22 14:13:18",1,0,{},0,30,0,0,0,0,30,0,30,0,0,0,0,30
25,dublin,"MERRION SQUARE EAST","Merrion Square East",53.3394,-6.24655,0,0,OPEN,"2025-02-22 14:23:21",1,0,{},0,30,0,0,0,0,30,0,30,0,0,0,0,30
25,dublin,"MERRION SQUARE EAST","Merrion Square East",53.3394,-6.24655,0,0,OPEN,"2025-02-22 14:33:24",1,0,{},0,30,0,0,0,0,30,0,30,0,0,0,0,30
25,dublin,"MERRION SQUARE EAST","Merrion Square East",53.3394,-6.24655,0,0,OPEN,"2025-02-22 14:37:33",1,0,{},1,29,1,0,0,0,30,1,29,1,0,0,0,30
25,dublin,"MERRION SQUARE EAST","Merrion Square East",53.3394,-6.24655,0,0,OPEN,"2025-02-22 14:43:27",1,0,{},1,29,1,0,0,0,30,1,29,1,0,0,0,30
25,dublin,"MERRION SQUARE EAST","Merrion Square East",53.3394,-6.24655,0,0,OPEN,"2025-02-22 14:53:31",1,0,{},2,28,2,0,0,0,30,2,28,2,0,0,0,30
25,dublin,"MERRION SQUARE EAST","Merrion Square East",53.3394,-6.24655,0,0,OPEN,"2025-02-22 15:03:34",1,0,{},2,28,2,0,0,0,30,2,28,2,0,0,0,30
25,dublin,"MERRION SQUARE EAST","Merrion Square East",53.3394,-6.24655,0,0,OPEN,"2025-02-22 15:13:37",1,0,{},2,28,2,0,0,0,30,2,28,2,0,0,0,30
25,dublin,"MERRION SQUARE EAST","Merrion Square East",53.3394,-6.24655,0,0,OPEN,"2025-02-22 15:23:41",1,0,{},2,28,2,0,0,0,30,2,28,2,0,0,0,30
25,dublin,"MERRION SQUARE EAST","Merrion Square East",53.3394,-6.24655,0,0,OPEN,"2025-02-22 15:37:27",1,0,{},1,29,1,0,0,0,30,1,29,1,0,0,0,30
25,dublin,"MERRION SQUARE EAST","Merrion Square East",53.3394,-6.24655,0,0,OPEN,"2025-02-22 15:43:48",1,0,{},1,29,1,0,0,0,30,1,29,1,0,0,0,30
25,dublin,"MERRION SQUARE EAST","Merrion Square East",53.3394,-6.24655,0,0,OPEN,"2025-02-22 15:53:51",1,0,{},1,29,1,0,0,0,30,1,29,1,0,0,0,30
25,dublin,"MERRION SQUARE EAST","Merrion Square East",53.3394,-6.24655,0,0,OPEN,"2025-02-22 16:05:07",1,0,{},2,28,1,1,0,1,30,2,28,1,1,0,1,30
25,dublin,"MERRION SQUARE EAST","Merrion Square East",53.3394,-6.24655,0,0,OPEN,"2025-02-22 16:13:58",1,0,{},2,28,1,1,0,1,30,2,28,1,1,0,1,30
25,dublin,"MERRION SQUARE EAST","Merrion Square East",53.3394,-6.24655,0,0,OPEN,"2025-02-22 16:25:34",1,0,{},3,27,2,1,0,1,30,3,27,2,1,0,1,30
25,dublin,"MERRION SQUARE EAST","Merrion Square East",53.3394,-6.24655,0,0,OPEN,"2025-02-22 16:34:07",1,0,{},3,27,2,1,0,1,30,3,27,2,1,0,1,30
25,dublin,"MERRION SQUARE EAST","Merrion Square East",53.3394,-6.24655,0,0,OPEN,"2025-02-22 16:44:11",1,0,{},3,27,2,1,0,1,30,3,27,2,1,0,1,30
25,dublin,"MERRION SQUARE EAST","Merrion Square East",53.3394,-6.24655,0,0,OPEN,"2025-02-22 16:57:45",1,0,{},2,28,2,0,0,0,30,2,28,2,0,0,0,30
25,dublin,"MERRION SQUARE EAST","Merrion Square East",53.3394,-6.24655,0,0,OPEN,"2025-02-22 17:04:19",1,0,{},2,28,2,0,0,0,30,2,28,2,0,0,0,30
25,dublin,"MERRION SQUARE EAST","Merrion Square East",53.3394,-6.24655,0,0,OPEN,"2025-02-22 17:09:30",1,0,{},3,27,2,1,0,1,30,3,27,2,1,0,1,30
25,dublin,"MERRION SQUARE EAST","Merrion Square East",53.3394,-6.24655,0,0,OPEN,"2025-02-22 17:14:24",1,0,{},3,27,2,1,0,1,30,3,27,2,1,0,1,30
25,dublin,"MERRION SQUARE EAST","Merrion Square East",53.3394,-6.24655,0,0,OPEN,"2025-02-22 17:24:27",1,0,{},3,27,2,1,0,1,30,3,27,2,1,0,1,30
25,dublin,"MERRION SQUARE EAST","Merrion Square East",53.3394,-6.24655,0,0,OPEN,"2025-02-22 17:34:31",1,0,{},3,27,2,1,0,1,30,3,27,2,1,0,1,30
25,dublin,"MERRION SQUARE EAST","Merrion Square East",53.3394,-6.24655,0,0,OPEN,"2025-02-22 17:44:34",1,0,{},3,27,2,1,0,1,30,3,27,2,1,0,1,30
25,dublin,"MERRION SQUARE EAST","Merrion Square East",53.3394,-6.24655,0,0,OPEN,"2025-02-22 17:54:37",1,0,{},3,27,2,1,0,1,30,3,27,2,1,0,1,30
25,dublin,"MERRION SQUARE EAST","Merrion Square East",53.3394,-6.24655,0,0,OPEN,"2025-02-22 18:04:40",1,0,{},3,27,2,1,0,1,30,3,27,2,1,0,1,30
25,dublin,"MERRION SQUARE EAST","Merrion Square East",53.3394,-6.24655,0,0,OPEN,"2025-02-22 18:14:43",1,0,{},3,27,2,1,0,1,30,3,27,2,1,0,1,30
25,dublin,"MERRION SQUARE EAST","Merrion Square East",53.3394,-6.24655,0,0,OPEN,"2025-02-22 18:24:47",1,0,{},3,27,2,1,0,1,30,3,27,2,1,0,1,30
25,dublin,"MERRION SQUARE EAST","Merrion Square East",53.3394,-6.24655,0,0,OPEN,"2025-02-22 18:33:32",1,0,{},2,28,1,1,0,1,30,2,28,1,1,0,1,30
25,dublin,"MERRION SQUARE EAST","Merrion Square East",53.3394,-6.24655,0,0,OPEN,"2025-02-22 18:38:10",1,0,{},3,27,2,1,0,1,30,3,27,2,1,0,1,30
25,dublin,"MERRION SQUARE EAST","Merrion Square East",53.3394,-6.24655,0,0,OPEN,"2025-02-22 18:46:05",1,0,{},4,26,3,1,0,1,30,4,26,3,1,0,1,30
25,dublin,"MERRION SQUARE EAST","Merrion Square East",53.3394,-6.24655,0,0,OPEN,"2025-02-22 18:54:59",1,0,{},4,26,3,1,0,1,30,4,26,3,1,0,1,30
25,dublin,"MERRION SQUARE EAST","Merrion Square East",53.3394,-6.24655,0,0,OPEN,"2025-02-22 19:05:02",1,0,{},4,26,3,1,0,1,30,4,26,3,1,0,1,30
25,dublin,"MERRION SQUARE EAST","Merrion Square East",53.3394,-6.24655,0,0,OPEN,"2025-02-22 19:15:07",1,0,{},4,26,3,1,0,1,30,4,26,3,1,0,1,30
25,dublin,"MERRION SQUARE EAST","Merrion Square East",53.3394,-6.24655,0,0,OPEN,"2025-02-22 19:29:27",1,0,{},3,27,2,1,0,1,30,3,27,2,1,0,1,30
25,dublin,"MERRION SQUARE EAST","Merrion Square East",53.3394,-6.24655,0,0,OPEN,"2025-02-22 19:35:16",1,0,{},3,27,2,1,0,1,30,3,27,2,1,0,1,30
25,dublin,"MERRION SQUARE EAST","Merrion Square East",53.3394,-6.24655,0,0,OPEN,"2025-02-22 19:45:19",1,0,{},3,27,2,1,0,1,30,3,27,2,1,0,1,30
25,dublin,"MERRION SQUARE EAST","Merrion Square East",53.3394,-6.24655,0,0,OPEN,"2025-02-22 19:55:22",1,0,{},3,27,2,1,0,1,30,3,27,2,1,0,1,30
25,dublin,"MERRION SQUARE EAST","Merrion Square East",53.3394,-6.24655,0,0,OPEN,"2025-02-22 20:07:04",1,0,{},2,28,1,1,0,1,30,2,28,1,1,0,1,30
25,dublin,"MERRION SQUARE EAST","Merrion Square East",53.3394,-6.24655,0,0,OPEN,"2025-02-22 20:12:15",1,0,{},1,29,0,1,0,1,30,1,29,0,1,0,1,30
25,dublin,"MERRION SQUARE EAST","Merrion Square East",53.3394,-6.24655,0,0,OPEN,"2025-02-22 20:15:30",1,0,{},1,29,0,1,0,1,30,1,29,0,1,0,1,30
25,dublin,"MERRION SQUARE EAST","Merrion Square East",53.3394,-6.24655,0,0,OPEN,"2025-02-22 20:25:34",1,0,{},1,29,0,1,0,1,30,1,29,0,1,0,1,30
25,dublin,"MERRION SQUARE EAST","Merrion Square East",53.3394,-6.24655,0,0,OPEN,"2025-02-22 20:35:38",1,0,{},1,29,0,1,0,1,30,1,29,0,1,0,1,30
25,dublin,"MERRION SQUARE EAST","Merrion Square East",53.3394,-6.24655,0,0,OPEN,"2025-02-22 20:45:41",1,0,{},1,29,0,1,0,1,30,1,29,0,1,0,1,30
25,dublin,"MERRION SQUARE EAST","Merrion Square East",53.3394,-6.24655,0,0,OPEN,"2025-02-22 20:55:44",1,0,{},1,29,0,1,0,1,30,1,29,0,1,0,1,30
25,dublin,"MERRION SQUARE EAST","Merrion Square East",53.3394,-6.24655,0,0,OPEN,"2025-02-22 21:05:47",1,0,{},1,29,0,1,0,1,30,1,29,0,1,0,1,30
25,dublin,"MERRION SQUARE EAST","Merrion Square East",53.3394,-6.24655,0,0,OPEN,"2025-02-22 21:15:51",1,0,{},1,29,0,1,0,1,30,1,29,0,1,0,1,30
25,dublin,"MERRION SQUARE EAST","Merrion Square East",53.3394,-6.24655,0,0,OPEN,"2025-02-22 21:25:53",1,0,{},1,29,0,1,0,1,30,1,29,0,1,0,1,30
25,dublin,"MERRION SQUARE EAST","Merrion Square East",53.3394,-6.24655,0,0,OPEN,"2025-02-22 21:32:23",1,0,{},2,28,0,2,0,2,30,2,28,0,2,0,2,30
25,dublin,"MERRION SQUARE EAST","Merrion Square East",53.3394,-6.24655,0,0,OPEN,"2025-02-22 21:35:57",1,0,{},2,28,0,2,0,2,30,2,28,0,2,0,2,30
25,dublin,"MERRION SQUARE EAST","Merrion Square East",53.3394,-6.24655,0,0,OPEN,"2025-02-22 21:41:02",1,0,{},1,29,0,1,0,1,30,1,29,0,1,0,1,30
25,dublin,"MERRION SQUARE EAST","Merrion Square East",53.3394,-6.24655,0,0,OPEN,"2025-02-22 21:46:03",1,0,{},1,29,0,1,0,1,30,1,29,0,1,0,1,30
25,dublin,"MERRION SQUARE EAST","Merrion Square East",53.3394,-6.24655,0,0,OPEN,"2025-02-22 21:56:05",1,0,{},1,29,0,1,0,1,30,1,29,0,1,0,1,30
25,dublin,"MERRION SQUARE EAST","Merrion Square East",53.3394,-6.24655,0,0,OPEN,"2025-02-22 22:06:08",1,0,{},1,29,0,1,0,1,30,1,29,0,1,0,1,30
25,dublin,"MERRION SQUARE EAST","Merrion Square East",53.3394,-6.24655,0,0,OPEN,"2025-02-22 22:16:12",1,0,{},1,29,0,1,0,1,30,1,29,0,1,0,1,30
26,dublin,"MERRION SQUARE WEST","Merrion Square West",53.3398,-6.25199,0,0,OPEN,"2025-02-22 03:00:11",1,0,{},0,20,0,0,0,0,20,0,20,0,0,0,0,20
26,dublin,"MERRION SQUARE WEST","Merrion Square West",53.3398,-6.25199,0,0,OPEN,"2025-02-22 03:10:40",1,0,{},0,20,0,0,0,0,20,0,20,0,0,0,0,20
26,dublin,"MERRION SQUARE WEST","Merrion Square West",53.3398,-6.25199,0,0,OPEN,"2025-02-22 10:12:51",1,0,{},4,16,3,1,0,1,20,4,16,3,1,0,1,20
26,dublin,"MERRION SQUARE WEST","Merrion Square West",53.3398,-6.25199,0,0,OPEN,"2025-02-22 10:13:50",1,0,{},6,14,4,2,0,2,20,6,14,4,2,0,2,20
26,dublin,"MERRION SQUARE WEST","Merrion Square West",53.3398,-6.25199,0,0,OPEN,"2025-02-22 10:22:54",1,0,{},6,14,4,2,0,2,20,6,14,4,2,0,2,20
26,dublin,"MERRION SQUARE WEST","Merrion Square West",53.3398,-6.25199,0,0,OPEN,"2025-02-22 10:32:58",1,0,{},6,14,4,2,0,2,20,6,14,4,2,0,2,20
26,dublin,"MERRION SQUARE WEST","Merrion Square West",53.3398,-6.25199,0,0,OPEN,"2025-02-22 10:43:03",1,0,{},6,14,4,2,0,2,20,6,14,4,2,0,2,20
26,dublin,"MERRION SQUARE WEST","Merrion Square West",53.3398,-6.25199,0,0,OPEN,"2025-02-22 10:44:48",1,0,{},7,13,5,2,0,2,20,7,13,5,2,0,2,20
26,dublin,"MERRION SQUARE WEST","Merrion Square West",53.3398,-6.25199,0,0,OPEN,"2025-02-22 10:53:08",1,0,{},7,13,5,2,0,2,20,7,13,5,2,0,2,20
26,dublin,"MERRION SQUARE WEST","Merrion Square West",53.3398,-6.25199,0,0,OPEN,"2025-02-22 11:03:12",1,0,{},7,13,5,2,0,2,20,7,13,5,2,0,2,20
26,dublin,"MERRION SQUARE WEST","Merrion Square West",53.3398,-6.25199,0,0,OPEN,"2025-02-22 11:13:16",1,0,{},7,13,5,2,0,2,20,7,13,5,2,0,2,20
26,dublin,"MERRION SQUARE WEST","Merrion Square West",53.3398,-6.25199,0,0,OPEN,"2025-02-22 11:23:20",1,0,{},7,13,5,2,0,2,20,7,13,5,2,0,2,20
26,dublin,"MERRION SQUARE WEST","Merrion Square West",53.3398,-6.25199,0,0,OPEN,"2025-02-22 11:33:25",1,0,{},8,12,6,2,0,2,20,8,12,6,2,0,2,20
26,dublin,"MERRION SQUARE WEST","Merrion Square West",53.3398,-6.25199,0,0,OPEN,"2025-02-22 11:35:08",1,0,{},7,13,5,2,0,2,20,7,13,5,2,0,2,20
26,dublin,"MERRION SQUARE WEST","Merrion Square West",53.3398,-6.25199,0,0,OPEN,"2025-02-22 11:43:30",1,0,{},7,13,5,2,0,2,20,7,13,5,2,0,2,20
26,dublin,"MERRION SQUARE WEST","Merrion Square West",53.3398,-6.25199,0,0,OPEN,"2025-02-22 11:52:47",1,0,{},8,12,5,3,0,3,20,8,12,5,3,0,3,20
26,dublin,"MERRION SQUARE WEST","Merrion Square West",53.3398,-6.25199,0,0,OPEN,"2025-02-22 11:53:36",1,0,{},8,12,5,3,0,3,20,8,12,5,3,0,3,20
26,dublin,"MERRION SQUARE WEST","Merrion Square West",53.3398,-6.25199,0,0,OPEN,"2025-02-22 12:03:40",1,0,{},8,12,5,3,0,3,20,8,12,5,3,0,3,20
26,dublin,"MERRION SQUARE WEST","Merrion Square West",53.3398,-6.25199,0,0,OPEN,"2025-02-22 12:16:53",1,0,{},9,11,6,3,0,3,20,9,11,6,3,0,3,20
26,dublin,"MERRION SQUARE WEST","Merrion Square West",53.3398,-6.25199,0,0,OPEN,"2025-02-22 12:19:29",1,0,{},10,10,7,3,0,3,20,10,10,7,3,0,3,20
26,dublin,"MERRION SQUARE WEST","Merrion Square West",53.3398,-6.25199,0,0,OPEN,"2025-02-22 12:23:47",1,0,{},10,10,7,3,0,3,20,10,10,7,3,0,3,20
26,dublin,"MERRION SQUARE WEST","Merrion Square West",53.3398,-6.25199,0,0,OPEN,"2025-02-22 12:33:51",1,0,{},10,10,7,3,0,3,20,10,10,7,3,0,3,20
26,dublin,"MERRION SQUARE WEST","Merrion Square West",53.3398,-6.25199,0,0,OPEN,"2025-02-22 12:43:55",1,0,{},10,10,7,3,0,3,20,10,10,7,3,0,3,20
26,dublin,"MERRION SQUARE WEST","Merrion Square West",53.3398,-6.25199,0,0,OPEN,"2025-02-22 12:54:00",1,0,{},10,10,7,3,0,3,20,10,10,7,3,0,3,20
26,dublin,"MERRION SQUARE WEST","Merrion Square West",53.3398,-6.25199,0,0,OPEN,"2025-02-22 12:59:59",1,0,{},12,8,9,3,0,3,20,12,8,9,3,0,3,20
26,dublin,"MERRION SQUARE WEST","Merrion Square West",53.3398,-6.25199,0,0,OPEN,"2025-02-22 13:04:04",1,0,{},12,8,9,3,0,3,20,12,8,9,3,0,3,20
26,dublin,"MERRION SQUARE WEST","Merrion Square West",53.3398,-6.25199,0,0,OPEN,"2025-02-22 13:14:09",1,0,{},12,8,9,3,0,3,20,12,8,9,3,0,3,20
26,dublin,"MERRION SQUARE WEST","Merrion Square West",53.3398,-6.25199,0,0,OPEN,"2025-02-22 13:23:31",1,0,{},10,10,7,3,0,3,20,10,10,7,3,0,3,20
26,dublin,"MERRION SQUARE WEST","Merrion Square West",53.3398,-6.25199,0,0,OPEN,"2025-02-22 13:25:35",1,0,{},11,9,8,3,0,3,20,11,9,8,3,0,3,20
26,dublin,"MERRION SQUARE WEST","Merrion Square West",53.3398,-6.25199,0,0,OPEN,"2025-02-22 13:34:20",1,0,{},11,9,8,3,0,3,20,11,9,8,3,0,3,20
26,dublin,"MERRION SQUARE WEST","Merrion Square West",53.3398,-6.25199,0,0,OPEN,"2025-02-22 13:45:51",1,0,{},12,8,8,4,0,4,20,12,8,8,4,0,4,20
26,dublin,"MERRION SQUARE WEST","Merrion Square West",53.3398,-6.25199,0,0,OPEN,"2025-02-22 13:50:29",1,0,{},13,7,9,4,0,4,20,13,7,9,4,0,4,20
26,dublin,"MERRION SQUARE WEST","Merrion Square West",53.3398,-6.25199,0,0,OPEN,"2025-02-22 13:54:30",1,0,{},14,6,10,4,0,4,20,14,6,10,4,0,4,20
26,dublin,"MERRION SQUARE WEST","Merrion Square West",53.3398,-6.25199,0,0,OPEN,"2025-02-22 14:04:34",1,0,{},14,6,10,4,0,4,20,14,6,10,4,0,4,20
26,dublin,"MERRION SQUARE WEST","Merrion Square West",53.3398,-6.25199,0,0,OPEN,"2025-02-22 14:10:41",1,0,{},13,7,9,4,0,4,20,13,7,9,4,0,4,20
26,dublin,"MERRION SQUARE WEST","Merrion Square West",53.3398,-6.25199,0,0,OPEN,"2025-02-22 14:14:40",1,0,{},13,7,9,4,0,4,20,13,7,9,4,0,4,20
26,dublin,"MERRION SQUARE WEST","Merrion Square West",53.3398,-6.25199,0,0,OPEN,"2025-02-22 14:24:57",1,0,{},14,6,10,4,0,4,20,14,6,10,4,0,4,20
26,dublin,"MERRION SQUARE WEST","Merrion Square West",53.3398,-6.25199,0,0,OPEN,"2025-02-22 14:29:50",1,0,{},15,5,10,5,0,5,20,15,5,10,5,0,5,20
26,dublin,"MERRION SQUARE WEST","Merrion Square West",53.3398,-6.25199,0,0,OPEN,"2025-02-22 14:34:48",1,0,{},15,5,10,5,0,5,20,15,5,10,5,0,5,20
26,dublin,"MERRION SQUARE WEST","Merrion Square West",53.3398,-6.25199,0,0,OPEN,"2025-02-22 14:46:47",1,0,{},16,4,11,5,0,5,20,16,4,11,5,0,5,20
26,dublin,"MERRION SQUARE WEST","Merrion Square West",53.3398,-6.25199,0,0,OPEN,"2025-02-22 14:54:58",1,0,{},16,4,11,5,0,5,20,16,4,11,5,0,5,20
26,dublin,"MERRION SQUARE WEST","Merrion Square West",53.3398,-6.25199,0,0,OPEN,"2025-02-22 15:05:01",1,0,{},16,4,11,5,0,5,20,16,4,11,5,0,5,20
26,dublin,"MERRION SQUARE WEST","Merrion Square West",53.3398,-6.25199,0,0,OPEN,"2025-02-22 15:11:21",1,0,{},14,6,10,4,0,4,20,14,6,10,4,0,4,20
26,dublin,"MERRION SQUARE WEST","Merrion Square West",53.3398,-6.25199,0,0,OPEN,"2025-02-22 15:15:07",1,0,{},14,6,10,4,0,4,20,14,6,10,4,0,4,20
26,dublin,"MERRION SQUARE WEST","Merrion Square West",53.3398,-6.25199,0,0,OPEN,"2025-02-22 15:25:11",1,0,{},14,6,10,4,0,4,20,14,6,10,4,0,4,20
26,dublin,"MERRION SQUARE WEST","Merrion Square West",53.3398,-6.25199,0,0,OPEN,"2025-02-22 15:35:15",1,0,{},14,6,10,4,0,4,20,14,6,10,4,0,4,20
26,dublin,"MERRION SQUARE WEST","Merrion Square West",53.3398,-6.25199,0,0,OPEN,"2025-02-22 15:45:20",1,0,{},14,6,10,4,0,4,20,14,6,10,4,0,4,20
26,dublin,"MERRION SQUARE WEST","Merrion Square West",53.3398,-6.25199,0,0,OPEN,"2025-02-22 15:56:49",1,0,{},13,7,9,4,0,4,20,13,7,9,4,0,4,20
26,dublin,"MERRION SQUARE WEST","Merrion Square West",53.3398,-6.25199,0,0,OPEN,"2025-02-22 16:05:29",1,0,{},13,7,9,4,0,4,20,13,7,9,4,0,4,20
26,dublin,"MERRION SQUARE WEST","Merrion Square West",53.3398,-6.25199,0,0,OPEN,"2025-02-22 16:15:33",1,0,{},13,7,9,4,0,4,20,13,7,9,4,0,4,20
26,dublin,"MERRION SQUARE WEST","Merrion Square West",53.3398,-6.25199,0,0,OPEN,"2025-02-22 16:20:20",1,0,{},13,7,10,3,0,3,20,13,7,10,3,0,3,20
26,dublin,"MERRION SQUARE WEST","Merrion Square West",53.3398,-6.25199,0,0,OPEN,"2025-02-22 16:25:39",1,0,{},13,7,10,3,0,3,20,13,7,10,3,0,3,20
26,dublin,"MERRION SQUARE WEST","Merrion Square West",53.3398,-6.25199,0,0,OPEN,"2025-02-22 16:32:53",1,0,{},12,8,9,3,0,3,20,12,8,9,3,0,3,20
26,dublin,"MERRION SQUARE WEST","Merrion Square West",53.3398,-6.25199,0,0,OPEN,"2025-02-22 16:35:45",1,0,{},12,8,9,3,0,3,20,12,8,9,3,0,3,20
26,dublin,"MERRION SQUARE WEST","Merrion Square West",53.3398,-6.25199,0,0,OPEN,"2025-02-22 16:45:49",1,0,{},12,8,9,3,0,3,20,12,8,9,3,0,3,20
26,dublin,"MERRION SQUARE WEST","Merrion Square West",53.3398,-6.25199,0,0,OPEN,"2025-02-22 16:57:48",1,0,{},12,8,8,4,0,4,20,12,8,8,4,0,4,20
26,dublin,"MERRION SQUARE WEST","Merrion Square West",53.3398,-6.25199,0,0,OPEN,"2025-02-22 17:02:18",1,0,{},10,10,7,3,0,3,20,10,10,7,3,0,3,20
26,dublin,"MERRION SQUARE WEST","Merrion Square West",53.3398,-6.25199,0,0,OPEN,"2025-02-22 17:06:05",1,0,{},10,10,7,3,0,3,20,10,10,7,3,0,3,20
26,dublin,"MERRION SQUARE WEST","Merrion Square West",53.3398,-6.25199,0,0,OPEN,"2025-02-22 17:16:08",1,0,{},10,10,7,3,0,3,20,10,10,7,3,0,3,20
26,dublin,"MERRION SQUARE WEST","Merrion Square West",53.3398,-6.25199,0,0,OPEN,"2025-02-22 17:26:12",1,0,{},10,10,7,3,0,3,20,10,10,7,3,0,3,20
26,dublin,"MERRION SQUARE WEST","Merrion Square West",53.3398,-6.25199,0,0,OPEN,"2025-02-22 17:36:17",1,0,{},10,10,7,3,0,3,20,10,10,7,3,0,3,20
26,dublin,"MERRION SQUARE WEST","Merrion Square West",53.3398,-6.25199,0,0,OPEN,"2025-02-22 17:46:20",1,0,{},10,10,7,3,0,3,20,10,10,7,3,0,3,20
26,dublin,"MERRION SQUARE WEST","Merrion Square West",53.3398,-6.25199,0,0,OPEN,"2025-02-22 17:56:25",1,0,{},11,9,7,4,0,4,20,11,9,7,4,0,4,20
26,dublin,"MERRION SQUARE WEST","Merrion Square West",53.3398,-6.25199,0,0,OPEN,"2025-02-22 18:06:29",1,0,{},11,9,7,4,0,4,20,11,9,7,4,0,4,20
26,dublin,"MERRION SQUARE WEST","Merrion Square West",53.3398,-6.25199,0,0,OPEN,"2025-02-22 18:16:33",1,0,{},11,9,7,4,0,4,20,11,9,7,4,0,4,20
26,dublin,"MERRION SQUARE WEST","Merrion Square West",53.3398,-6.25199,0,0,OPEN,"2025-02-22 18:26:37",1,0,{},11,9,7,4,0,4,20,11,9,7,4,0,4,20
26,dublin,"MERRION SQUARE WEST","Merrion Square West",53.3398,-6.25199,0,0,OPEN,"2025-02-22 18:30:14",1,0,{},13,7,8,5,0,5,20,13,7,8,5,0,5,20
26,dublin,"MERRION SQUARE WEST","Merrion Square West",53.3398,-6.25199,0,0,OPEN,"2025-02-22 18:36:42",1,0,{},13,7,8,5,0,5,20,13,7,8,5,0,5,20
26,dublin,"MERRION SQUARE WEST","Merrion Square West",53.3398,-6.25199,0,0,OPEN,"2025-02-22 18:48:13",1,0,{},15,5,9,6,0,6,20,15,5,9,6,0,6,20
26,dublin,"MERRION SQUARE WEST","Merrion Square West",53.3398,-6.25199,0,0,OPEN,"2025-02-22 18:52:25",1,0,{},16,4,10,6,0,6,20,16,4,10,6,0,6,20
26,dublin,"MERRION SQUARE WEST","Merrion Square West",53.3398,-6.25199,0,0,OPEN,"2025-02-22 18:56:49",1,0,{},16,4,10,6,0,6,20,16,4,10,6,0,6,20
26,dublin,"MERRION SQUARE WEST","Merrion Square West",53.3398,-6.25199,0,0,OPEN,"2025-02-22 19:06:53",1,0,{},16,4,10,6,0,6,20,16,4,10,6,0,6,20
26,dublin,"MERRION SQUARE WEST","Merrion Square West",53.3398,-6.25199,0,0,OPEN,"2025-02-22 19:17:00",1,0,{},16,4,10,6,0,6,20,16,4,10,6,0,6,20
26,dublin,"MERRION SQUARE WEST","Merrion Square West",53.3398,-6.25199,0,0,OPEN,"2025-02-22 19:27:04",1,0,{},16,4,10,6,0,6,20,16,4,10,6,0,6,20
26,dublin,"MERRION SQUARE WEST","Merrion Square West",53.3398,-6.25199,0,0,OPEN,"2025-02-22 19:37:09",1,0,{},17,3,11,6,0,6,20,17,3,11,6,0,6,20
26,dublin,"MERRION SQUARE WEST","Merrion Square West",53.3398,-6.25199,0,0,OPEN,"2025-02-22 19:48:22",1,0,{},16,4,10,6,0,6,20,16,4,10,6,0,6,20
26,dublin,"MERRION SQUARE WEST","Merrion Square West",53.3398,-6.25199,0,0,OPEN,"2025-02-22 19:57:18",1,0,{},17,3,11,6,0,6,20,17,3,11,6,0,6,20
26,dublin,"MERRION SQUARE WEST","Merrion Square West",53.3398,-6.25199,0,0,OPEN,"2025-02-22 20:07:22",1,0,{},17,3,11,6,0,6,20,17,3,11,6,0,6,20
26,dublin,"MERRION SQUARE WEST","Merrion Square West",53.3398,-6.25199,0,0,OPEN,"2025-02-22 20:17:54",1,0,{},16,4,10,6,0,6,20,16,4,10,6,0,6,20
26,dublin,"MERRION SQUARE WEST","Merrion Square West",53.3398,-6.25199,0,0,OPEN,"2025-02-22 20:27:57",1,0,{},16,4,10,6,0,6,20,16,4,10,6,0,6,20
26,dublin,"MERRION SQUARE WEST","Merrion Square West",53.3398,-6.25199,0,0,OPEN,"2025-02-22 20:38:36",1,0,{},17,3,10,7,0,7,20,17,3,10,7,0,7,20
26,dublin,"MERRION SQUARE WEST","Merrion Square West",53.3398,-6.25199,0,0,OPEN,"2025-02-22 20:48:07",1,0,{},17,3,10,7,0,7,20,17,3,10,7,0,7,20
26,dublin,"MERRION SQUARE WEST","Merrion Square West",53.3398,-6.25199,0,0,OPEN,"2025-02-22 20:58:11",1,0,{},17,3,10,7,0,7,20,17,3,10,7,0,7,20
26,dublin,"MERRION SQUARE WEST","Merrion Square West",53.3398,-6.25199,0,0,OPEN,"2025-02-22 21:08:17",1,0,{},15,5,8,7,0,7,20,15,5,8,7,0,7,20
26,dublin,"MERRION SQUARE WEST","Merrion Square West",53.3398,-6.25199,0,0,OPEN,"2025-02-22 21:18:22",1,0,{},15,5,8,7,0,7,20,15,5,8,7,0,7,20
26,dublin,"MERRION SQUARE WEST","Merrion Square West",53.3398,-6.25199,0,0,OPEN,"2025-02-22 21:28:27",1,0,{},17,3,8,9,0,9,20,17,3,8,9,0,9,20
26,dublin,"MERRION SQUARE WEST","Merrion Square West",53.3398,-6.25199,0,0,OPEN,"2025-02-22 21:38:31",1,0,{},17,3,8,9,0,9,20,17,3,8,9,0,9,20
26,dublin,"MERRION SQUARE WEST","Merrion Square West",53.3398,-6.25199,0,0,OPEN,"2025-02-22 21:48:34",1,0,{},17,3,8,9,0,9,20,17,3,8,9,0,9,20
26,dublin,"MERRION SQUARE WEST","Merrion Square West",53.3398,-6.25199,0,0,OPEN,"2025-02-22 21:59:10",1,0,{},16,4,8,8,0,8,20,16,4,8,8,0,8,20
26,dublin,"MERRION SQUARE WEST","Merrion Square West",53.3398,-6.25199,0,0,OPEN,"2025-02-22 22:08:42",1,0,{},16,4,8,8,0,8,20,16,4,8,8,0,8,20
27,dublin,"MOLESWORTH STREET","Molesworth Street",53.3413,-6.25812,0,0,OPEN,"2025-02-22 02:53:39",1,0,{},6,14,5,1,0,1,20,6,14,5,1,0,1,20
27,dublin,"MOLESWORTH STREET","Molesworth Street",53.3413,-6.25812,0,0,OPEN,"2025-02-22 03:13:50",1,0,{},6,14,5,1,0,1,20,6,14,5,1,0,1,20
27,dublin,"MOLESWORTH STREET","Molesworth Street",53.3413,-6.25812,0,0,OPEN,"2025-02-22 03:16:32",1,0,{},6,14,5,1,0,1,20,6,14,5,1,0,1,20
27,dublin,"MOLESWORTH STREET","Molesworth Street",53.3413,-6.25812,0,0,OPEN,"2025-02-22 10:10:07",1,0,{},13,7,10,3,0,3,20,13,7,10,3,0,3,20
27,dublin,"MOLESWORTH STREET","Molesworth Street",53.3413,-6.25812,0,0,OPEN,"2025-02-22 10:19:12",1,0,{},13,7,10,3,0,3,20,13,7,10,3,0,3,20
27,dublin,"MOLESWORTH STREET","Molesworth Street",53.3413,-6.25812,0,0,OPEN,"2025-02-22 10:29:15",1,0,{},13,7,10,3,0,3,20,13,7,10,3,0,3,20
27,dublin,"MOLESWORTH STREET","Molesworth Street",53.3413,-6.25812,0,0,OPEN,"2025-02-22 10:39:19",1,0,{},13,7,10,3,0,3,20,13,7,10,3,0,3,20
27,dublin,"MOLESWORTH STREET","Molesworth Street",53.3413,-6.25812,0,0,OPEN,"2025-02-22 10:49:22",1,0,{},13,7,10,3,0,3,20,13,7,10,3,0,3,20
27,dublin,"MOLESWORTH STREET","Molesworth Street",53.3413,-6.25812,0,0,OPEN,"2025-02-22 10:54:22",1,0,{},14,6,10,4,0,4,20,14,6,10,4,0,4,20
27,dublin,"MOLESWORTH STREET","Molesworth Street",53.3413,-6.25812,0,0,OPEN,"2025-02-22 10:59:28",1,0,{},14,6,10,4,0,4,20,14,6,10,4,0,4,20
27,dublin,"MOLESWORTH STREET","Molesworth Street",53.3413,-6.25812,0,0,OPEN,"2025-02-22 11:07:01",1,0,{},13,7,9,4,0,4,20,13,7,9,4,0,4,20
27,dublin,"MOLESWORTH STREET","Molesworth Street",53.3413,-6.25812,0,0,OPEN,"2025-02-22 11:09:34",1,0,{},13,7,9,4,0,4,20,13,7,9,4,0,4,20
27,dublin,"MOLESWORTH STREET","Molesworth Street",53.3413,-6.25812,0,0,OPEN,"2025-02-22 11:19:37",1,0,{},13,7,9,4,0,4,20,13,7,9,4,0,4,20
27,dublin,"MOLESWORTH STREET","Molesworth Street",53.3413,-6.25812,0,0,OPEN,"2025-02-22 11:29:41",1,0,{},13,7,9,4,0,4,20,13,7,9,4,0,4,20
27,dublin,"MOLESWORTH STREET","Molesworth Street",53.3413,-6.25812,0,0,OPEN,"2025-02-22 11:39:45",1,0,{},13,7,9,4,0,4,20,13,7,9,4,0,4,20
27,dublin,"MOLESWORTH STREET","Molesworth Street",53.3413,-6.25812,0,0,OPEN,"2025-02-22 11:51:12",1,0,{},14,6,9,5,0,5,20,14,6,9,5,0,5,20
27,dublin,"MOLESWORTH STREET","Molesworth Street",53.3413,-6.25812,0,0,OPEN,"2025-02-22 11:58:31",1,0,{},14,6,9,5,0,5,20,14,6,9,5,0,5,20
27,dublin,"MOLESWORTH STREET","Molesworth Street",53.3413,-6.25812,0,0,OPEN,"2025-02-22 12:00:06",1,0,{},14,6,9,5,0,5,20,14,6,9,5,0,5,20
27,dublin,"MOLESWORTH STREET","Molesworth Street",53.3413,-6.25812,0,0,OPEN,"2025-02-22 12:09:59",1,0,{},14,6,9,5,0,5,20,14,6,9,5,0,5,20
27,dublin,"MOLESWORTH STREET","Molesworth Street",53.3413,-6.25812,0,0,OPEN,"2025-02-22 12:20:06",1,0,{},13,7,9,4,0,4,20,13,7,9,4,0,4,20
27,dublin,"MOLESWORTH STREET","Molesworth Street",53.3413,-6.25812,0,0,OPEN,"2025-02-22 12:24:52",1,0,{},16,4,12,4,0,4,20,16,4,12,4,0,4,20
27,dublin,"MOLESWORTH STREET","Molesworth Street",53.3413,-6.25812,0,0,OPEN,"2025-02-22 12:30:09",1,0,{},16,4,12,4,0,4,20,16,4,12,4,0,4,20
27,dublin,"MOLESWORTH STREET","Molesworth Street",53.3413,-6.25812,0,0,OPEN,"2025-02-22 12:35:37",1,0,{},16,4,12,4,0,4,20,16,4,12,4,0,4,20
27,dublin,"MOLESWORTH STREET","Molesworth Street",53.3413,-6.25812,0,0,OPEN,"2025-02-22 12:40:14",1,0,{},17,3,13,4,0,4,20,17,3,13,4,0,4,20
27,dublin,"MOLESWORTH STREET","Molesworth Street",53.3413,-6.25812,0,0,OPEN,"2025-02-22 12:52:56",1,0,{},16,4,12,4,0,4,20,16,4,12,4,0,4,20
27,dublin,"MOLESWORTH STREET","Molesworth Street",53.3413,-6.25812,0,0,OPEN,"2025-02-22 12:57:08",1,0,{},17,3,12,5,0,5,20,17,3,12,5,0,5,20
27,dublin,"MOLESWORTH STREET","Molesworth Street",53.3413,-6.25812,0,0,OPEN,"2025-02-22 13:01:08",1,0,{},18,2,12,6,0,6,20,18,2,12,6,0,6,20
27,dublin,"MOLESWORTH STREET","Molesworth Street",53.3413,-6.25812,0,0,OPEN,"2025-02-22 13:08:19",1,0,{},18,2,11,7,0,7,20,18,2,11,7,0,7,20
27,dublin,"MOLESWORTH STREET","Molesworth Street",53.3413,-6.25812,0,0,OPEN,"2025-02-22 13:11:08",1,0,{},19,1,12,7,0,7,20,19,1,12,7,0,7,20
27,dublin,"MOLESWORTH STREET","Molesworth Street",53.3413,-6.25812,0,0,OPEN,"2025-02-22 13:16:05",1,0,{},18,2,11,7,0,7,20,18,2,11,7,0,7,20
27,dublin,"MOLESWORTH STREET","Molesworth Street",53.3413,-6.25812,0,0,OPEN,"2025-02-22 13:20:38",1,0,{},17,3,11,6,0,6,20,17,3,11,6,0,6,20
27,dublin,"MOLESWORTH STREET","Molesworth Street",53.3413,-6.25812,0,0,OPEN,"2025-02-22 13:26:04",1,0,{},19,1,12,7,0,7,20,19,1,12,7,0,7,20
27,dublin,"MOLESWORTH STREET","Molesworth Street",53.3413,-6.25812,0,0,OPEN,"2025-02-22 13:30:42",1,0,{},19,1,12,7,0,7,20,19,1,12,7,0,7,20
27,dublin,"MOLESWORTH STREET","Molesworth Street",53.3413,-6.25812,0,0,OPEN,"2025-02-22 13:35:17",1,0,{},20,0,13,7,0,7,20,20,0,13,7,0,7,20
27,dublin,"MOLESWORTH STREET","Molesworth Street",53.3413,-6.25812,0,0,OPEN,"2025-02-22 13:42:39",1,0,{},18,2,12,6,0,6,20,18,2,12,6,0,6,20
27,dublin,"MOLESWORTH STREET","Molesworth Street",53.3413,-6.25812,0,0,OPEN,"2025-02-22 13:50:50",1,0,{},18,2,12,6,0,6,20,18,2,12,6,0,6,20
27,dublin,"MOLESWORTH STREET","Molesworth Street",53.3413,-6.25812,0,0,OPEN,"2025-02-22 13:56:10",1,0,{},19,1,12,7,0,7,20,19,1,12,7,0,7,20
27,dublin,"MOLESWORTH STREET","Molesworth Street",53.3413,-6.25812,0,0,OPEN,"2025-02-22 14:00:57",1,0,{},20,0,12,8,0,8,20,20,0,12,8,0,8,20
27,dublin,"MOLESWORTH STREET","Molesworth Street",53.3413,-6.25812,0,0,OPEN,"2025-02-22 14:11:01",1,0,{},20,0,12,8,0,8,20,20,0,12,8,0,8,20
27,dublin,"MOLESWORTH STREET","Molesworth Street",53.3413,-6.25812,0,0,OPEN,"2025-02-22 14:18:25",1,0,{},20,0,12,8,0,8,20,20,0,12,8,0,8,20
27,dublin,"MOLESWORTH STREET","Molesworth Street",53.3413,-6.25812,0,0,OPEN,"2025-02-22 14:21:04",1,0,{},19,1,12,7,0,7,20,19,1,12,7,0,7,20
27,dublin,"MOLESWORTH STREET","Molesworth Street",53.3413,-6.25812,0,0,OPEN,"2025-02-22 14:24:36",1,0,{},20,0,12,8,0,8,20,20,0,12,8,0,8,20
27,dublin,"MOLESWORTH STREET","Molesworth Street",53.3413,-6.25812,0,0,OPEN,"2025-02-22 14:31:06",1,0,{},20,0,12,8,0,8,20,20,0,12,8,0,8,20
27,dublin,"MOLESWORTH STREET","Molesworth Street",53.3413,-6.25812,0,0,OPEN,"2025-02-22 14:38:28",1,0,{},19,1,11,8,0,8,20,19,1,11,8,0,8,20
27,dublin,"MOLESWORTH STREET","Molesworth Street",53.3413,-6.25812,0,0,OPEN,"2025-02-22 14:41:12",1,0,{},20,0,11,9,0,9,20,20,0,11,9,0,9,20
27,dublin,"MOLESWORTH STREET","Molesworth Street",53.3413,-6.25812,0,0,OPEN,"2025-02-22 14:51:16",1,0,{},20,0,11,9,0,9,20,20,0,11,9,0,9,20
27,dublin,"MOLESWORTH STREET","Molesworth Street",53.3413,-6.25812,0,0,OPEN,"2025-02-22 15:01:20",1,0,{},20,0,11,9,0,9,20,20,0,11,9,0,9,20
27,dublin,"MOLESWORTH STREET","Molesworth Street",53.3413,-6.25812,0,0,OPEN,"2025-02-22 15:11:23",1,0,{},20,0,11,9,0,9,20,20,0,11,9,0,9,20
27,dublin,"MOLESWORTH STREET","Molesworth Street",53.3413,-6.25812,0,0,OPEN,"2025-02-22 15:21:27",1,0,{},20,0,11,9,0,9,20,20,0,11,9,0,9,20
27,dublin,"MOLESWORTH STREET","Molesworth Street",53.3413,-6.25812,0,0,OPEN,"2025-02-22 15:31:31",1,0,{},20,0,11,9,0,9,20,20,0,11,9,0,9,20
27,dublin,"MOLESWORTH STREET","Molesworth Street",53.3413,-6.25812,0,0,OPEN,"2025-02-22 15:41:35",1,0,{},20,0,11,9,0,9,20,20,0,11,9,0,9,20
27,dublin,"MOLESWORTH STREET","Molesworth Street",53.3413,-6.25812,0,0,OPEN,"2025-02-22 15:48:14",1,0,{},19,1,10,9,0,9,20,19,1,10,9,0,9,20
27,dublin,"MOLESWORTH STREET","Molesworth Street",53.3413,-6.25812,0,0,OPEN,"2025-02-22 15:51:39",1,0,{},19,1,10,9,0,9,20,19,1,10,9,0,9,20
27,dublin,"MOLESWORTH STREET","Molesworth Street",53.3413,-6.25812,0,0,OPEN,"2025-02-22 16:01:44",1,0,{},18,2,10,8,0,8,20,18,2,10,8,0,8,20
27,dublin,"MOLESWORTH STREET","Molesworth Street",53.3413,-6.25812,0,0,OPEN,"2025-02-22 16:11:48",1,0,{},18,2,10,8,0,8,20,18,2,10,8,0,8,20
27,dublin,"MOLESWORTH STREET","Molesworth Street",53.3413,-6.25812,0,0,OPEN,"2025-02-22 16:18:27",1,0,{},13,7,9,4,0,4,20,13,7,9,4,0,4,20
27,dublin,"MOLESWORTH STREET","Molesworth Street",53.3413,-6.25812,0,0,OPEN,"2025-02-22 16:21:58",1,0,{},13,7,9,4,0,4,20,13,7,9,4,0,4,20
27,dublin,"MOLESWORTH STREET","Molesworth Street",53.3413,-6.25812,0,0,OPEN,"2025-02-22 16:24:59",1,0,{},15,5,8,7,0,7,20,15,5,8,7,0,7,20
27,dublin,"MOLESWORTH STREET","Molesworth Street",53.3413,-6.25812,0,0,OPEN,"2025-02-22 16:32:06",1,0,{},16,4,9,7,0,7,20,16,4,9,7,0,7,20
27,dublin,"MOLESWORTH STREET","Molesworth Street",53.3413,-6.25812,0,0,OPEN,"2025-02-22 16:36:46",1,0,{},15,5,8,7,0,7,20,15,5,8,7,0,7,20
27,dublin,"MOLESWORTH STREET","Molesworth Street",53.3413,-6.25812,0,0,OPEN,"2025-02-22 16:42:33",1,0,{},16,4,9,7,0,7,20,16,4,9,7,0,7,20
27,dublin,"MOLESWORTH STREET","Molesworth Street",53.3413,-6.25812,0,0,OPEN,"2025-02-22 16:48:24",1,0,{},14,6,8,6,0,6,20,14,6,8,6,0,6,20
27,dublin,"MOLESWORTH STREET","Molesworth Street",53.3413,-6.25812,0,0,OPEN,"2025-02-22 16:52:20",1,0,{},14,6,8,6,0,6,20,14,6,8,6,0,6,20
27,dublin,"MOLESWORTH STREET","Molesworth Street",53.3413,-6.25812,0,0,OPEN,"2025-02-22 16:55:19",1,0,{},13,7,8,5,0,5,20,13,7,8,5,0,5,20
27,dublin,"MOLESWORTH STREET","Molesworth Street",53.3413,-6.25812,0,0,OPEN,"2025-02-22 17:02:25",1,0,{},13,7,8,5,0,5,20,13,7,8,5,0,5,20
27,dublin,"MOLESWORTH STREET","Molesworth Street",53.3413,-6.25812,0,0,OPEN,"2025-02-22 17:12:29",1,0,{},13,7,8,5,0,5,20,13,7,8,5,0,5,20
27,dublin,"MOLESWORTH STREET","Molesworth Street",53.3413,-6.25812,0,0,OPEN,"2025-02-22 17:22:32",1,0,{},13,7,8,5,0,5,20,13,7,8,5,0,5,20
27,dublin,"MOLESWORTH STREET","Molesworth Street",53.3413,-6.25812,0,0,OPEN,"2025-02-22 17:32:36",1,0,{},13,7,8,5,0,5,20,13,7,8,5,0,5,20
27,dublin,"MOLESWORTH STREET","Molesworth Street",53.3413,-6.25812,0,0,OPEN,"2025-02-22 17:42:40",1,0,{},13,7,8,5,0,5,20,13,7,8,5,0,5,20
27,dublin,"MOLESWORTH STREET","Molesworth Street",53.3413,-6.25812,0,0,OPEN,"2025-02-22 17:43:33",1,0,{},14,6,9,5,0,5,20,14,6,9,5,0,5,20
27,dublin,"MOLESWORTH STREET","Molesworth Street",53.3413,-6.25812,0,0,OPEN,"2025-02-22 17:52:48",1,0,{},14,6,9,5,0,5,20,14,6,9,5,0,5,20
27,dublin,"MOLESWORTH STREET","Molesworth Street",53.3413,-6.25812,0,0,OPEN,"2025-02-22 17:55:38",1,0,{},15,5,10,5,0,5,20,15,5,10,5,0,5,20
27,dublin,"MOLESWORTH STREET","Molesworth Street",53.3413,-6.25812,0,0,OPEN,"2025-02-22 18:02:51",1,0,{},16,4,11,5,0,5,20,16,4,11,5,0,5,20
27,dublin,"MOLESWORTH STREET","Molesworth Street",53.3413,-6.25812,0,0,OPEN,"2025-02-22 18:12:57",1,0,{},15,5,11,4,0,4,20,15,5,11,4,0,4,20
27,dublin,"MOLESWORTH STREET","Molesworth Street",53.3413,-6.25812,0,0,OPEN,"2025-02-22 18:23:01",1,0,{},15,5,11,4,0,4,20,15,5,11,4,0,4,20
27,dublin,"MOLESWORTH STREET","Molesworth Street",53.3413,-6.25812,0,0,OPEN,"2025-02-22 18:33:07",1,0,{},15,5,11,4,0,4,20,15,5,11,4,0,4,20
27,dublin,"MOLESWORTH STREET","Molesworth Street",53.3413,-6.25812,0,0,OPEN,"2025-02-22 18:36:42",1,0,{},14,6,10,4,0,4,20,14,6,10,4,0,4,20
27,dublin,"MOLESWORTH STREET","Molesworth Street",53.3413,-6.25812,0,0,OPEN,"2025-02-22 18:44:26",1,0,{},13,7,9,4,0,4,20,13,7,9,4,0,4,20
27,dublin,"MOLESWORTH STREET","Molesworth Street",53.3413,-6.25812,0,0,OPEN,"2025-02-22 18:45:00",1,0,{},13,7,8,5,0,5,20,13,7,8,5,0,5,20
27,dublin,"MOLESWORTH STREET","Molesworth Street",53.3413,-6.25812,0,0,OPEN,"2025-02-22 18:53:21",1,0,{},12,8,8,4,0,4,20,12,8,8,4,0,4,20
27,dublin,"MOLESWORTH STREET","Molesworth Street",53.3413,-6.25812,0,0,OPEN,"2025-02-22 19:03:26",1,0,{},13,7,8,5,0,5,20,13,7,8,5,0,5,20
27,dublin,"MOLESWORTH STREET","Molesworth Street",53.3413,-6.25812,0,0,OPEN,"2025-02-22 19:05:48",1,0,{},13,7,8,5,0,5,20,13,7,8,5,0,5,20
27,dublin,"MOLESWORTH STREET","Molesworth Street",53.3413,-6.25812,0,0,OPEN,"2025-02-22 19:13:31",1,0,{},13,7,8,5,0,5,20,13,7,8,5,0,5,20
27,dublin,"MOLESWORTH STREET","Molesworth Street",53.3413,-6.25812,0,0,OPEN,"2025-02-22 19:23:35",1,0,{},13,7,8,5,0,5,20,13,7,8,5,0,5,20
27,dublin,"MOLESWORTH STREET","Molesworth Street",53.3413,-6.25812,0,0,OPEN,"2025-02-22 19:28:10",1,0,{},12,8,8,4,0,4,20,12,8,8,4,0,4,20
27,dublin,"MOLESWORTH STREET","Molesworth Street",53.3413,-6.25812,0,0,OPEN,"2025-02-22 19:33:41",1,0,{},12,8,8,4,0,4,20,12,8,8,4,0,4,20
27,dublin,"MOLESWORTH STREET","Molesworth Street",53.3413,-6.25812,0,0,OPEN,"2025-02-22 19:38:56",1,0,{},13,7,9,4,0,4,20,13,7,9,4,0,4,20
27,dublin,"MOLESWORTH STREET","Molesworth Street",53.3413,-6.25812,0,0,OPEN,"2025-02-22 19:43:46",1,0,{},13,7,9,4,0,4,20,13,7,9,4,0,4,20
27,dublin,"MOLESWORTH STREET","Molesworth Street",53.3413,-6.25812,0,0,OPEN,"2025-02-22 19:53:49",1,0,{},13,7,9,4,0,4,20,13,7,9,4,0,4,20
27,dublin,"MOLESWORTH STREET","Molesworth Street",53.3413,-6.25812,0,0,OPEN,"2025-02-22 20:03:53",1,0,{},13,7,9,4,0,4,20,13,7,9,4,0,4,20
27,dublin,"MOLESWORTH STREET","Molesworth Street",53.3413,-6.25812,0,0,OPEN,"2025-02-22 20:13:57",1,0,{},13,7,9,4,0,4,20,13,7,9,4,0,4,20
27,dublin,"MOLESWORTH STREET","Molesworth Street",53.3413,-6.25812,0,0,OPEN,"2025-02-22 20:18:32",1,0,{},14,6,10,4,0,4,20,14,6,10,4,0,4,20
27,dublin,"MOLESWORTH STREET","Molesworth Street",53.3413,-6.25812,0,0,OPEN,"2025-02-22 20:24:01",1,0,{},14,6,10,4,0,4,20,14,6,10,4,0,4,20
27,dublin,"MOLESWORTH STREET","Molesworth Street",53.3413,-6.25812,0,0,OPEN,"2025-02-22 20:34:05",1,0,{},14,6,10,4,0,4,20,14,6,10,4,0,4,20
27,dublin,"MOLESWORTH STREET","Molesworth Street",53.3413,-6.25812,0,0,OPEN,"2025-02-22 20:44:09",1,0,{},14,6,10,4,0,4,20,14,6,10,4,0,4,20
27,dublin,"MOLESWORTH STREET","Molesworth Street",53.3413,-6.25812,0,0,OPEN,"2025-02-22 20:54:12",1,0,{},14,6,10,4,0,4,20,14,6,10,4,0,4,20
27,dublin,"MOLESWORTH STREET","Molesworth Street",53.3413,-6.25812,0,0,OPEN,"2025-02-22 21:04:16",1,0,{},14,6,10,4,0,4,20,14,6,10,4,0,4,20
27,dublin,"MOLESWORTH STREET","Molesworth Street",53.3413,-6.25812,0,0,OPEN,"2025-02-22 21:14:20",1,0,{},14,6,10,4,0,4,20,14,6,10,4,0,4,20
27,dublin,"MOLESWORTH STREET","Molesworth Street",53.3413,-6.25812,0,0,OPEN,"2025-02-22 21:24:22",1,0,{},14,6,10,4,0,4,20,14,6,10,4,0,4,20
27,dublin,"MOLESWORTH STREET","Molesworth Street",53.3413,-6.25812,0,0,OPEN,"2025-02-22 21:34:28",1,0,{},13,7,9,4,0,4,20,13,7,9,4,0,4,20
27,dublin,"MOLESWORTH STREET","Molesworth Street",53.3413,-6.25812,0,0,OPEN,"2025-02-22 21:36:04",1,0,{},12,8,8,4,0,4,20,12,8,8,4,0,4,20
27,dublin,"MOLESWORTH STREET","Molesworth Street",53.3413,-6.25812,0,0,OPEN,"2025-02-22 21:44:35",1,0,{},12,8,8,4,0,4,20,12,8,8,4,0,4,20
27,dublin,"MOLESWORTH STREET","Molesworth Street",53.3413,-6.25812,0,0,OPEN,"2025-02-22 21:53:05",1,0,{},12,8,8,4,0,4,20,12,8,8,4,0,4,20
27,dublin,"MOLESWORTH STREET","Molesworth Street",53.3413,-6.25812,0,0,OPEN,"2025-02-22 21:54:40",1,0,{},12,8,8,4,0,4,20,12,8,8,4,0,4,20
27,dublin,"MOLESWORTH STREET","Molesworth Street",53.3413,-6.25812,0,0,OPEN,"2025-02-22 22:04:44",1,0,{},12,8,8,4,0,4,20,12,8,8,4,0,4,20
27,dublin,"MOLESWORTH STREET","Molesworth Street",53.3413,-6.25812,0,0,OPEN,"2025-02-22 22:11:25",1,0,{},11,9,7,4,0,4,20,11,9,7,4,0,4,20
27,dublin,"MOLESWORTH STREET","Molesworth Street",53.3413,-6.25812,0,0,OPEN,"2025-02-22 22:14:49",1,0,{},11,9,7,4,0,4,20,11,9,7,4,0,4,20
28,dublin,"MOUNTJOY SQUARE WEST","Mountjoy Square West",53.3563,-6.25859,0,0,OPEN,"2025-02-22 02:58:36",1,0,{},29,1,21,8,0,8,30,29,1,21,8,0,8,30
28,dublin,"MOUNTJOY SQUARE WEST","Mountjoy Square West",53.3563,-6.25859,0,0,OPEN,"2025-02-22 03:08:40",1,0,{},29,1,21,8,0,8,30,29,1,21,8,0,8,30
28,dublin,"MOUNTJOY SQUARE WEST","Mountjoy Square West",53.3563,-6.25859,0,0,OPEN,"2025-02-22 10:12:33",1,0,{},15,15,9,6,0,6,30,15,15,9,6,0,6,30
28,dublin,"MOUNTJOY SQUARE WEST","Mountjoy Square West",53.3563,-6.25859,0,0,OPEN,"2025-02-22 10:22:38",1,0,{},15,15,9,6,0,6,30,15,15,9,6,0,6,30
28,dublin,"MOUNTJOY SQUARE WEST","Mountjoy Square West",53.3563,-6.25859,0,0,OPEN,"2025-02-22 10:32:44",1,0,{},15,15,9,6,0,6,30,15,15,9,6,0,6,30
28,dublin,"MOUNTJOY SQUARE WEST","Mountjoy Square West",53.3563,-6.25859,0,0,OPEN,"2025-02-22 10:42:49",1,0,{},17,13,11,6,0,6,30,17,13,11,6,0,6,30
28,dublin,"MOUNTJOY SQUARE WEST","Mountjoy Square West",53.3563,-6.25859,0,0,OPEN,"2025-02-22 10:52:56",1,0,{},16,14,11,5,0,5,30,16,14,11,5,0,5,30
28,dublin,"MOUNTJOY SQUARE WEST","Mountjoy Square West",53.3563,-6.25859,0,0,OPEN,"2025-02-22 11:03:01",1,0,{},16,14,11,5,0,5,30,16,14,11,5,0,5,30
28,dublin,"MOUNTJOY SQUARE WEST","Mountjoy Square West",53.3563,-6.25859,0,0,OPEN,"2025-02-22 11:13:07",1,0,{},16,14,11,5,0,5,30,16,14,11,5,0,5,30
28,dublin,"MOUNTJOY SQUARE WEST","Mountjoy Square West",53.3563,-6.25859,0,0,OPEN,"2025-02-22 11:17:57",1,0,{},15,15,10,5,0,5,30,15,15,10,5,0,5,30
28,dublin,"MOUNTJOY SQUARE WEST","Mountjoy Square West",53.3563,-6.25859,0,0,OPEN,"2025-02-22 11:23:14",1,0,{},15,15,10,5,0,5,30,15,15,10,5,0,5,30
28,dublin,"MOUNTJOY SQUARE WEST","Mountjoy Square West",53.3563,-6.25859,0,0,OPEN,"2025-02-22 11:24:39",1,0,{},15,15,10,5,0,5,30,15,15,10,5,0,5,30
28,dublin,"MOUNTJOY SQUARE WEST","Mountjoy Square West",53.3563,-6.25859,0,0,OPEN,"2025-02-22 11:33:19",1,0,{},15,15,10,5,0,5,30,15,15,10,5,0,5,30
28,dublin,"MOUNTJOY SQUARE WEST","Mountjoy Square West",53.3563,-6.25859,0,0,OPEN,"2025-02-22 11:43:27",1,0,{},13,17,8,5,0,5,30,13,17,8,5,0,5,30
28,dublin,"MOUNTJOY SQUARE WEST","Mountjoy Square West",53.3563,-6.25859,0,0,OPEN,"2025-02-22 11:46:56",1,0,{},11,19,7,4,0,4,30,11,19,7,4,0,4,30
28,dublin,"MOUNTJOY SQUARE WEST","Mountjoy Square West",53.3563,-6.25859,0,0,OPEN,"2025-02-22 11:49:28",1,0,{},10,20,6,4,0,4,30,10,20,6,4,0,4,30
28,dublin,"MOUNTJOY SQUARE WEST","Mountjoy Square West",53.3563,-6.25859,0,0,OPEN,"2025-02-22 11:56:38",1,0,{},9,21,5,4,0,4,30,9,21,5,4,0,4,30
28,dublin,"MOUNTJOY SQUARE WEST","Mountjoy Square West",53.3563,-6.25859,0,0,OPEN,"2025-02-22 12:00:57",1,0,{},8,22,4,4,0,4,30,8,22,4,4,0,4,30
28,dublin,"MOUNTJOY SQUARE WEST","Mountjoy Square West",53.3563,-6.25859,0,0,OPEN,"2025-02-22 12:03:46",1,0,{},8,22,4,4,0,4,30,8,22,4,4,0,4,30
28,dublin,"MOUNTJOY SQUARE WEST","Mountjoy Square West",53.3563,-6.25859,0,0,OPEN,"2025-02-22 12:13:26",1,0,{},14,16,5,9,0,9,30,14,16,5,9,0,9,30
28,dublin,"MOUNTJOY SQUARE WEST","Mountjoy Square West",53.3563,-6.25859,0,0,OPEN,"2025-02-22 12:17:47",1,0,{},22,8,13,9,0,9,30,22,8,13,9,0,9,30
28,dublin,"MOUNTJOY SQUARE WEST","Mountjoy Square West",53.3563,-6.25859,0,0,OPEN,"2025-02-22 12:20:14",1,0,{},26,4,13,13,0,13,30,26,4,13,13,0,13,30
28,dublin,"MOUNTJOY SQUARE WEST","Mountjoy Square West",53.3563,-6.25859,0,0,OPEN,"2025-02-22 12:26:01",1,0,{},25,5,13,12,0,12,30,25,5,13,12,0,12,30
28,dublin,"MOUNTJOY SQUARE WEST","Mountjoy Square West",53.3563,-6.25859,0,0,OPEN,"2025-02-22 12:34:12",1,0,{},25,5,13,12,0,12,30,25,5,13,12,0,12,30
28,dublin,"MOUNTJOY SQUARE WEST","Mountjoy Square West",53.3563,-6.25859,0,0,OPEN,"2025-02-22 12:42:46",1,0,{},25,5,12,13,0,13,30,25,5,12,13,0,13,30
28,dublin,"MOUNTJOY SQUARE WEST","Mountjoy Square West",53.3563,-6.25859,0,0,OPEN,"2025-02-22 12:46:51",1,0,{},24,6,12,12,0,12,30,24,6,12,12,0,12,30
28,dublin,"MOUNTJOY SQUARE WEST","Mountjoy Square West",53.3563,-6.25859,0,0,OPEN,"2025-02-22 12:55:06",1,0,{},22,8,11,11,0,11,30,22,8,11,11,0,11,30
28,dublin,"MOUNTJOY SQUARE WEST","Mountjoy Square West",53.3563,-6.25859,0,0,OPEN,"2025-02-22 13:00:39",1,0,{},23,7,12,11,0,11,30,23,7,12,11,0,11,30
28,dublin,"MOUNTJOY SQUARE WEST","Mountjoy Square West",53.3563,-6.25859,0,0,OPEN,"2025-02-22 13:04:34",1,0,{},23,7,12,11,0,11,30,23,7,12,11,0,11,30
28,dublin,"MOUNTJOY SQUARE WEST","Mountjoy Square West",53.3563,-6.25859,0,0,OPEN,"2025-02-22 13:16:57",1,0,{},21,9,10,11,0,11,30,21,9,10,11,0,11,30
28,dublin,"MOUNTJOY SQUARE WEST","Mountjoy Square West",53.3563,-6.25859,0,0,OPEN,"2025-02-22 13:19:51",1,0,{},20,10,9,11,0,11,30,20,10,9,11,0,11,30
28,dublin,"MOUNTJOY SQUARE WEST","Mountjoy Square West",53.3563,-6.25859,0,0,OPEN,"2025-02-22 13:25:38",1,0,{},18,12,9,9,0,9,30,18,12,9,9,0,9,30
28,dublin,"MOUNTJOY SQUARE WEST","Mountjoy Square West",53.3563,-6.25859,0,0,OPEN,"2025-02-22 13:34:57",1,0,{},18,12,9,9,0,9,30,18,12,9,9,0,9,30
28,dublin,"MOUNTJOY SQUARE WEST","Mountjoy Square West",53.3563,-6.25859,0,0,OPEN,"2025-02-22 13:45:02",1,0,{},18,12,9,9,0,9,30,18,12,9,9,0,9,30
28,dublin,"MOUNTJOY SQUARE WEST","Mountjoy Square West",53.3563,-6.25859,0,0,OPEN,"2025-02-22 13:55:07",1,0,{},18,12,9,9,0,9,30,18,12,9,9,0,9,30
28,dublin,"MOUNTJOY SQUARE WEST","Mountjoy Square West",53.3563,-6.25859,0,0,OPEN,"2025-02-22 14:02:41",1,0,{},17,13,9,8,0,8,30,17,13,9,8,0,8,30
28,dublin,"MOUNTJOY SQUARE WEST","Mountjoy Square West",53.3563,-6.25859,0,0,OPEN,"2025-02-22 14:08:23",1,0,{},16,14,8,8,0,8,30,16,14,8,8,0,8,30
28,dublin,"MOUNTJOY SQUARE WEST","Mountjoy Square West",53.3563,-6.25859,0,0,OPEN,"2025-02-22 14:15:27",1,0,{},17,13,8,9,0,9,30,17,13,8,9,0,9,30
28,dublin,"MOUNTJOY SQUARE WEST","Mountjoy Square West",53.3563,-6.25859,0,0,OPEN,"2025-02-22 14:25:30",1,0,{},17,13,8,9,0,9,30,17,13,8,9,0,9,30
28,dublin,"MOUNTJOY SQUARE WEST","Mountjoy Square West",53.3563,-6.25859,0,0,OPEN,"2025-02-22 14:35:37",1,0,{},16,14,7,9,0,9,30,16,14,7,9,0,9,30
28,dublin,"MOUNTJOY SQUARE WEST","Mountjoy Square West",53.3563,-6.25859,0,0,OPEN,"2025-02-22 14:39:02",1,0,{},15,15,6,9,0,9,30,15,15,6,9,0,9,30
28,dublin,"MOUNTJOY SQUARE WEST","Mountjoy Square West",53.3563,-6.25859,0,0,OPEN,"2025-02-22 14:46:20",1,0,{},14,16,6,8,0,8,30,14,16,6,8,0,8,30
28,dublin,"MOUNTJOY SQUARE WEST","Mountjoy Square West",53.3563,-6.25859,0,0,OPEN,"2025-02-22 14:55:51",1,0,{},14,16,6,8,0,8,30,14,16,6,8,0,8,30
28,dublin,"MOUNTJOY SQUARE WEST","Mountjoy Square West",53.3563,-6.25859,0,0,OPEN,"2025-02-22 15:07:49",1,0,{},12,18,5,7,0,7,30,12,18,5,7,0,7,30
28,dublin,"MOUNTJOY SQUARE WEST","Mountjoy Square West",53.3563,-6.25859,0,0,OPEN,"2025-02-22 15:16:06",1,0,{},12,18,5,7,0,7,30,12,18,5,7,0,7,30
28,dublin,"MOUNTJOY SQUARE WEST","Mountjoy Square West",53.3563,-6.25859,0,0,OPEN,"2025-02-22 15:26:11",1,0,{},12,18,5,7,0,7,30,12,18,5,7,0,7,30
28,dublin,"MOUNTJOY SQUARE WEST","Mountjoy Square West",53.3563,-6.25859,0,0,OPEN,"2025-02-22 15:29:47",1,0,{},11,19,4,7,0,7,30,11,19,4,7,0,7,30
28,dublin,"MOUNTJOY SQUARE WEST","Mountjoy Square West",53.3563,-6.25859,0,0,OPEN,"2025-02-22 15:36:18",1,0,{},11,19,4,7,0,7,30,11,19,4,7,0,7,30
28,dublin,"MOUNTJOY SQUARE WEST","Mountjoy Square West",53.3563,-6.25859,0,0,OPEN,"2025-02-22 15:46:23",1,0,{},11,19,4,7,0,7,30,11,19,4,7,0,7,30
28,dublin,"MOUNTJOY SQUARE WEST","Mountjoy Square West",53.3563,-6.25859,0,0,OPEN,"2025-02-22 15:56:29",1,0,{},11,19,4,7,0,7,30,11,19,4,7,0,7,30
28,dublin,"MOUNTJOY SQUARE WEST","Mountjoy Square West",53.3563,-6.25859,0,0,OPEN,"2025-02-22 16:06:34",1,0,{},11,19,4,7,0,7,30,11,19,4,7,0,7,30
28,dublin,"MOUNTJOY SQUARE WEST","Mountjoy Square West",53.3563,-6.25859,0,0,OPEN,"2025-02-22 16:12:06",1,0,{},13,17,6,7,0,7,30,13,17,6,7,0,7,30
28,dublin,"MOUNTJOY SQUARE WEST","Mountjoy Square West",53.3563,-6.25859,0,0,OPEN,"2025-02-22 16:16:39",1,0,{},13,17,6,7,0,7,30,13,17,6,7,0,7,30
28,dublin,"MOUNTJOY SQUARE WEST","Mountjoy Square West",53.3563,-6.25859,0,0,OPEN,"2025-02-22 16:26:45",1,0,{},13,17,6,7,0,7,30,13,17,6,7,0,7,30
28,dublin,"MOUNTJOY SQUARE WEST","Mountjoy Square West",53.3563,-6.25859,0,0,OPEN,"2025-02-22 16:37:08",1,0,{},14,16,6,8,0,8,30,14,16,6,8,0,8,30
28,dublin,"MOUNTJOY SQUARE WEST","Mountjoy Square West",53.3563,-6.25859,0,0,OPEN,"2025-02-22 16:42:52",1,0,{},14,16,6,8,0,8,30,14,16,6,8,0,8,30
28,dublin,"MOUNTJOY SQUARE WEST","Mountjoy Square West",53.3563,-6.25859,0,0,OPEN,"2025-02-22 16:46:56",1,0,{},15,15,7,8,0,8,30,15,15,7,8,0,8,30
28,dublin,"MOUNTJOY SQUARE WEST","Mountjoy Square West",53.3563,-6.25859,0,0,OPEN,"2025-02-22 16:57:01",1,0,{},15,15,7,8,0,8,30,15,15,7,8,0,8,30
28,dublin,"MOUNTJOY SQUARE WEST","Mountjoy Square West",53.3563,-6.25859,0,0,OPEN,"2025-02-22 17:02:15",1,0,{},12,18,4,8,0,8,30,12,18,4,8,0,8,30
28,dublin,"MOUNTJOY SQUARE WEST","Mountjoy Square West",53.3563,-6.25859,0,0,OPEN,"2025-02-22 17:07:12",1,0,{},12,18,4,8,0,8,30,12,18,4,8,0,8,30
28,dublin,"MOUNTJOY SQUARE WEST","Mountjoy Square West",53.3563,-6.25859,0,0,OPEN,"2025-02-22 17:11:01",1,0,{},11,19,4,7,0,7,30,11,19,4,7,0,7,30
28,dublin,"MOUNTJOY SQUARE WEST","Mountjoy Square West",53.3563,-6.25859,0,0,OPEN,"2025-02-22 17:17:19",1,0,{},11,19,4,7,0,7,30,11,19,4,7,0,7,30
28,dublin,"MOUNTJOY SQUARE WEST","Mountjoy Square West",53.3563,-6.25859,0,0,OPEN,"2025-02-22 17:22:22",1,0,{},9,21,2,7,0,7,30,9,21,2,7,0,7,30
28,dublin,"MOUNTJOY SQUARE WEST","Mountjoy Square West",53.3563,-6.25859,0,0,OPEN,"2025-02-22 17:28:26",1,0,{},8,22,1,7,0,7,30,8,22,1,7,0,7,30
28,dublin,"MOUNTJOY SQUARE WEST","Mountjoy Square West",53.3563,-6.25859,0,0,OPEN,"2025-02-22 17:37:35",1,0,{},8,22,1,7,0,7,30,8,22,1,7,0,7,30
28,dublin,"MOUNTJOY SQUARE WEST","Mountjoy Square West",53.3563,-6.25859,0,0,OPEN,"2025-02-22 17:47:40",1,0,{},8,22,1,7,0,7,30,8,22,1,7,0,7,30
28,dublin,"MOUNTJOY SQUARE WEST","Mountjoy Square West",53.3563,-6.25859,0,0,OPEN,"2025-02-22 17:58:29",1,0,{},7,23,1,6,0,6,30,7,23,1,6,0,6,30
28,dublin,"MOUNTJOY SQUARE WEST","Mountjoy Square West",53.3563,-6.25859,0,0,OPEN,"2025-02-22 18:07:52",1,0,{},7,23,1,6,0,6,30,7,23,1,6,0,6,30
28,dublin,"MOUNTJOY SQUARE WEST","Mountjoy Square West",53.3563,-6.25859,0,0,OPEN,"2025-02-22 18:12:14",1,0,{},5,25,1,4,0,4,30,5,25,1,4,0,4,30
28,dublin,"MOUNTJOY SQUARE WEST","Mountjoy Square West",53.3563,-6.25859,0,0,OPEN,"2025-02-22 18:18:00",1,0,{},5,25,1,4,0,4,30,5,25,1,4,0,4,30
28,dublin,"MOUNTJOY SQUARE WEST","Mountjoy Square West",53.3563,-6.25859,0,0,OPEN,"2025-02-22 18:28:05",1,0,{},5,25,1,4,0,4,30,5,25,1,4,0,4,30
28,dublin,"MOUNTJOY SQUARE WEST","Mountjoy Square West",53.3563,-6.25859,0,0,OPEN,"2025-02-22 18:38:10",1,0,{},5,25,1,4,0,4,30,5,25,1,4,0,4,30
28,dublin,"MOUNTJOY SQUARE WEST","Mountjoy Square West",53.3563,-6.25859,0,0,OPEN,"2025-02-22 18:48:17",1,0,{},4,26,0,4,0,4,30,4,26,0,4,0,4,30
28,dublin,"MOUNTJOY SQUARE WEST","Mountjoy Square West",53.3563,-6.25859,0,0,OPEN,"2025-02-22 18:58:22",1,0,{},4,26,0,4,0,4,30,4,26,0,4,0,4,30
28,dublin,"MOUNTJOY SQUARE WEST","Mountjoy Square West",53.3563,-6.25859,0,0,OPEN,"2025-02-22 19:08:28",1,0,{},4,26,0,4,0,4,30,4,26,0,4,0,4,30
28,dublin,"MOUNTJOY SQUARE WEST","Mountjoy Square West",53.3563,-6.25859,0,0,OPEN,"2025-02-22 19:18:33",1,0,{},4,26,0,4,0,4,30,4,26,0,4,0,4,30
28,dublin,"MOUNTJOY SQUARE WEST","Mountjoy Square West",53.3563,-6.25859,0,0,OPEN,"2025-02-22 19:28:39",1,0,{},4,26,0,4,0,4,30,4,26,0,4,0,4,30
28,dublin,"MOUNTJOY SQUARE WEST","Mountjoy Square West",53.3563,-6.25859,0,0,OPEN,"2025-02-22 19:38:44",1,0,{},4,26,0,4,0,4,30,4,26,0,4,0,4,30
28,dublin,"MOUNTJOY SQUARE WEST","Mountjoy Square West",53.3563,-6.25859,0,0,OPEN,"2025-02-22 19:41:59",1,0,{},3,27,0,3,0,3,30,3,27,0,3,0,3,30
28,dublin,"MOUNTJOY SQUARE WEST","Mountjoy Square West",53.3563,-6.25859,0,0,OPEN,"2025-02-22 19:48:51",1,0,{},3,27,0,3,0,3,30,3,27,0,3,0,3,30
28,dublin,"MOUNTJOY SQUARE WEST","Mountjoy Square West",53.3563,-6.25859,0,0,OPEN,"2025-02-22 19:58:57",1,0,{},3,27,0,3,0,3,30,3,27,0,3,0,3,30
28,dublin,"MOUNTJOY SQUARE WEST","Mountjoy Square West",53.3563,-6.25859,0,0,OPEN,"2025-02-22 20:09:02",1,0,{},3,27,0,3,0,3,30,3,27,0,3,0,3,30
28,dublin,"MOUNTJOY SQUARE WEST","Mountjoy Square West",53.3563,-6.25859,0,0,OPEN,"2025-02-22 20:19:07",1,0,{},3,27,0,3,0,3,30,3,27,0,3,0,3,30
28,dublin,"MOUNTJOY SQUARE WEST","Mountjoy Square West",53.3563,-6.25859,0,0,OPEN,"2025-02-22 20:20:26",1,0,{},4,26,1,3,0,3,30,4,26,1,3,0,3,30
28,dublin,"MOUNTJOY SQUARE WEST","Mountjoy Square West",53.3563,-6.25859,0,0,OPEN,"2025-02-22 20:29:14",1,0,{},1,29,0,1,0,1,30,1,29,0,1,0,1,30
28,dublin,"MOUNTJOY SQUARE WEST","Mountjoy Square West",53.3563,-6.25859,0,0,OPEN,"2025-02-22 20:39:20",1,0,{},1,29,0,1,0,1,30,1,29,0,1,0,1,30
28,dublin,"MOUNTJOY SQUARE WEST","Mountjoy Square West",53.3563,-6.25859,0,0,OPEN,"2025-02-22 20:43:17",1,0,{},1,29,0,1,0,1,30,1,29,0,1,0,1,30
28,dublin,"MOUNTJOY SQUARE WEST","Mountjoy Square West",53.3563,-6.25859,0,0,OPEN,"2025-02-22 20:49:25",1,0,{},1,29,0,1,0,1,30,1,29,0,1,0,1,30
28,dublin,"MOUNTJOY SQUARE WEST","Mountjoy Square West",53.3563,-6.25859,0,0,OPEN,"2025-02-22 20:59:31",1,0,{},1,29,0,1,0,1,30,1,29,0,1,0,1,30
28,dublin,"MOUNTJOY SQUARE WEST","Mountjoy Square West",53.3563,-6.25859,0,0,OPEN,"2025-02-22 21:09:36",1,0,{},1,29,0,1,0,1,30,1,29,0,1,0,1,30
28,dublin,"MOUNTJOY SQUARE WEST","Mountjoy Square West",53.3563,-6.25859,0,0,OPEN,"2025-02-22 21:19:41",1,0,{},1,29,0,1,0,1,30,1,29,0,1,0,1,30
28,dublin,"MOUNTJOY SQUARE WEST","Mountjoy Square West",53.3563,-6.25859,0,0,OPEN,"2025-02-22 21:29:46",1,0,{},1,29,0,1,0,1,30,1,29,0,1,0,1,30
28,dublin,"MOUNTJOY SQUARE WEST","Mountjoy Square West",53.3563,-6.25859,0,0,OPEN,"2025-02-22 21:39:51",1,0,{},1,29,0,1,0,1,30,1,29,0,1,0,1,30
28,dublin,"MOUNTJOY SQUARE WEST","Mountjoy Square West",53.3563,-6.25859,0,0,OPEN,"2025-02-22 21:49:56",1,0,{},1,29,0,1,0,1,30,1,29,0,1,0,1,30
28,dublin,"MOUNTJOY SQUARE WEST","Mountjoy Square West",53.3563,-6.25859,0,0,OPEN,"2025-02-22 21:57:29",1,0,{},0,30,0,0,0,0,30,0,30,0,0,0,0,30
28,dublin,"MOUNTJOY SQUARE WEST","Mountjoy Square West",53.3563,-6.25859,0,0,OPEN,"2025-02-22 22:00:02",1,0,{},0,30,0,0,0,0,30,0,30,0,0,0,0,30
28,dublin,"MOUNTJOY SQUARE WEST","Mountjoy Square West",53.3563,-6.25859,0,0,OPEN,"2025-02-22 22:10:08",1,0,{},0,30,0,0,0,0,30,0,30,0,0,0,0,30
29,dublin,"ORMOND QUAY UPPER","Ormond Quay Upper",53.3461,-6.268,0,0,OPEN,"2025-02-22 02:52:47",1,0,{},28,1,23,5,0,5,29,28,1,23,5,0,5,29
29,dublin,"ORMOND QUAY UPPER","Ormond Quay Upper",53.3461,-6.268,0,0,OPEN,"2025-02-22 03:12:58",1,0,{},28,1,23,5,0,5,29,28,1,23,5,0,5,29
29,dublin,"ORMOND QUAY UPPER","Ormond Quay Upper",53.3461,-6.268,0,0,OPEN,"2025-02-22 10:12:52",1,0,{},29,0,23,6,0,6,29,29,0,23,6,0,6,29
29,dublin,"ORMOND QUAY UPPER","Ormond Quay Upper",53.3461,-6.268,0,0,OPEN,"2025-02-22 10:22:31",1,0,{},29,0,23,6,0,6,29,29,0,23,6,0,6,29
29,dublin,"ORMOND QUAY UPPER","Ormond Quay Upper",53.3461,-6.268,0,0,OPEN,"2025-02-22 10:32:35",1,0,{},29,0,23,6,0,6,29,29,0,23,6,0,6,29
29,dublin,"ORMOND QUAY UPPER","Ormond Quay Upper",53.3461,-6.268,0,0,OPEN,"2025-02-22 10:42:40",1,0,{},29,0,23,6,0,6,29,29,0,23,6,0,6,29
29,dublin,"ORMOND QUAY UPPER","Ormond Quay Upper",53.3461,-6.268,0,0,OPEN,"2025-02-22 10:44:29",1,0,{},28,1,22,6,0,6,29,28,1,22,6,0,6,29
29,dublin,"ORMOND QUAY UPPER","Ormond Quay Upper",53.3461,-6.268,0,0,OPEN,"2025-02-22 10:52:43",1,0,{},29,0,22,7,0,7,29,29,0,22,7,0,7,29
29,dublin,"ORMOND QUAY UPPER","Ormond Quay Upper",53.3461,-6.268,0,0,OPEN,"2025-02-22 10:56:51",1,0,{},28,1,22,6,0,6,29,28,1,22,6,0,6,29
29,dublin,"ORMOND QUAY UPPER","Ormond Quay Upper",53.3461,-6.268,0,0,OPEN,"2025-02-22 11:02:52",1,0,{},27,2,21,6,0,6,29,27,2,21,6,0,6,29
29,dublin,"ORMOND QUAY UPPER","Ormond Quay Upper",53.3461,-6.268,0,0,OPEN,"2025-02-22 11:12:56",1,0,{},27,2,21,6,0,6,29,27,2,21,6,0,6,29
29,dublin,"ORMOND QUAY UPPER","Ormond Quay Upper",53.3461,-6.268,0,0,OPEN,"2025-02-22 11:23:17",1,0,{},29,0,21,8,0,8,29,29,0,21,8,0,8,29
29,dublin,"ORMOND QUAY UPPER","Ormond Quay Upper",53.3461,-6.268,0,0,OPEN,"2025-02-22 11:33:05",1,0,{},29,0,21,8,0,8,29,29,0,21,8,0,8,29
29,dublin,"ORMOND QUAY UPPER","Ormond Quay Upper",53.3461,-6.268,0,0,OPEN,"2025-02-22 11:43:09",1,0,{},29,0,21,8,0,8,29,29,0,21,8,0,8,29
29,dublin,"ORMOND QUAY UPPER","Ormond Quay Upper",53.3461,-6.268,0,0,OPEN,"2025-02-22 11:53:13",1,0,{},29,0,21,8,0,8,29,29,0,21,8,0,8,29
29,dublin,"ORMOND QUAY UPPER","Ormond Quay Upper",53.3461,-6.268,0,0,OPEN,"2025-02-22 11:54:52",1,0,{},28,1,20,8,0,8,29,28,1,20,8,0,8,29
29,dublin,"ORMOND QUAY UPPER","Ormond Quay Upper",53.3461,-6.268,0,0,OPEN,"2025-02-22 12:03:17",1,0,{},28,1,20,8,0,8,29,28,1,20,8,0,8,29
29,dublin,"ORMOND QUAY UPPER","Ormond Quay Upper",53.3461,-6.268,0,0,OPEN,"2025-02-22 12:07:39",1,0,{},26,3,19,7,0,7,29,26,3,19,7,0,7,29
29,dublin,"ORMOND QUAY UPPER","Ormond Quay Upper",53.3461,-6.268,0,0,OPEN,"2025-02-22 12:13:25",1,0,{},27,2,20,7,0,7,29,27,2,20,7,0,7,29
29,dublin,"ORMOND QUAY UPPER","Ormond Quay Upper",53.3461,-6.268,0,0,OPEN,"2025-02-22 12:23:31",1,0,{},29,0,21,8,0,8,29,29,0,21,8,0,8,29
29,dublin,"ORMOND QUAY UPPER","Ormond Quay Upper",53.3461,-6.268,0,0,OPEN,"2025-02-22 12:27:49",1,0,{},27,2,20,7,0,7,29,27,2,20,7,0,7,29
29,dublin,"ORMOND QUAY UPPER","Ormond Quay Upper",53.3461,-6.268,0,0,OPEN,"2025-02-22 12:33:06",1,0,{},28,1,20,8,0,8,29,28,1,20,8,0,8,29
29,dublin,"ORMOND QUAY UPPER","Ormond Quay Upper",53.3461,-6.268,0,0,OPEN,"2025-02-22 12:37:20",1,0,{},29,0,20,9,0,9,29,29,0,20,9,0,9,29
29,dublin,"ORMOND QUAY UPPER","Ormond Quay Upper",53.3461,-6.268,0,0,OPEN,"2025-02-22 12:46:46",1,0,{},25,4,17,8,0,8,29,25,4,17,8,0,8,29
29,dublin,"ORMOND QUAY UPPER","Ormond Quay Upper",53.3461,-6.268,0,0,OPEN,"2025-02-22 12:51:05",1,0,{},28,1,19,9,0,9,29,28,1,19,9,0,9,29
29,dublin,"ORMOND QUAY UPPER","Ormond Quay Upper",53.3461,-6.268,0,0,OPEN,"2025-02-22 12:53:51",1,0,{},28,1,19,9,0,9,29,28,1,19,9,0,9,29
29,dublin,"ORMOND QUAY UPPER","Ormond Quay Upper",53.3461,-6.268,0,0,OPEN,"2025-02-22 12:58:48",1,0,{},29,0,20,9,0,9,29,29,0,20,9,0,9,29
29,dublin,"ORMOND QUAY UPPER","Ormond Quay Upper",53.3461,-6.268,0,0,OPEN,"2025-02-22 13:03:55",1,0,{},29,0,20,9,0,9,29,29,0,20,9,0,9,29
29,dublin,"ORMOND QUAY UPPER","Ormond Quay Upper",53.3461,-6.268,0,0,OPEN,"2025-02-22 13:09:10",1,0,{},27,2,18,9,0,9,29,27,2,18,9,0,9,29
29,dublin,"ORMOND QUAY UPPER","Ormond Quay Upper",53.3461,-6.268,0,0,OPEN,"2025-02-22 13:16:14",1,0,{},25,4,16,9,0,9,29,25,4,16,9,0,9,29
29,dublin,"ORMOND QUAY UPPER","Ormond Quay Upper",53.3461,-6.268,0,0,OPEN,"2025-02-22 13:21:17",1,0,{},25,4,15,10,0,10,29,25,4,15,10,0,10,29
29,dublin,"ORMOND QUAY UPPER","Ormond Quay Upper",53.3461,-6.268,0,0,OPEN,"2025-02-22 13:24:09",1,0,{},26,3,16,10,0,10,29,26,3,16,10,0,10,29
29,dublin,"ORMOND QUAY UPPER","Ormond Quay Upper",53.3461,-6.268,0,0,OPEN,"2025-02-22 13:35:21",1,0,{},27,2,17,10,0,10,29,27,2,17,10,0,10,29
29,dublin,"ORMOND QUAY UPPER","Ormond Quay Upper",53.3461,-6.268,0,0,OPEN,"2025-02-22 13:42:55",1,0,{},28,1,17,11,0,11,29,28,1,17,11,0,11,29
29,dublin,"ORMOND QUAY UPPER","Ormond Quay Upper",53.3461,-6.268,0,0,OPEN,"2025-02-22 13:44:19",1,0,{},28,1,17,11,0,11,29,28,1,17,11,0,11,29
29,dublin,"ORMOND QUAY UPPER","Ormond Quay Upper",53.3461,-6.268,0,0,OPEN,"2025-02-22 13:51:37",1,0,{},27,2,17,10,0,10,29,27,2,17,10,0,10,29
29,dublin,"ORMOND QUAY UPPER","Ormond Quay Upper",53.3461,-6.268,0,0,OPEN,"2025-02-22 13:58:32",1,0,{},28,1,18,10,0,10,29,28,1,18,10,0,10,29
29,dublin,"ORMOND QUAY UPPER","Ormond Quay Upper",53.3461,-6.268,0,0,OPEN,"2025-02-22 14:00:37",1,0,{},28,1,18,10,0,10,29,28,1,18,10,0,10,29
29,dublin,"ORMOND QUAY UPPER","Ormond Quay Upper",53.3461,-6.268,0,0,OPEN,"2025-02-22 14:05:43",1,0,{},28,1,18,10,0,10,29,28,1,18,10,0,10,29
29,dublin,"ORMOND QUAY UPPER","Ormond Quay Upper",53.3461,-6.268,0,0,OPEN,"2025-02-22 14:10:12",1,0,{},29,0,19,10,0,10,29,29,0,19,10,0,10,29
29,dublin,"ORMOND QUAY UPPER","Ormond Quay Upper",53.3461,-6.268,0,0,OPEN,"2025-02-22 14:14:36",1,0,{},29,0,19,10,0,10,29,29,0,19,10,0,10,29
29,dublin,"ORMOND QUAY UPPER","Ormond Quay Upper",53.3461,-6.268,0,0,OPEN,"2025-02-22 14:21:59",1,0,{},29,0,19,10,0,10,29,29,0,19,10,0,10,29
29,dublin,"ORMOND QUAY UPPER","Ormond Quay Upper",53.3461,-6.268,0,0,OPEN,"2025-02-22 14:24:41",1,0,{},29,0,19,10,0,10,29,29,0,19,10,0,10,29
29,dublin,"ORMOND QUAY UPPER","Ormond Quay Upper",53.3461,-6.268,0,0,OPEN,"2025-02-22 14:34:46",1,0,{},29,0,19,10,0,10,29,29,0,19,10,0,10,29
29,dublin,"ORMOND QUAY UPPER","Ormond Quay Upper",53.3461,-6.268,0,0,OPEN,"2025-02-22 14:44:50",1,0,{},29,0,19,10,0,10,29,29,0,19,10,0,10,29
29,dublin,"ORMOND QUAY UPPER","Ormond Quay Upper",53.3461,-6.268,0,0,OPEN,"2025-02-22 14:54:54",1,0,{},29,0,19,10,0,10,29,29,0,19,10,0,10,29
29,dublin,"ORMOND QUAY UPPER","Ormond Quay Upper",53.3461,-6.268,0,0,OPEN,"2025-02-22 15:04:58",1,0,{},29,0,19,10,0,10,29,29,0,19,10,0,10,29
29,dublin,"ORMOND QUAY UPPER","Ormond Quay Upper",53.3461,-6.268,0,0,OPEN,"2025-02-22 15:16:44",1,0,{},29,0,20,9,0,9,29,29,0,20,9,0,9,29
29,dublin,"ORMOND QUAY UPPER","Ormond Quay Upper",53.3461,-6.268,0,0,OPEN,"2025-02-22 15:25:08",1,0,{},29,0,20,9,0,9,29,29,0,20,9,0,9,29
29,dublin,"ORMOND QUAY UPPER","Ormond Quay Upper",53.3461,-6.268,0,0,OPEN,"2025-02-22 15:35:12",1,0,{},29,0,20,9,0,9,29,29,0,20,9,0,9,29
29,dublin,"ORMOND QUAY UPPER","Ormond Quay Upper",53.3461,-6.268,0,0,OPEN,"2025-02-22 15:41:45",1,0,{},28,1,19,9,0,9,29,28,1,19,9,0,9,29
29,dublin,"ORMOND QUAY UPPER","Ormond Quay Upper",53.3461,-6.268,0,0,OPEN,"2025-02-22 15:46:55",1,0,{},26,3,17,9,0,9,29,26,3,17,9,0,9,29
29,dublin,"ORMOND QUAY UPPER","Ormond Quay Upper",53.3461,-6.268,0,0,OPEN,"2025-02-22 15:50:47",1,0,{},26,3,17,9,0,9,29,26,3,17,9,0,9,29
29,dublin,"ORMOND QUAY UPPER","Ormond Quay Upper",53.3461,-6.268,0,0,OPEN,"2025-02-22 15:55:23",1,0,{},26,3,17,9,0,9,29,26,3,17,9,0,9,29
29,dublin,"ORMOND QUAY UPPER","Ormond Quay Upper",53.3461,-6.268,0,0,OPEN,"2025-02-22 16:00:38",1,0,{},26,3,17,9,0,9,29,26,3,17,9,0,9,29
29,dublin,"ORMOND QUAY UPPER","Ormond Quay Upper",53.3461,-6.268,0,0,OPEN,"2025-02-22 16:07:27",1,0,{},25,4,18,7,0,7,29,25,4,18,7,0,7,29
29,dublin,"ORMOND QUAY UPPER","Ormond Quay Upper",53.3461,-6.268,0,0,OPEN,"2025-02-22 16:12:12",1,0,{},24,5,18,6,0,6,29,24,5,18,6,0,6,29
29,dublin,"ORMOND QUAY UPPER","Ormond Quay Upper",53.3461,-6.268,0,0,OPEN,"2025-02-22 16:15:38",1,0,{},25,4,18,7,0,7,29,25,4,18,7,0,7,29
29,dublin,"ORMOND QUAY UPPER","Ormond Quay Upper",53.3461,-6.268,0,0,OPEN,"2025-02-22 16:27:18",1,0,{},24,5,16,8,0,8,29,24,5,16,8,0,8,29
29,dublin,"ORMOND QUAY UPPER","Ormond Quay Upper",53.3461,-6.268,0,0,OPEN,"2025-02-22 16:31:55",1,0,{},24,5,16,8,0,8,29,24,5,16,8,0,8,29
29,dublin,"ORMOND QUAY UPPER","Ormond Quay Upper",53.3461,-6.268,0,0,OPEN,"2025-02-22 16:35:51",1,0,{},24,5,16,8,0,8,29,24,5,16,8,0,8,29
29,dublin,"ORMOND QUAY UPPER","Ormond Quay Upper",53.3461,-6.268,0,0,OPEN,"2025-02-22 16:41:35",1,0,{},29,0,20,9,0,9,29,29,0,20,9,0,9,29
29,dublin,"ORMOND QUAY UPPER","Ormond Quay Upper",53.3461,-6.268,0,0,OPEN,"2025-02-22 16:45:55",1,0,{},29,0,20,9,0,9,29,29,0,20,9,0,9,29
29,dublin,"ORMOND QUAY UPPER","Ormond Quay Upper",53.3461,-6.268,0,0,OPEN,"2025-02-22 16:56:15",1,0,{},28,1,19,9,0,9,29,28,1,19,9,0,9,29
29,dublin,"ORMOND QUAY UPPER","Ormond Quay Upper",53.3461,-6.268,0,0,OPEN,"2025-02-22 16:59:47",1,0,{},26,3,17,9,0,9,29,26,3,17,9,0,9,29
29,dublin,"ORMOND QUAY UPPER","Ormond Quay Upper",53.3461,-6.268,0,0,OPEN,"2025-02-22 17:07:10",1,0,{},27,2,18,9,0,9,29,27,2,18,9,0,9,29
29,dublin,"ORMOND QUAY UPPER","Ormond Quay Upper",53.3461,-6.268,0,0,OPEN,"2025-02-22 17:09:54",1,0,{},29,0,19,10,0,10,29,29,0,19,10,0,10,29
29,dublin,"ORMOND QUAY UPPER","Ormond Quay Upper",53.3461,-6.268,0,0,OPEN,"2025-02-22 17:16:12",1,0,{},29,0,19,10,0,10,29,29,0,19,10,0,10,29
29,dublin,"ORMOND QUAY UPPER","Ormond Quay Upper",53.3461,-6.268,0,0,OPEN,"2025-02-22 17:21:34",1,0,{},28,1,19,9,0,9,29,28,1,19,9,0,9,29
29,dublin,"ORMOND QUAY UPPER","Ormond Quay Upper",53.3461,-6.268,0,0,OPEN,"2025-02-22 17:26:18",1,0,{},28,1,19,9,0,9,29,28,1,19,9,0,9,29
29,dublin,"ORMOND QUAY UPPER","Ormond Quay Upper",53.3461,-6.268,0,0,OPEN,"2025-02-22 17:30:44",1,0,{},28,1,19,9,0,9,29,28,1,19,9,0,9,29
29,dublin,"ORMOND QUAY UPPER","Ormond Quay Upper",53.3461,-6.268,0,0,OPEN,"2025-02-22 17:36:22",1,0,{},28,1,19,9,0,9,29,28,1,19,9,0,9,29
29,dublin,"ORMOND QUAY UPPER","Ormond Quay Upper",53.3461,-6.268,0,0,OPEN,"2025-02-22 17:46:26",1,0,{},29,0,20,9,0,9,29,29,0,20,9,0,9,29
29,dublin,"ORMOND QUAY UPPER","Ormond Quay Upper",53.3461,-6.268,0,0,OPEN,"2025-02-22 17:56:30",1,0,{},29,0,20,9,0,9,29,29,0,20,9,0,9,29
29,dublin,"ORMOND QUAY UPPER","Ormond Quay Upper",53.3461,-6.268,0,0,OPEN,"2025-02-22 18:06:34",1,0,{},29,0,20,9,0,9,29,29,0,20,9,0,9,29
29,dublin,"ORMOND QUAY UPPER","Ormond Quay Upper",53.3461,-6.268,0,0,OPEN,"2025-02-22 18:12:31",1,0,{},29,0,21,8,0,8,29,29,0,21,8,0,8,29
29,dublin,"ORMOND QUAY UPPER","Ormond Quay Upper",53.3461,-6.268,0,0,OPEN,"2025-02-22 18:16:40",1,0,{},29,0,21,8,0,8,29,29,0,21,8,0,8,29
29,dublin,"ORMOND QUAY UPPER","Ormond Quay Upper",53.3461,-6.268,0,0,OPEN,"2025-02-22 18:26:44",1,0,{},29,0,21,8,0,8,29,29,0,21,8,0,8,29
29,dublin,"ORMOND QUAY UPPER","Ormond Quay Upper",53.3461,-6.268,0,0,OPEN,"2025-02-22 18:39:19",1,0,{},28,1,20,8,0,8,29,28,1,20,8,0,8,29
29,dublin,"ORMOND QUAY UPPER","Ormond Quay Upper",53.3461,-6.268,0,0,OPEN,"2025-02-22 18:40:07",1,0,{},27,2,19,8,0,8,29,27,2,19,8,0,8,29
29,dublin,"ORMOND QUAY UPPER","Ormond Quay Upper",53.3461,-6.268,0,0,OPEN,"2025-02-22 18:46:54",1,0,{},27,2,19,8,0,8,29,27,2,19,8,0,8,29
29,dublin,"ORMOND QUAY UPPER","Ormond Quay Upper",53.3461,-6.268,0,0,OPEN,"2025-02-22 18:56:59",1,0,{},27,2,19,8,0,8,29,27,2,19,8,0,8,29
29,dublin,"ORMOND QUAY UPPER","Ormond Quay Upper",53.3461,-6.268,0,0,OPEN,"2025-02-22 19:07:05",1,0,{},27,2,19,8,0,8,29,27,2,19,8,0,8,29
29,dublin,"ORMOND QUAY UPPER","Ormond Quay Upper",53.3461,-6.268,0,0,OPEN,"2025-02-22 19:13:32",1,0,{},28,1,20,8,0,8,29,28,1,20,8,0,8,29
29,dublin,"ORMOND QUAY UPPER","Ormond Quay Upper",53.3461,-6.268,0,0,OPEN,"2025-02-22 19:18:10",1,0,{},27,2,19,8,0,8,29,27,2,19,8,0,8,29
29,dublin,"ORMOND QUAY UPPER","Ormond Quay Upper",53.3461,-6.268,0,0,OPEN,"2025-02-22 19:27:16",1,0,{},28,1,19,9,0,9,29,28,1,19,9,0,9,29
29,dublin,"ORMOND QUAY UPPER","Ormond Quay Upper",53.3461,-6.268,0,0,OPEN,"2025-02-22 19:33:44",1,0,{},29,0,19,10,0,10,29,29,0,19,10,0,10,29
29,dublin,"ORMOND QUAY UPPER","Ormond Quay Upper",53.3461,-6.268,0,0,OPEN,"2025-02-22 19:37:19",1,0,{},29,0,19,10,0,10,29,29,0,19,10,0,10,29
29,dublin,"ORMOND QUAY UPPER","Ormond Quay Upper",53.3461,-6.268,0,0,OPEN,"2025-02-22 19:47:23",1,0,{},29,0,19,10,0,10,29,29,0,19,10,0,10,29
29,dublin,"ORMOND QUAY UPPER","Ormond Quay Upper",53.3461,-6.268,0,0,OPEN,"2025-02-22 19:50:07",1,0,{},29,0,19,10,0,10,29,29,0,19,10,0,10,29
29,dublin,"ORMOND QUAY UPPER","Ormond Quay Upper",53.3461,-6.268,0,0,OPEN,"2025-02-22 19:57:27",1,0,{},29,0,19,10,0,10,29,29,0,19,10,0,10,29
29,dublin,"ORMOND QUAY UPPER","Ormond Quay Upper",53.3461,-6.268,0,0,OPEN,"2025-02-22 20:07:32",1,0,{},29,0,19,10,0,10,29,29,0,19,10,0,10,29
29,dublin,"ORMOND QUAY UPPER","Ormond Quay Upper",53.3461,-6.268,0,0,OPEN,"2025-02-22 20:17:36",1,0,{},29,0,19,10,0,10,29,29,0,19,10,0,10,29
29,dublin,"ORMOND QUAY UPPER","Ormond Quay Upper",53.3461,-6.268,0,0,OPEN,"2025-02-22 20:24:20",1,0,{},29,0,19,10,0,10,29,29,0,19,10,0,10,29
29,dublin,"ORMOND QUAY UPPER","Ormond Quay Upper",53.3461,-6.268,0,0,OPEN,"2025-02-22 20:27:43",1,0,{},29,0,19,10,0,10,29,29,0,19,10,0,10,29
29,dublin,"ORMOND QUAY UPPER","Ormond Quay Upper",53.3461,-6.268,0,0,OPEN,"2025-02-22 20:37:47",1,0,{},29,0,19,10,0,10,29,29,0,19,10,0,10,29
29,dublin,"ORMOND QUAY UPPER","Ormond Quay Upper",53.3461,-6.268,0,0,OPEN,"2025-02-22 20:40:45",1,0,{},28,1,18,10,0,10,29,28,1,18,10,0,10,29
29,dublin,"ORMOND QUAY UPPER","Ormond Quay Upper",53.3461,-6.268,0,0,OPEN,"2025-02-22 20:49:19",1,0,{},29,0,18,11,0,11,29,29,0,18,11,0,11,29
29,dublin,"ORMOND QUAY UPPER","Ormond Quay Upper",53.3461,-6.268,0,0,OPEN,"2025-02-22 20:57:57",1,0,{},29,0,18,11,0,11,29,29,0,18,11,0,11,29
29,dublin,"ORMOND QUAY UPPER","Ormond Quay Upper",53.3461,-6.268,0,0,OPEN,"2025-02-22 21:08:01",1,0,{},29,0,18,11,0,11,29,29,0,18,11,0,11,29
29,dublin,"ORMOND QUAY UPPER","Ormond Quay Upper",53.3461,-6.268,0,0,OPEN,"2025-02-22 21:18:05",1,0,{},29,0,18,11,0,11,29,29,0,18,11,0,11,29
29,dublin,"ORMOND QUAY UPPER","Ormond Quay Upper",53.3461,-6.268,0,0,OPEN,"2025-02-22 21:28:09",1,0,{},29,0,18,11,0,11,29,29,0,18,11,0,11,29
29,dublin,"ORMOND QUAY UPPER","Ormond Quay Upper",53.3461,-6.268,0,0,OPEN,"2025-02-22 21:38:14",1,0,{},29,0,18,11,0,11,29,29,0,18,11,0,11,29
29,dublin,"ORMOND QUAY UPPER","Ormond Quay Upper",53.3461,-6.268,0,0,OPEN,"2025-02-22 21:48:19",1,0,{},29,0,18,11,0,11,29,29,0,18,11,0,11,29
29,dublin,"ORMOND QUAY UPPER","Ormond Quay Upper",53.3461,-6.268,0,0,OPEN,"2025-02-22 21:58:23",1,0,{},29,0,18,11,0,11,29,29,0,18,11,0,11,29
29,dublin,"ORMOND QUAY UPPER","Ormond Quay Upper",53.3461,-6.268,0,0,OPEN,"2025-02-22 22:09:13",1,0,{},28,1,17,11,0,11,29,28,1,17,11,0,11,29
29,dublin,"ORMOND QUAY UPPER","Ormond Quay Upper",53.3461,-6.268,0,0,OPEN,"2025-02-22 22:17:13",1,0,{},28,1,17,11,0,11,29,28,1,17,11,0,11,29
30,dublin,"PARNELL SQUARE NORTH","Parnell Square North",53.3537,-6.2653,0,0,OPEN,"2025-02-22 02:52:42",1,0,{},11,9,9,2,0,2,20,11,9,9,2,0,2,20
30,dublin,"PARNELL SQUARE NORTH","Parnell Square North",53.3537,-6.2653,0,0,OPEN,"2025-02-22 03:04:47",1,0,{},11,9,9,2,0,2,20,11,9,9,2,0,2,20
30,dublin,"PARNELL SQUARE NORTH","Parnell Square North",53.3537,-6.2653,0,0,OPEN,"2025-02-22 03:12:51",1,0,{},11,9,9,2,0,2,20,11,9,9,2,0,2,20
30,dublin,"PARNELL SQUARE NORTH","Parnell Square North",53.3537,-6.2653,0,0,OPEN,"2025-02-22 10:03:38",1,0,{},11,9,8,3,0,3,20,11,9,8,3,0,3,20
30,dublin,"PARNELL SQUARE NORTH","Parnell Square North",53.3537,-6.2653,0,0,OPEN,"2025-02-22 10:13:43",1,0,{},11,9,8,3,0,3,20,11,9,8,3,0,3,20
30,dublin,"PARNELL SQUARE NORTH","Parnell Square North",53.3537,-6.2653,0,0,OPEN,"2025-02-22 10:23:48",1,0,{},11,9,8,3,0,3,20,11,9,8,3,0,3,20
30,dublin,"PARNELL SQUARE NORTH","Parnell Square North",53.3537,-6.2653,0,0,OPEN,"2025-02-22 10:33:54",1,0,{},11,9,8,3,0,3,20,11,9,8,3,0,3,20
30,dublin,"PARNELL SQUARE NORTH","Parnell Square North",53.3537,-6.2653,0,0,OPEN,"2025-02-22 10:43:59",1,0,{},11,9,8,3,0,3,20,11,9,8,3,0,3,20
30,dublin,"PARNELL SQUARE NORTH","Parnell Square North",53.3537,-6.2653,0,0,OPEN,"2025-02-22 10:54:04",1,0,{},11,9,8,3,0,3,20,11,9,8,3,0,3,20
30,dublin,"PARNELL SQUARE NORTH","Parnell Square North",53.3537,-6.2653,0,0,OPEN,"2025-02-22 11:04:09",1,0,{},11,9,8,3,0,3,20,11,9,8,3,0,3,20
30,dublin,"PARNELL SQUARE NORTH","Parnell Square North",53.3537,-6.2653,0,0,OPEN,"2025-02-22 11:14:15",1,0,{},11,9,8,3,0,3,20,11,9,8,3,0,3,20
30,dublin,"PARNELL SQUARE NORTH","Parnell Square North",53.3537,-6.2653,0,0,OPEN,"2025-02-22 11:24:20",1,0,{},11,9,8,3,0,3,20,11,9,8,3,0,3,20
30,dublin,"PARNELL SQUARE NORTH","Parnell Square North",53.3537,-6.2653,0,0,OPEN,"2025-02-22 11:34:26",1,0,{},11,9,8,3,0,3,20,11,9,8,3,0,3,20
30,dublin,"PARNELL SQUARE NORTH","Parnell Square North",53.3537,-6.2653,0,0,OPEN,"2025-02-22 11:38:35",1,0,{},10,10,7,3,0,3,20,10,10,7,3,0,3,20
30,dublin,"PARNELL SQUARE NORTH","Parnell Square North",53.3537,-6.2653,0,0,OPEN,"2025-02-22 11:44:32",1,0,{},10,10,7,3,0,3,20,10,10,7,3,0,3,20
30,dublin,"PARNELL SQUARE NORTH","Parnell Square North",53.3537,-6.2653,0,0,OPEN,"2025-02-22 11:54:38",1,0,{},10,10,7,3,0,3,20,10,10,7,3,0,3,20
30,dublin,"PARNELL SQUARE NORTH","Parnell Square North",53.3537,-6.2653,0,0,OPEN,"2025-02-22 12:00:11",1,0,{},9,11,6,3,0,3,20,9,11,6,3,0,3,20
30,dublin,"PARNELL SQUARE NORTH","Parnell Square North",53.3537,-6.2653,0,0,OPEN,"2025-02-22 12:04:45",1,0,{},9,11,6,3,0,3,20,9,11,6,3,0,3,20
30,dublin,"PARNELL SQUARE NORTH","Parnell Square North",53.3537,-6.2653,0,0,OPEN,"2025-02-22 12:14:51",1,0,{},9,11,6,3,0,3,20,9,11,6,3,0,3,20
30,dublin,"PARNELL SQUARE NORTH","Parnell Square North",53.3537,-6.2653,0,0,OPEN,"2025-02-22 12:24:56",1,0,{},9,11,6,3,0,3,20,9,11,6,3,0,3,20
30,dublin,"PARNELL SQUARE NORTH","Parnell Square North",53.3537,-6.2653,0,0,OPEN,"2025-02-22 12:35:01",1,0,{},9,11,6,3,0,3,20,9,11,6,3,0,3,20
30,dublin,"PARNELL SQUARE NORTH","Parnell Square North",53.3537,-6.2653,0,0,OPEN,"2025-02-22 12:47:50",1,0,{},7,13,4,3,0,3,20,7,13,4,3,0,3,20
30,dublin,"PARNELL SQUARE NORTH","Parnell Square North",53.3537,-6.2653,0,0,OPEN,"2025-02-22 12:55:16",1,0,{},7,13,4,3,0,3,20,7,13,4,3,0,3,20
30,dublin,"PARNELL SQUARE NORTH","Parnell Square North",53.3537,-6.2653,0,0,OPEN,"2025-02-22 13:05:21",1,0,{},7,13,4,3,0,3,20,7,13,4,3,0,3,20
30,dublin,"PARNELL SQUARE NORTH","Parnell Square North",53.3537,-6.2653,0,0,OPEN,"2025-02-22 13:15:26",1,0,{},7,13,4,3,0,3,20,7,13,4,3,0,3,20
30,dublin,"PARNELL SQUARE NORTH","Parnell Square North",53.3537,-6.2653,0,0,OPEN,"2025-02-22 13:25:33",1,0,{},6,14,4,2,0,2,20,6,14,4,2,0,2,20
30,dublin,"PARNELL SQUARE NORTH","Parnell Square North",53.3537,-6.2653,0,0,OPEN,"2025-02-22 13:36:38",1,0,{},5,15,3,2,0,2,20,5,15,3,2,0,2,20
30,dublin,"PARNELL SQUARE NORTH","Parnell Square North",53.3537,-6.2653,0,0,OPEN,"2025-02-22 13:45:45",1,0,{},5,15,3,2,0,2,20,5,15,3,2,0,2,20
30,dublin,"PARNELL SQUARE NORTH","Parnell Square North",53.3537,-6.2653,0,0,OPEN,"2025-02-22 13:55:51",1,0,{},5,15,3,2,0,2,20,5,15,3,2,0,2,20
30,dublin,"PARNELL SQUARE NORTH","Parnell Square North",53.3537,-6.2653,0,0,OPEN,"2025-02-22 14:00:23",1,0,{},3,17,3,0,0,0,20,3,17,3,0,0,0,20
30,dublin,"PARNELL SQUARE NORTH","Parnell Square North",53.3537,-6.2653,0,0,OPEN,"2025-02-22 14:07:59",1,0,{},1,19,1,0,0,0,20,1,19,1,0,0,0,20
30,dublin,"PARNELL SQUARE NORTH","Parnell Square North",53.3537,-6.2653,0,0,OPEN,"2025-02-22 14:16:06",1,0,{},1,19,1,0,0,0,20,1,19,1,0,0,0,20
30,dublin,"PARNELL SQUARE NORTH","Parnell Square North",53.3537,-6.2653,0,0,OPEN,"2025-02-22 14:26:11",1,0,{},1,19,1,0,0,0,20,1,19,1,0,0,0,20
30,dublin,"PARNELL SQUARE NORTH","Parnell Square North",53.3537,-6.2653,0,0,OPEN,"2025-02-22 14:36:17",1,0,{},1,19,1,0,0,0,20,1,19,1,0,0,0,20
30,dublin,"PARNELL SQUARE NORTH","Parnell Square North",53.3537,-6.2653,0,0,OPEN,"2025-02-22 14:46:21",1,0,{},2,18,1,1,0,1,20,2,18,1,1,0,1,20
30,dublin,"PARNELL SQUARE NORTH","Parnell Square North",53.3537,-6.2653,0,0,OPEN,"2025-02-22 14:56:27",1,0,{},2,18,1,1,0,1,20,2,18,1,1,0,1,20
30,dublin,"PARNELL SQUARE NORTH","Parnell Square North",53.3537,-6.2653,0,0,OPEN,"2025-02-22 15:06:32",1,0,{},2,18,1,1,0,1,20,2,18,1,1,0,1,20
30,dublin,"PARNELL SQUARE NORTH","Parnell Square North",53.3537,-6.2653,0,0,OPEN,"2025-02-22 15:16:37",1,0,{},2,18,1,1,0,1,20,2,18,1,1,0,1,20
30,dublin,"PARNELL SQUARE NORTH","Parnell Square North",53.3537,-6.2653,0,0,OPEN,"2025-02-22 15:26:42",1,0,{},2,18,1,1,0,1,20,2,18,1,1,0,1,20
30,dublin,"PARNELL SQUARE NORTH","Parnell Square North",53.3537,-6.2653,0,0,OPEN,"2025-02-22 15:36:48",1,0,{},2,18,1,1,0,1,20,2,18,1,1,0,1,20
30,dublin,"PARNELL SQUARE NORTH","Parnell Square North",53.3537,-6.2653,0,0,OPEN,"2025-02-22 15:38:41",1,0,{},3,17,1,2,0,2,20,3,17,1,2,0,2,20
30,dublin,"PARNELL SQUARE NORTH","Parnell Square North",53.3537,-6.2653,0,0,OPEN,"2025-02-22 15:46:53",1,0,{},3,17,1,2,0,2,20,3,17,1,2,0,2,20
30,dublin,"PARNELL SQUARE NORTH","Parnell Square North",53.3537,-6.2653,0,0,OPEN,"2025-02-22 15:49:42",1,0,{},3,17,1,2,0,2,20,3,17,1,2,0,2,20
30,dublin,"PARNELL SQUARE NORTH","Parnell Square North",53.3537,-6.2653,0,0,OPEN,"2025-02-22 15:57:01",1,0,{},3,17,1,2,0,2,20,3,17,1,2,0,2,20
30,dublin,"PARNELL SQUARE NORTH","Parnell Square North",53.3537,-6.2653,0,0,OPEN,"2025-02-22 16:07:06",1,0,{},3,17,1,2,0,2,20,3,17,1,2,0,2,20
30,dublin,"PARNELL SQUARE NORTH","Parnell Square North",53.3537,-6.2653,0,0,OPEN,"2025-02-22 16:17:11",1,0,{},3,17,1,2,0,2,20,3,17,1,2,0,2,20
30,dublin,"PARNELL SQUARE NORTH","Parnell Square North",53.3537,-6.2653,0,0,OPEN,"2025-02-22 16:27:22",1,0,{},4,16,1,3,0,3,20,4,16,1,3,0,3,20
30,dublin,"PARNELL SQUARE NORTH","Parnell Square North",53.3537,-6.2653,0,0,OPEN,"2025-02-22 16:37:28",1,0,{},4,16,1,3,0,3,20,4,16,1,3,0,3,20
30,dublin,"PARNELL SQUARE NORTH","Parnell Square North",53.3537,-6.2653,0,0,OPEN,"2025-02-22 16:47:33",1,0,{},4,16,1,3,0,3,20,4,16,1,3,0,3,20
30,dublin,"PARNELL SQUARE NORTH","Parnell Square North",53.3537,-6.2653,0,0,OPEN,"2025-02-22 16:57:38",1,0,{},4,16,1,3,0,3,20,4,16,1,3,0,3,20
30,dublin,"PARNELL SQUARE NORTH","Parnell Square North",53.3537,-6.2653,0,0,OPEN,"2025-02-22 17:07:44",1,0,{},4,16,1,3,0,3,20,4,16,1,3,0,3,20
30,dublin,"PARNELL SQUARE NORTH","Parnell Square North",53.3537,-6.2653,0,0,OPEN,"2025-02-22 17:09:05",1,0,{},4,16,1,3,0,3,20,4,16,1,3,0,3,20
30,dublin,"PARNELL SQUARE NORTH","Parnell Square North",53.3537,-6.2653,0,0,OPEN,"2025-02-22 17:17:50",1,0,{},4,16,1,3,0,3,20,4,16,1,3,0,3,20
30,dublin,"PARNELL SQUARE NORTH","Parnell Square North",53.3537,-6.2653,0,0,OPEN,"2025-02-22 17:18:37",1,0,{},3,17,0,3,0,3,20,3,17,0,3,0,3,20
30,dublin,"PARNELL SQUARE NORTH","Parnell Square North",53.3537,-6.2653,0,0,OPEN,"2025-02-22 17:27:57",1,0,{},3,17,0,3,0,3,20,3,17,0,3,0,3,20
30,dublin,"PARNELL SQUARE NORTH","Parnell Square North",53.3537,-6.2653,0,0,OPEN,"2025-02-22 17:38:02",1,0,{},3,17,0,3,0,3,20,3,17,0,3,0,3,20
30,dublin,"PARNELL SQUARE NORTH","Parnell Square North",53.3537,-6.2653,0,0,OPEN,"2025-02-22 17:48:07",1,0,{},3,17,0,3,0,3,20,3,17,0,3,0,3,20
30,dublin,"PARNELL SQUARE NORTH","Parnell Square North",53.3537,-6.2653,0,0,OPEN,"2025-02-22 17:58:15",1,0,{},2,18,0,2,0,2,20,2,18,0,2,0,2,20
30,dublin,"PARNELL SQUARE NORTH","Parnell Square North",53.3537,-6.2653,0,0,OPEN,"2025-02-22 18:08:22",1,0,{},3,17,0,3,0,3,20,3,17,0,3,0,3,20
30,dublin,"PARNELL SQUARE NORTH","Parnell Square North",53.3537,-6.2653,0,0,OPEN,"2025-02-22 18:18:27",1,0,{},3,17,0,3,0,3,20,3,17,0,3,0,3,20
30,dublin,"PARNELL SQUARE NORTH","Parnell Square North",53.3537,-6.2653,0,0,OPEN,"2025-02-22 18:28:33",1,0,{},3,17,0,3,0,3,20,3,17,0,3,0,3,20
30,dublin,"PARNELL SQUARE NORTH","Parnell Square North",53.3537,-6.2653,0,0,OPEN,"2025-02-22 18:38:38",1,0,{},3,17,0,3,0,3,20,3,17,0,3,0,3,20
30,dublin,"PARNELL SQUARE NORTH","Parnell Square North",53.3537,-6.2653,0,0,OPEN,"2025-02-22 18:48:43",1,0,{},3,17,0,3,0,3,20,3,17,0,3,0,3,20
30,dublin,"PARNELL SQUARE NORTH","Parnell Square North",53.3537,-6.2653,0,0,OPEN,"2025-02-22 18:58:48",1,0,{},4,16,0,4,0,4,20,4,16,0,4,0,4,20
30,dublin,"PARNELL SQUARE NORTH","Parnell Square North",53.3537,-6.2653,0,0,OPEN,"2025-02-22 19:03:45",1,0,{},4,16,1,3,0,3,20,4,16,1,3,0,3,20
30,dublin,"PARNELL SQUARE NORTH","Parnell Square North",53.3537,-6.2653,0,0,OPEN,"2025-02-22 19:08:55",1,0,{},4,16,1,3,0,3,20,4,16,1,3,0,3,20
30,dublin,"PARNELL SQUARE NORTH","Parnell Square North",53.3537,-6.2653,0,0,OPEN,"2025-02-22 19:19:00",1,0,{},4,16,1,3,0,3,20,4,16,1,3,0,3,20
30,dublin,"PARNELL SQUARE NORTH","Parnell Square North",53.3537,-6.2653,0,0,OPEN,"2025-02-22 19:29:06",1,0,{},4,16,1,3,0,3,20,4,16,1,3,0,3,20
30,dublin,"PARNELL SQUARE NORTH","Parnell Square North",53.3537,-6.2653,0,0,OPEN,"2025-02-22 19:30:45",1,0,{},3,17,0,3,0,3,20,3,17,0,3,0,3,20
30,dublin,"PARNELL SQUARE NORTH","Parnell Square North",53.3537,-6.2653,0,0,OPEN,"2025-02-22 19:39:13",1,0,{},3,17,0,3,0,3,20,3,17,0,3,0,3,20
30,dublin,"PARNELL SQUARE NORTH","Parnell Square North",53.3537,-6.2653,0,0,OPEN,"2025-02-22 19:49:18",1,0,{},3,17,0,3,0,3,20,3,17,0,3,0,3,20
30,dublin,"PARNELL SQUARE NORTH","Parnell Square North",53.3537,-6.2653,0,0,OPEN,"2025-02-22 19:59:24",1,0,{},2,18,0,2,0,2,20,2,18,0,2,0,2,20
30,dublin,"PARNELL SQUARE NORTH","Parnell Square North",53.3537,-6.2653,0,0,OPEN,"2025-02-22 20:09:29",1,0,{},3,17,0,3,0,3,20,3,17,0,3,0,3,20
30,dublin,"PARNELL SQUARE NORTH","Parnell Square North",53.3537,-6.2653,0,0,OPEN,"2025-02-22 20:19:34",1,0,{},3,17,0,3,0,3,20,3,17,0,3,0,3,20
30,dublin,"PARNELL SQUARE NORTH","Parnell Square North",53.3537,-6.2653,0,0,OPEN,"2025-02-22 20:26:43",1,0,{},3,17,0,3,0,3,20,3,17,0,3,0,3,20
30,dublin,"PARNELL SQUARE NORTH","Parnell Square North",53.3537,-6.2653,0,0,OPEN,"2025-02-22 20:29:40",1,0,{},3,17,0,3,0,3,20,3,17,0,3,0,3,20
30,dublin,"PARNELL SQUARE NORTH","Parnell Square North",53.3537,-6.2653,0,0,OPEN,"2025-02-22 20:39:46",1,0,{},3,17,0,3,0,3,20,3,17,0,3,0,3,20
30,dublin,"PARNELL SQUARE NORTH","Parnell Square North",53.3537,-6.2653,0,0,OPEN,"2025-02-22 20:49:51",1,0,{},3,17,0,3,0,3,20,3,17,0,3,0,3,20
30,dublin,"PARNELL SQUARE NORTH","Parnell Square North",53.3537,-6.2653,0,0,OPEN,"2025-02-22 21:00:48",1,0,{},2,18,0,2,0,2,20,2,18,0,2,0,2,20
30,dublin,"PARNELL SQUARE NORTH","Parnell Square North",53.3537,-6.2653,0,0,OPEN,"2025-02-22 21:10:03",1,0,{},2,18,0,2,0,2,20,2,18,0,2,0,2,20
30,dublin,"PARNELL SQUARE NORTH","Parnell Square North",53.3537,-6.2653,0,0,OPEN,"2025-02-22 21:20:09",1,0,{},2,18,0,2,0,2,20,2,18,0,2,0,2,20
30,dublin,"PARNELL SQUARE NORTH","Parnell Square North",53.3537,-6.2653,0,0,OPEN,"2025-02-22 21:30:14",1,0,{},2,18,0,2,0,2,20,2,18,0,2,0,2,20
30,dublin,"PARNELL SQUARE NORTH","Parnell Square North",53.3537,-6.2653,0,0,OPEN,"2025-02-22 21:40:19",1,0,{},2,18,0,2,0,2,20,2,18,0,2,0,2,20
30,dublin,"PARNELL SQUARE NORTH","Parnell Square North",53.3537,-6.2653,0,0,OPEN,"2025-02-22 21:50:24",1,0,{},2,18,0,2,0,2,20,2,18,0,2,0,2,20
30,dublin,"PARNELL SQUARE NORTH","Parnell Square North",53.3537,-6.2653,0,0,OPEN,"2025-02-22 22:00:29",1,0,{},2,18,0,2,0,2,20,2,18,0,2,0,2,20
30,dublin,"PARNELL SQUARE NORTH","Parnell Square North",53.3537,-6.2653,0,0,OPEN,"2025-02-22 22:10:35",1,0,{},2,18,0,2,0,2,20,2,18,0,2,0,2,20
31,dublin,"PARNELL STREET","Parnell Street",53.3509,-6.26512,0,0,OPEN,"2025-02-22 02:55:49",1,0,{},18,2,12,6,0,6,20,18,2,12,6,0,6,20
31,dublin,"PARNELL STREET","Parnell Street",53.3509,-6.26512,0,0,OPEN,"2025-02-22 03:05:52",1,0,{},18,2,12,6,0,6,20,18,2,12,6,0,6,20
31,dublin,"PARNELL STREET","Parnell Street",53.3509,-6.26512,0,0,OPEN,"2025-02-22 03:15:55",1,0,{},18,2,12,6,0,6,20,18,2,12,6,0,6,20
31,dublin,"PARNELL STREET","Parnell Street",53.3509,-6.26512,0,0,OPEN,"2025-02-22 10:09:02",1,0,{},18,2,11,7,0,7,20,18,2,11,7,0,7,20
31,dublin,"PARNELL STREET","Parnell Street",53.3509,-6.26512,0,0,OPEN,"2025-02-22 10:17:58",1,0,{},18,2,11,7,0,7,20,18,2,11,7,0,7,20
31,dublin,"PARNELL STREET","Parnell Street",53.3509,-6.26512,0,0,OPEN,"2025-02-22 10:19:06",1,0,{},18,2,11,7,0,7,20,18,2,11,7,0,7,20
31,dublin,"PARNELL STREET","Parnell Street",53.3509,-6.26512,0,0,OPEN,"2025-02-22 10:32:43",1,0,{},16,4,10,6,0,6,20,16,4,10,6,0,6,20
31,dublin,"PARNELL STREET","Parnell Street",53.3509,-6.26512,0,0,OPEN,"2025-02-22 10:39:17",1,0,{},16,4,10,6,0,6,20,16,4,10,6,0,6,20
31,dublin,"PARNELL STREET","Parnell Street",53.3509,-6.26512,0,0,OPEN,"2025-02-22 10:49:21",1,0,{},16,4,10,6,0,6,20,16,4,10,6,0,6,20
31,dublin,"PARNELL STREET","Parnell Street",53.3509,-6.26512,0,0,OPEN,"2025-02-22 11:02:43",1,0,{},17,3,11,6,0,6,20,17,3,11,6,0,6,20
31,dublin,"PARNELL STREET","Parnell Street",53.3509,-6.26512,0,0,OPEN,"2025-02-22 11:06:13",1,0,{},18,2,12,6,0,6,20,18,2,12,6,0,6,20
31,dublin,"PARNELL STREET","Parnell Street",53.3509,-6.26512,0,0,OPEN,"2025-02-22 11:09:30",1,0,{},18,2,12,6,0,6,20,18,2,12,6,0,6,20
31,dublin,"PARNELL STREET","Parnell Street",53.3509,-6.26512,0,0,OPEN,"2025-02-22 11:19:34",1,0,{},18,2,12,6,0,6,20,18,2,12,6,0,6,20
31,dublin,"PARNELL STREET","Parnell Street",53.3509,-6.26512,0,0,OPEN,"2025-02-22 11:28:17",1,0,{},19,1,12,7,0,7,20,19,1,12,7,0,7,20
31,dublin,"PARNELL STREET","Parnell Street",53.3509,-6.26512,0,0,OPEN,"2025-02-22 11:29:39",1,0,{},19,1,12,7,0,7,20,19,1,12,7,0,7,20
31,dublin,"PARNELL STREET","Parnell Street",53.3509,-6.26512,0,0,OPEN,"2025-02-22 11:35:36",1,0,{},20,0,13,7,0,7,20,20,0,13,7,0,7,20
31,dublin,"PARNELL STREET","Parnell Street",53.3509,-6.26512,0,0,OPEN,"2025-02-22 11:41:59",1,0,{},19,1,12,7,0,7,20,19,1,12,7,0,7,20
31,dublin,"PARNELL STREET","Parnell Street",53.3509,-6.26512,0,0,OPEN,"2025-02-22 11:49:49",1,0,{},19,1,12,7,0,7,20,19,1,12,7,0,7,20
31,dublin,"PARNELL STREET","Parnell Street",53.3509,-6.26512,0,0,OPEN,"2025-02-22 11:59:53",1,0,{},19,1,12,7,0,7,20,19,1,12,7,0,7,20
31,dublin,"PARNELL STREET","Parnell Street",53.3509,-6.26512,0,0,OPEN,"2025-02-22 12:04:07",1,0,{},18,2,11,7,0,7,20,18,2,11,7,0,7,20
31,dublin,"PARNELL STREET","Parnell Street",53.3509,-6.26512,0,0,OPEN,"2025-02-22 12:10:24",1,0,{},19,1,12,7,0,7,20,19,1,12,7,0,7,20
31,dublin,"PARNELL STREET","Parnell Street",53.3509,-6.26512,0,0,OPEN,"2025-02-22 12:20:05",1,0,{},19,1,12,7,0,7,20,19,1,12,7,0,7,20
31,dublin,"PARNELL STREET","Parnell Street",53.3509,-6.26512,0,0,OPEN,"2025-02-22 12:27:42",1,0,{},20,0,13,7,0,7,20,20,0,13,7,0,7,20
31,dublin,"PARNELL STREET","Parnell Street",53.3509,-6.26512,0,0,OPEN,"2025-02-22 12:30:11",1,0,{},20,0,13,7,0,7,20,20,0,13,7,0,7,20
31,dublin,"PARNELL STREET","Parnell Street",53.3509,-6.26512,0,0,OPEN,"2025-02-22 12:40:15",1,0,{},20,0,13,7,0,7,20,20,0,13,7,0,7,20
31,dublin,"PARNELL STREET","Parnell Street",53.3509,-6.26512,0,0,OPEN,"2025-02-22 12:46:09",1,0,{},20,0,13,7,0,7,20,20,0,13,7,0,7,20
31,dublin,"PARNELL STREET","Parnell Street",53.3509,-6.26512,0,0,OPEN,"2025-02-22 12:50:20",1,0,{},20,0,13,7,0,7,20,20,0,13,7,0,7,20
31,dublin,"PARNELL STREET","Parnell Street",53.3509,-6.26512,0,0,OPEN,"2025-02-22 13:00:24",1,0,{},20,0,13,7,0,7,20,20,0,13,7,0,7,20
31,dublin,"PARNELL STREET","Parnell Street",53.3509,-6.26512,0,0,OPEN,"2025-02-22 13:07:48",1,0,{},18,2,11,7,0,7,20,18,2,11,7,0,7,20
31,dublin,"PARNELL STREET","Parnell Street",53.3509,-6.26512,0,0,OPEN,"2025-02-22 13:10:31",1,0,{},18,2,11,7,0,7,20,18,2,11,7,0,7,20
31,dublin,"PARNELL STREET","Parnell Street",53.3509,-6.26512,0,0,OPEN,"2025-02-22 13:21:22",1,0,{},19,1,12,7,0,7,20,19,1,12,7,0,7,20
31,dublin,"PARNELL STREET","Parnell Street",53.3509,-6.26512,0,0,OPEN,"2025-02-22 13:31:30",1,0,{},18,2,11,7,0,7,20,18,2,11,7,0,7,20
31,dublin,"PARNELL STREET","Parnell Street",53.3509,-6.26512,0,0,OPEN,"2025-02-22 13:38:18",1,0,{},19,1,12,7,0,7,20,19,1,12,7,0,7,20
31,dublin,"PARNELL STREET","Parnell Street",53.3509,-6.26512,0,0,OPEN,"2025-02-22 13:40:45",1,0,{},19,1,12,7,0,7,20,19,1,12,7,0,7,20
31,dublin,"PARNELL STREET","Parnell Street",53.3509,-6.26512,0,0,OPEN,"2025-02-22 13:48:14",1,0,{},19,1,13,6,0,6,20,19,1,13,6,0,6,20
31,dublin,"PARNELL STREET","Parnell Street",53.3509,-6.26512,0,0,OPEN,"2025-02-22 13:50:51",1,0,{},20,0,13,7,0,7,20,20,0,13,7,0,7,20
31,dublin,"PARNELL STREET","Parnell Street",53.3509,-6.26512,0,0,OPEN,"2025-02-22 14:00:56",1,0,{},20,0,13,7,0,7,20,20,0,13,7,0,7,20
31,dublin,"PARNELL STREET","Parnell Street",53.3509,-6.26512,0,0,OPEN,"2025-02-22 14:11:00",1,0,{},20,0,13,7,0,7,20,20,0,13,7,0,7,20
31,dublin,"PARNELL STREET","Parnell Street",53.3509,-6.26512,0,0,OPEN,"2025-02-22 14:22:59",1,0,{},19,1,12,7,0,7,20,19,1,12,7,0,7,20
31,dublin,"PARNELL STREET","Parnell Street",53.3509,-6.26512,0,0,OPEN,"2025-02-22 14:24:37",1,0,{},18,2,11,7,0,7,20,18,2,11,7,0,7,20
31,dublin,"PARNELL STREET","Parnell Street",53.3509,-6.26512,0,0,OPEN,"2025-02-22 14:32:09",1,0,{},19,1,11,8,0,8,20,19,1,11,8,0,8,20
31,dublin,"PARNELL STREET","Parnell Street",53.3509,-6.26512,0,0,OPEN,"2025-02-22 14:36:51",1,0,{},20,0,11,9,0,9,20,20,0,11,9,0,9,20
31,dublin,"PARNELL STREET","Parnell Street",53.3509,-6.26512,0,0,OPEN,"2025-02-22 14:41:16",1,0,{},20,0,11,9,0,9,20,20,0,11,9,0,9,20
31,dublin,"PARNELL STREET","Parnell Street",53.3509,-6.26512,0,0,OPEN,"2025-02-22 14:52:49",1,0,{},20,0,11,9,0,9,20,20,0,11,9,0,9,20
31,dublin,"PARNELL STREET","Parnell Street",53.3509,-6.26512,0,0,OPEN,"2025-02-22 15:01:25",1,0,{},20,0,11,9,0,9,20,20,0,11,9,0,9,20
31,dublin,"PARNELL STREET","Parnell Street",53.3509,-6.26512,0,0,OPEN,"2025-02-22 15:07:41",1,0,{},18,2,9,9,0,9,20,18,2,9,9,0,9,20
31,dublin,"PARNELL STREET","Parnell Street",53.3509,-6.26512,0,0,OPEN,"2025-02-22 15:11:32",1,0,{},18,2,9,9,0,9,20,18,2,9,9,0,9,20
31,dublin,"PARNELL STREET","Parnell Street",53.3509,-6.26512,0,0,OPEN,"2025-02-22 15:23:21",1,0,{},17,3,8,9,0,9,20,17,3,8,9,0,9,20
31,dublin,"PARNELL STREET","Parnell Street",53.3509,-6.26512,0,0,OPEN,"2025-02-22 15:26:01",1,0,{},18,2,9,9,0,9,20,18,2,9,9,0,9,20
31,dublin,"PARNELL STREET","Parnell Street",53.3509,-6.26512,0,0,OPEN,"2025-02-22 15:31:41",1,0,{},18,2,9,9,0,9,20,18,2,9,9,0,9,20
31,dublin,"PARNELL STREET","Parnell Street",53.3509,-6.26512,0,0,OPEN,"2025-02-22 15:37:34",1,0,{},19,1,10,9,0,9,20,19,1,10,9,0,9,20
31,dublin,"PARNELL STREET","Parnell Street",53.3509,-6.26512,0,0,OPEN,"2025-02-22 15:41:46",1,0,{},20,0,11,9,0,9,20,20,0,11,9,0,9,20
31,dublin,"PARNELL STREET","Parnell Street",53.3509,-6.26512,0,0,OPEN,"2025-02-22 15:51:50",1,0,{},20,0,11,9,0,9,20,20,0,11,9,0,9,20
31,dublin,"PARNELL STREET","Parnell Street",53.3509,-6.26512,0,0,OPEN,"2025-02-22 15:58:13",1,0,{},19,1,11,8,0,8,20,19,1,11,8,0,8,20
31,dublin,"PARNELL STREET","Parnell Street",53.3509,-6.26512,0,0,OPEN,"2025-02-22 16:01:54",1,0,{},20,0,12,8,0,8,20,20,0,12,8,0,8,20
31,dublin,"PARNELL STREET","Parnell Street",53.3509,-6.26512,0,0,OPEN,"2025-02-22 16:05:21",1,0,{},11,9,8,3,0,3,20,11,9,8,3,0,3,20
31,dublin,"PARNELL STREET","Parnell Street",53.3509,-6.26512,0,0,OPEN,"2025-02-22 16:12:02",1,0,{},12,8,9,3,0,3,20,12,8,9,3,0,3,20
31,dublin,"PARNELL STREET","Parnell Street",53.3509,-6.26512,0,0,OPEN,"2025-02-22 16:16:26",1,0,{},11,9,8,3,0,3,20,11,9,8,3,0,3,20
31,dublin,"PARNELL STREET","Parnell Street",53.3509,-6.26512,0,0,OPEN,"2025-02-22 16:22:08",1,0,{},11,9,8,3,0,3,20,11,9,8,3,0,3,20
31,dublin,"PARNELL STREET","Parnell Street",53.3509,-6.26512,0,0,OPEN,"2025-02-22 16:32:13",1,0,{},11,9,8,3,0,3,20,11,9,8,3,0,3,20
31,dublin,"PARNELL STREET","Parnell Street",53.3509,-6.26512,0,0,OPEN,"2025-02-22 16:38:18",1,0,{},10,10,7,3,0,3,20,10,10,7,3,0,3,20
31,dublin,"PARNELL STREET","Parnell Street",53.3509,-6.26512,0,0,OPEN,"2025-02-22 16:42:18",1,0,{},10,10,7,3,0,3,20,10,10,7,3,0,3,20
31,dublin,"PARNELL STREET","Parnell Street",53.3509,-6.26512,0,0,OPEN,"2025-02-22 16:48:22",1,0,{},11,9,8,3,0,3,20,11,9,8,3,0,3,20
31,dublin,"PARNELL STREET","Parnell Street",53.3509,-6.26512,0,0,OPEN,"2025-02-22 16:53:18",1,0,{},10,10,7,3,0,3,20,10,10,7,3,0,3,20
31,dublin,"PARNELL STREET","Parnell Street",53.3509,-6.26512,0,0,OPEN,"2025-02-22 16:58:15",1,0,{},11,9,8,3,0,3,20,11,9,8,3,0,3,20
31,dublin,"PARNELL STREET","Parnell Street",53.3509,-6.26512,0,0,OPEN,"2025-02-22 17:02:31",1,0,{},13,7,10,3,0,3,20,13,7,10,3,0,3,20
31,dublin,"PARNELL STREET","Parnell Street",53.3509,-6.26512,0,0,OPEN,"2025-02-22 17:12:35",1,0,{},15,5,10,5,0,5,20,15,5,10,5,0,5,20
31,dublin,"PARNELL STREET","Parnell Street",53.3509,-6.26512,0,0,OPEN,"2025-02-22 17:22:40",1,0,{},15,5,10,5,0,5,20,15,5,10,5,0,5,20
31,dublin,"PARNELL STREET","Parnell Street",53.3509,-6.26512,0,0,OPEN,"2025-02-22 17:32:47",1,0,{},15,5,10,5,0,5,20,15,5,10,5,0,5,20
31,dublin,"PARNELL STREET","Parnell Street",53.3509,-6.26512,0,0,OPEN,"2025-02-22 17:36:47",1,0,{},16,4,11,5,0,5,20,16,4,11,5,0,5,20
31,dublin,"PARNELL STREET","Parnell Street",53.3509,-6.26512,0,0,OPEN,"2025-02-22 17:42:52",1,0,{},15,5,10,5,0,5,20,15,5,10,5,0,5,20
31,dublin,"PARNELL STREET","Parnell Street",53.3509,-6.26512,0,0,OPEN,"2025-02-22 17:44:54",1,0,{},18,2,13,5,0,5,20,18,2,13,5,0,5,20
31,dublin,"PARNELL STREET","Parnell Street",53.3509,-6.26512,0,0,OPEN,"2025-02-22 17:52:58",1,0,{},18,2,13,5,0,5,20,18,2,13,5,0,5,20
31,dublin,"PARNELL STREET","Parnell Street",53.3509,-6.26512,0,0,OPEN,"2025-02-22 18:03:01",1,0,{},20,0,13,7,0,7,20,20,0,13,7,0,7,20
31,dublin,"PARNELL STREET","Parnell Street",53.3509,-6.26512,0,0,OPEN,"2025-02-22 18:13:05",1,0,{},20,0,13,7,0,7,20,20,0,13,7,0,7,20
31,dublin,"PARNELL STREET","Parnell Street",53.3509,-6.26512,0,0,OPEN,"2025-02-22 18:23:10",1,0,{},19,1,12,7,0,7,20,19,1,12,7,0,7,20
31,dublin,"PARNELL STREET","Parnell Street",53.3509,-6.26512,0,0,OPEN,"2025-02-22 18:25:21",1,0,{},20,0,13,7,0,7,20,20,0,13,7,0,7,20
31,dublin,"PARNELL STREET","Parnell Street",53.3509,-6.26512,0,0,OPEN,"2025-02-22 18:33:14",1,0,{},20,0,13,7,0,7,20,20,0,13,7,0,7,20
31,dublin,"PARNELL STREET","Parnell Street",53.3509,-6.26512,0,0,OPEN,"2025-02-22 18:43:18",1,0,{},20,0,13,7,0,7,20,20,0,13,7,0,7,20
31,dublin,"PARNELL STREET","Parnell Street",53.3509,-6.26512,0,0,OPEN,"2025-02-22 18:49:05",1,0,{},18,2,11,7,0,7,20,18,2,11,7,0,7,20
31,dublin,"PARNELL STREET","Parnell Street",53.3509,-6.26512,0,0,OPEN,"2025-02-22 18:53:25",1,0,{},20,0,11,9,0,9,20,20,0,11,9,0,9,20
31,dublin,"PARNELL STREET","Parnell Street",53.3509,-6.26512,0,0,OPEN,"2025-02-22 19:03:31",1,0,{},20,0,11,9,0,9,20,20,0,11,9,0,9,20
31,dublin,"PARNELL STREET","Parnell Street",53.3509,-6.26512,0,0,OPEN,"2025-02-22 19:06:06",1,0,{},18,2,9,9,0,9,20,18,2,9,9,0,9,20
31,dublin,"PARNELL STREET","Parnell Street",53.3509,-6.26512,0,0,OPEN,"2025-02-22 19:13:42",1,0,{},17,3,8,9,0,9,20,17,3,8,9,0,9,20
31,dublin,"PARNELL STREET","Parnell Street",53.3509,-6.26512,0,0,OPEN,"2025-02-22 19:17:24",1,0,{},18,2,8,10,0,10,20,18,2,8,10,0,10,20
31,dublin,"PARNELL STREET","Parnell Street",53.3509,-6.26512,0,0,OPEN,"2025-02-22 19:23:47",1,0,{},19,1,9,10,0,10,20,19,1,9,10,0,10,20
31,dublin,"PARNELL STREET","Parnell Street",53.3509,-6.26512,0,0,OPEN,"2025-02-22 19:25:46",1,0,{},20,0,10,10,0,10,20,20,0,10,10,0,10,20
31,dublin,"PARNELL STREET","Parnell Street",53.3509,-6.26512,0,0,OPEN,"2025-02-22 19:33:52",1,0,{},20,0,10,10,0,10,20,20,0,10,10,0,10,20
31,dublin,"PARNELL STREET","Parnell Street",53.3509,-6.26512,0,0,OPEN,"2025-02-22 19:44:04",1,0,{},19,1,10,9,0,9,20,19,1,10,9,0,9,20
31,dublin,"PARNELL STREET","Parnell Street",53.3509,-6.26512,0,0,OPEN,"2025-02-22 19:53:59",1,0,{},20,0,11,9,0,9,20,20,0,11,9,0,9,20
31,dublin,"PARNELL STREET","Parnell Street",53.3509,-6.26512,0,0,OPEN,"2025-02-22 20:04:29",1,0,{},19,1,10,9,0,9,20,19,1,10,9,0,9,20
31,dublin,"PARNELL STREET","Parnell Street",53.3509,-6.26512,0,0,OPEN,"2025-02-22 20:14:09",1,0,{},19,1,10,9,0,9,20,19,1,10,9,0,9,20
31,dublin,"PARNELL STREET","Parnell Street",53.3509,-6.26512,0,0,OPEN,"2025-02-22 20:24:13",1,0,{},19,1,10,9,0,9,20,19,1,10,9,0,9,20
31,dublin,"PARNELL STREET","Parnell Street",53.3509,-6.26512,0,0,OPEN,"2025-02-22 20:34:17",1,0,{},19,1,10,9,0,9,20,19,1,10,9,0,9,20
31,dublin,"PARNELL STREET","Parnell Street",53.3509,-6.26512,0,0,OPEN,"2025-02-22 20:44:21",1,0,{},19,1,10,9,0,9,20,19,1,10,9,0,9,20
31,dublin,"PARNELL STREET","Parnell Street",53.3509,-6.26512,0,0,OPEN,"2025-02-22 20:54:26",1,0,{},19,1,10,9,0,9,20,19,1,10,9,0,9,20
31,dublin,"PARNELL STREET","Parnell Street",53.3509,-6.26512,0,0,OPEN,"2025-02-22 21:04:30",1,0,{},19,1,10,9,0,9,20,19,1,10,9,0,9,20
31,dublin,"PARNELL STREET","Parnell Street",53.3509,-6.26512,0,0,OPEN,"2025-02-22 21:06:00",1,0,{},20,0,11,9,0,9,20,20,0,11,9,0,9,20
31,dublin,"PARNELL STREET","Parnell Street",53.3509,-6.26512,0,0,OPEN,"2025-02-22 21:14:14",1,0,{},19,1,10,9,0,9,20,19,1,10,9,0,9,20
31,dublin,"PARNELL STREET","Parnell Street",53.3509,-6.26512,0,0,OPEN,"2025-02-22 21:16:04",1,0,{},19,1,10,9,0,9,20,19,1,10,9,0,9,20
31,dublin,"PARNELL STREET","Parnell Street",53.3509,-6.26512,0,0,OPEN,"2025-02-22 21:24:42",1,0,{},19,1,10,9,0,9,20,19,1,10,9,0,9,20
31,dublin,"PARNELL STREET","Parnell Street",53.3509,-6.26512,0,0,OPEN,"2025-02-22 21:34:46",1,0,{},19,1,10,9,0,9,20,19,1,10,9,0,9,20
31,dublin,"PARNELL STREET","Parnell Street",53.3509,-6.26512,0,0,OPEN,"2025-02-22 21:44:11",1,0,{},18,2,10,8,0,8,20,18,2,10,8,0,8,20
31,dublin,"PARNELL STREET","Parnell Street",53.3509,-6.26512,0,0,OPEN,"2025-02-22 21:44:52",1,0,{},18,2,10,8,0,8,20,18,2,10,8,0,8,20
31,dublin,"PARNELL STREET","Parnell Street",53.3509,-6.26512,0,0,OPEN,"2025-02-22 21:54:56",1,0,{},18,2,10,8,0,8,20,18,2,10,8,0,8,20
31,dublin,"PARNELL STREET","Parnell Street",53.3509,-6.26512,0,0,OPEN,"2025-02-22 22:01:05",1,0,{},18,2,10,8,0,8,20,18,2,10,8,0,8,20
31,dublin,"PARNELL STREET","Parnell Street",53.3509,-6.26512,0,0,OPEN,"2025-02-22 22:05:02",1,0,{},18,2,10,8,0,8,20,18,2,10,8,0,8,20
31,dublin,"PARNELL STREET","Parnell Street",53.3509,-6.26512,0,0,OPEN,"2025-02-22 22:14:28",1,0,{},19,1,11,8,0,8,20,19,1,11,8,0,8,20
31,dublin,"PARNELL STREET","Parnell Street",53.3509,-6.26512,0,0,OPEN,"2025-02-22 22:15:07",1,0,{},19,1,11,8,0,8,20,19,1,11,8,0,8,20
32,dublin,"PEARSE STREET","Pearse Street",53.3443,-6.25043,0,0,OPEN,"2025-02-22 02:59:12",1,0,{},4,26,0,4,0,4,30,4,26,0,4,0,4,30
32,dublin,"PEARSE STREET","Pearse Street",53.3443,-6.25043,0,0,OPEN,"2025-02-22 03:09:16",1,0,{},4,26,0,4,0,4,30,4,26,0,4,0,4,30
32,dublin,"PEARSE STREET","Pearse Street",53.3443,-6.25043,0,0,OPEN,"2025-02-22 03:16:25",1,0,{},4,26,0,4,0,4,30,4,26,0,4,0,4,30
32,dublin,"PEARSE STREET","Pearse Street",53.3443,-6.25043,0,0,OPEN,"2025-02-22 10:08:45",1,0,{},16,14,11,5,0,5,30,16,14,11,5,0,5,30
32,dublin,"PEARSE STREET","Pearse Street",53.3443,-6.25043,0,0,OPEN,"2025-02-22 10:19:45",1,0,{},17,13,12,5,0,5,30,17,13,12,5,0,5,30
32,dublin,"PEARSE STREET","Pearse Street",53.3443,-6.25043,0,0,OPEN,"2025-02-22 10:23:36",1,0,{},18,12,13,5,0,5,30,18,12,13,5,0,5,30
32,dublin,"PEARSE STREET","Pearse Street",53.3443,-6.25043,0,0,OPEN,"2025-02-22 10:31:56",1,0,{},20,10,15,5,0,5,30,20,10,15,5,0,5,30
32,dublin,"PEARSE STREET","Pearse Street",53.3443,-6.25043,0,0,OPEN,"2025-02-22 10:38:57",1,0,{},21,9,16,5,0,5,30,21,9,16,5,0,5,30
32,dublin,"PEARSE STREET","Pearse Street",53.3443,-6.25043,0,0,OPEN,"2025-02-22 10:47:31",1,0,{},22,8,17,5,0,5,30,22,8,17,5,0,5,30
32,dublin,"PEARSE STREET","Pearse Street",53.3443,-6.25043,0,0,OPEN,"2025-02-22 10:49:51",1,0,{},20,10,17,3,0,3,30,20,10,17,3,0,3,30
32,dublin,"PEARSE STREET","Pearse Street",53.3443,-6.25043,0,0,OPEN,"2025-02-22 10:56:48",1,0,{},20,10,17,3,0,3,30,20,10,17,3,0,3,30
32,dublin,"PEARSE STREET","Pearse Street",53.3443,-6.25043,0,0,OPEN,"2025-02-22 10:59:08",1,0,{},20,10,17,3,0,3,30,20,10,17,3,0,3,30
32,dublin,"PEARSE STREET","Pearse Street",53.3443,-6.25043,0,0,OPEN,"2025-02-22 11:08:25",1,0,{},21,9,18,3,0,3,30,21,9,18,3,0,3,30
32,dublin,"PEARSE STREET","Pearse Street",53.3443,-6.25043,0,0,OPEN,"2025-02-22 11:09:11",1,0,{},21,9,18,3,0,3,30,21,9,18,3,0,3,30
32,dublin,"PEARSE STREET","Pearse Street",53.3443,-6.25043,0,0,OPEN,"2025-02-22 11:19:14",1,0,{},21,9,18,3,0,3,30,21,9,18,3,0,3,30
32,dublin,"PEARSE STREET","Pearse Street",53.3443,-6.25043,0,0,OPEN,"2025-02-22 11:24:49",1,0,{},23,7,19,4,0,4,30,23,7,19,4,0,4,30
32,dublin,"PEARSE STREET","Pearse Street",53.3443,-6.25043,0,0,OPEN,"2025-02-22 11:29:52",1,0,{},22,8,18,4,0,4,30,22,8,18,4,0,4,30
32,dublin,"PEARSE STREET","Pearse Street",53.3443,-6.25043,0,0,OPEN,"2025-02-22 11:39:24",1,0,{},22,8,18,4,0,4,30,22,8,18,4,0,4,30
32,dublin,"PEARSE STREET","Pearse Street",53.3443,-6.25043,0,0,OPEN,"2025-02-22 11:49:28",1,0,{},22,8,18,4,0,4,30,22,8,18,4,0,4,30
32,dublin,"PEARSE STREET","Pearse Street",53.3443,-6.25043,0,0,OPEN,"2025-02-22 11:58:12",1,0,{},21,9,17,4,0,4,30,21,9,17,4,0,4,30
32,dublin,"PEARSE STREET","Pearse Street",53.3443,-6.25043,0,0,OPEN,"2025-02-22 11:59:33",1,0,{},21,9,17,4,0,4,30,21,9,17,4,0,4,30
32,dublin,"PEARSE STREET","Pearse Street",53.3443,-6.25043,0,0,OPEN,"2025-02-22 12:09:36",1,0,{},21,9,17,4,0,4,30,21,9,17,4,0,4,30
32,dublin,"PEARSE STREET","Pearse Street",53.3443,-6.25043,0,0,OPEN,"2025-02-22 12:22:46",1,0,{},19,11,15,4,0,4,30,19,11,15,4,0,4,30
32,dublin,"PEARSE STREET","Pearse Street",53.3443,-6.25043,0,0,OPEN,"2025-02-22 12:23:40",1,0,{},20,10,16,4,0,4,30,20,10,16,4,0,4,30
32,dublin,"PEARSE STREET","Pearse Street",53.3443,-6.25043,0,0,OPEN,"2025-02-22 12:32:46",1,0,{},18,12,14,4,0,4,30,18,12,14,4,0,4,30
32,dublin,"PEARSE STREET","Pearse Street",53.3443,-6.25043,0,0,OPEN,"2025-02-22 12:34:31",1,0,{},20,10,14,6,0,6,30,20,10,14,6,0,6,30
32,dublin,"PEARSE STREET","Pearse Street",53.3443,-6.25043,0,0,OPEN,"2025-02-22 12:40:30",1,0,{},22,8,16,6,0,6,30,22,8,16,6,0,6,30
32,dublin,"PEARSE STREET","Pearse Street",53.3443,-6.25043,0,0,OPEN,"2025-02-22 12:47:34",1,0,{},23,7,17,6,0,6,30,23,7,17,6,0,6,30
32,dublin,"PEARSE STREET","Pearse Street",53.3443,-6.25043,0,0,OPEN,"2025-02-22 12:50:56",1,0,{},22,8,17,5,0,5,30,22,8,17,5,0,5,30
32,dublin,"PEARSE STREET","Pearse Street",53.3443,-6.25043,0,0,OPEN,"2025-02-22 12:56:38",1,0,{},22,8,16,6,0,6,30,22,8,16,6,0,6,30
32,dublin,"PEARSE STREET","Pearse Street",53.3443,-6.25043,0,0,OPEN,"2025-02-22 13:02:59",1,0,{},24,6,17,7,0,7,30,24,6,17,7,0,7,30
32,dublin,"PEARSE STREET","Pearse Street",53.3443,-6.25043,0,0,OPEN,"2025-02-22 13:10:07",1,0,{},24,6,17,7,0,7,30,24,6,17,7,0,7,30
32,dublin,"PEARSE STREET","Pearse Street",53.3443,-6.25043,0,0,OPEN,"2025-02-22 13:20:11",1,0,{},24,6,17,7,0,7,30,24,6,17,7,0,7,30
32,dublin,"PEARSE STREET","Pearse Street",53.3443,-6.25043,0,0,OPEN,"2025-02-22 13:30:14",1,0,{},24,6,17,7,0,7,30,24,6,17,7,0,7,30
32,dublin,"PEARSE STREET","Pearse Street",53.3443,-6.25043,0,0,OPEN,"2025-02-22 13:37:04",1,0,{},25,5,18,7,0,7,30,25,5,18,7,0,7,30
32,dublin,"PEARSE STREET","Pearse Street",53.3443,-6.25043,0,0,OPEN,"2025-02-22 13:40:55",1,0,{},26,4,18,8,0,8,30,26,4,18,8,0,8,30
32,dublin,"PEARSE STREET","Pearse Street",53.3443,-6.25043,0,0,OPEN,"2025-02-22 13:45:43",1,0,{},27,3,20,7,0,7,30,27,3,20,7,0,7,30
32,dublin,"PEARSE STREET","Pearse Street",53.3443,-6.25043,0,0,OPEN,"2025-02-22 13:50:22",1,0,{},27,3,20,7,0,7,30,27,3,20,7,0,7,30
32,dublin,"PEARSE STREET","Pearse Street",53.3443,-6.25043,0,0,OPEN,"2025-02-22 13:54:52",1,0,{},26,4,20,6,0,6,30,26,4,20,6,0,6,30
32,dublin,"PEARSE STREET","Pearse Street",53.3443,-6.25043,0,0,OPEN,"2025-02-22 14:02:42",1,0,{},25,5,19,6,0,6,30,25,5,19,6,0,6,30
32,dublin,"PEARSE STREET","Pearse Street",53.3443,-6.25043,0,0,OPEN,"2025-02-22 14:10:32",1,0,{},25,5,19,6,0,6,30,25,5,19,6,0,6,30
32,dublin,"PEARSE STREET","Pearse Street",53.3443,-6.25043,0,0,OPEN,"2025-02-22 14:18:27",1,0,{},24,6,18,6,0,6,30,24,6,18,6,0,6,30
32,dublin,"PEARSE STREET","Pearse Street",53.3443,-6.25043,0,0,OPEN,"2025-02-22 14:20:37",1,0,{},24,6,18,6,0,6,30,24,6,18,6,0,6,30
32,dublin,"PEARSE STREET","Pearse Street",53.3443,-6.25043,0,0,OPEN,"2025-02-22 14:27:57",1,0,{},25,5,19,6,0,6,30,25,5,19,6,0,6,30
32,dublin,"PEARSE STREET","Pearse Street",53.3443,-6.25043,0,0,OPEN,"2025-02-22 14:30:42",1,0,{},24,6,19,5,0,5,30,24,6,19,5,0,5,30
32,dublin,"PEARSE STREET","Pearse Street",53.3443,-6.25043,0,0,OPEN,"2025-02-22 14:42:10",1,0,{},23,7,19,4,0,4,30,23,7,19,4,0,4,30
32,dublin,"PEARSE STREET","Pearse Street",53.3443,-6.25043,0,0,OPEN,"2025-02-22 14:50:51",1,0,{},22,8,18,4,0,4,30,22,8,18,4,0,4,30
32,dublin,"PEARSE STREET","Pearse Street",53.3443,-6.25043,0,0,OPEN,"2025-02-22 14:57:04",1,0,{},21,9,17,4,0,4,30,21,9,17,4,0,4,30
32,dublin,"PEARSE STREET","Pearse Street",53.3443,-6.25043,0,0,OPEN,"2025-02-22 15:00:56",1,0,{},21,9,17,4,0,4,30,21,9,17,4,0,4,30
32,dublin,"PEARSE STREET","Pearse Street",53.3443,-6.25043,0,0,OPEN,"2025-02-22 15:07:36",1,0,{},20,10,16,4,0,4,30,20,10,16,4,0,4,30
32,dublin,"PEARSE STREET","Pearse Street",53.3443,-6.25043,0,0,OPEN,"2025-02-22 15:11:04",1,0,{},18,12,14,4,0,4,30,18,12,14,4,0,4,30
32,dublin,"PEARSE STREET","Pearse Street",53.3443,-6.25043,0,0,OPEN,"2025-02-22 15:16:06",1,0,{},19,11,15,4,0,4,30,19,11,15,4,0,4,30
32,dublin,"PEARSE STREET","Pearse Street",53.3443,-6.25043,0,0,OPEN,"2025-02-22 15:21:07",1,0,{},20,10,16,4,0,4,30,20,10,16,4,0,4,30
32,dublin,"PEARSE STREET","Pearse Street",53.3443,-6.25043,0,0,OPEN,"2025-02-22 15:24:39",1,0,{},21,9,17,4,0,4,30,21,9,17,4,0,4,30
32,dublin,"PEARSE STREET","Pearse Street",53.3443,-6.25043,0,0,OPEN,"2025-02-22 15:33:05",1,0,{},18,12,14,4,0,4,30,18,12,14,4,0,4,30
32,dublin,"PEARSE STREET","Pearse Street",53.3443,-6.25043,0,0,OPEN,"2025-02-22 15:43:28",1,0,{},22,8,17,5,0,5,30,22,8,17,5,0,5,30
32,dublin,"PEARSE STREET","Pearse Street",53.3443,-6.25043,0,0,OPEN,"2025-02-22 15:51:21",1,0,{},22,8,17,5,0,5,30,22,8,17,5,0,5,30
32,dublin,"PEARSE STREET","Pearse Street",53.3443,-6.25043,0,0,OPEN,"2025-02-22 16:01:25",1,0,{},22,8,17,5,0,5,30,22,8,17,5,0,5,30
32,dublin,"PEARSE STREET","Pearse Street",53.3443,-6.25043,0,0,OPEN,"2025-02-22 16:11:28",1,0,{},22,8,17,5,0,5,30,22,8,17,5,0,5,30
32,dublin,"PEARSE STREET","Pearse Street",53.3443,-6.25043,0,0,OPEN,"2025-02-22 16:14:38",1,0,{},21,9,16,5,0,5,30,21,9,16,5,0,5,30
32,dublin,"PEARSE STREET","Pearse Street",53.3443,-6.25043,0,0,OPEN,"2025-02-22 16:23:27",1,0,{},23,7,18,5,0,5,30,23,7,18,5,0,5,30
32,dublin,"PEARSE STREET","Pearse Street",53.3443,-6.25043,0,0,OPEN,"2025-02-22 16:31:36",1,0,{},23,7,18,5,0,5,30,23,7,18,5,0,5,30
32,dublin,"PEARSE STREET","Pearse Street",53.3443,-6.25043,0,0,OPEN,"2025-02-22 16:38:27",1,0,{},23,7,19,4,0,4,30,23,7,19,4,0,4,30
32,dublin,"PEARSE STREET","Pearse Street",53.3443,-6.25043,0,0,OPEN,"2025-02-22 16:41:40",1,0,{},23,7,19,4,0,4,30,23,7,19,4,0,4,30
32,dublin,"PEARSE STREET","Pearse Street",53.3443,-6.25043,0,0,OPEN,"2025-02-22 16:51:43",1,0,{},23,7,19,4,0,4,30,23,7,19,4,0,4,30
32,dublin,"PEARSE STREET","Pearse Street",53.3443,-6.25043,0,0,OPEN,"2025-02-22 16:57:37",1,0,{},22,8,18,4,0,4,30,22,8,18,4,0,4,30
32,dublin,"PEARSE STREET","Pearse Street",53.3443,-6.25043,0,0,OPEN,"2025-02-22 17:01:51",1,0,{},20,10,16,4,0,4,30,20,10,16,4,0,4,30
32,dublin,"PEARSE STREET","Pearse Street",53.3443,-6.25043,0,0,OPEN,"2025-02-22 17:05:54",1,0,{},21,9,17,4,0,4,30,21,9,17,4,0,4,30
32,dublin,"PEARSE STREET","Pearse Street",53.3443,-6.25043,0,0,OPEN,"2025-02-22 17:11:54",1,0,{},21,9,17,4,0,4,30,21,9,17,4,0,4,30
32,dublin,"PEARSE STREET","Pearse Street",53.3443,-6.25043,0,0,OPEN,"2025-02-22 17:15:04",1,0,{},22,8,18,4,0,4,30,22,8,18,4,0,4,30
32,dublin,"PEARSE STREET","Pearse Street",53.3443,-6.25043,0,0,OPEN,"2025-02-22 17:23:18",1,0,{},21,9,17,4,0,4,30,21,9,17,4,0,4,30
32,dublin,"PEARSE STREET","Pearse Street",53.3443,-6.25043,0,0,OPEN,"2025-02-22 17:27:32",1,0,{},21,9,17,4,0,4,30,21,9,17,4,0,4,30
32,dublin,"PEARSE STREET","Pearse Street",53.3443,-6.25043,0,0,OPEN,"2025-02-22 17:32:04",1,0,{},22,8,18,4,0,4,30,22,8,18,4,0,4,30
32,dublin,"PEARSE STREET","Pearse Street",53.3443,-6.25043,0,0,OPEN,"2025-02-22 17:42:09",1,0,{},21,9,17,4,0,4,30,21,9,17,4,0,4,30
32,dublin,"PEARSE STREET","Pearse Street",53.3443,-6.25043,0,0,OPEN,"2025-02-22 17:47:44",1,0,{},20,10,17,3,0,3,30,20,10,17,3,0,3,30
32,dublin,"PEARSE STREET","Pearse Street",53.3443,-6.25043,0,0,OPEN,"2025-02-22 17:53:04",1,0,{},21,9,18,3,0,3,30,21,9,18,3,0,3,30
32,dublin,"PEARSE STREET","Pearse Street",53.3443,-6.25043,0,0,OPEN,"2025-02-22 17:55:18",1,0,{},22,8,19,3,0,3,30,22,8,19,3,0,3,30
32,dublin,"PEARSE STREET","Pearse Street",53.3443,-6.25043,0,0,OPEN,"2025-02-22 18:02:20",1,0,{},21,9,18,3,0,3,30,21,9,18,3,0,3,30
32,dublin,"PEARSE STREET","Pearse Street",53.3443,-6.25043,0,0,OPEN,"2025-02-22 18:12:23",1,0,{},21,9,18,3,0,3,30,21,9,18,3,0,3,30
32,dublin,"PEARSE STREET","Pearse Street",53.3443,-6.25043,0,0,OPEN,"2025-02-22 18:16:40",1,0,{},22,8,19,3,0,3,30,22,8,19,3,0,3,30
32,dublin,"PEARSE STREET","Pearse Street",53.3443,-6.25043,0,0,OPEN,"2025-02-22 18:22:27",1,0,{},22,8,19,3,0,3,30,22,8,19,3,0,3,30
32,dublin,"PEARSE STREET","Pearse Street",53.3443,-6.25043,0,0,OPEN,"2025-02-22 18:32:30",1,0,{},22,8,19,3,0,3,30,22,8,19,3,0,3,30
32,dublin,"PEARSE STREET","Pearse Street",53.3443,-6.25043,0,0,OPEN,"2025-02-22 18:43:29",1,0,{},23,7,20,3,0,3,30,23,7,20,3,0,3,30
32,dublin,"PEARSE STREET","Pearse Street",53.3443,-6.25043,0,0,OPEN,"2025-02-22 18:52:39",1,0,{},24,6,21,3,0,3,30,24,6,21,3,0,3,30
32,dublin,"PEARSE STREET","Pearse Street",53.3443,-6.25043,0,0,OPEN,"2025-02-22 19:03:24",1,0,{},23,7,20,3,0,3,30,23,7,20,3,0,3,30
32,dublin,"PEARSE STREET","Pearse Street",53.3443,-6.25043,0,0,OPEN,"2025-02-22 19:12:47",1,0,{},23,7,20,3,0,3,30,23,7,20,3,0,3,30
32,dublin,"PEARSE STREET","Pearse Street",53.3443,-6.25043,0,0,OPEN,"2025-02-22 19:18:10",1,0,{},24,6,21,3,0,3,30,24,6,21,3,0,3,30
32,dublin,"PEARSE STREET","Pearse Street",53.3443,-6.25043,0,0,OPEN,"2025-02-22 19:22:51",1,0,{},24,6,21,3,0,3,30,24,6,21,3,0,3,30
32,dublin,"PEARSE STREET","Pearse Street",53.3443,-6.25043,0,0,OPEN,"2025-02-22 19:32:55",1,0,{},24,6,21,3,0,3,30,24,6,21,3,0,3,30
32,dublin,"PEARSE STREET","Pearse Street",53.3443,-6.25043,0,0,OPEN,"2025-02-22 19:42:58",1,0,{},24,6,21,3,0,3,30,24,6,21,3,0,3,30
32,dublin,"PEARSE STREET","Pearse Street",53.3443,-6.25043,0,0,OPEN,"2025-02-22 19:53:01",1,0,{},24,6,21,3,0,3,30,24,6,21,3,0,3,30
32,dublin,"PEARSE STREET","Pearse Street",53.3443,-6.25043,0,0,OPEN,"2025-02-22 20:03:04",1,0,{},24,6,21,3,0,3,30,24,6,21,3,0,3,30
32,dublin,"PEARSE STREET","Pearse Street",53.3443,-6.25043,0,0,OPEN,"2025-02-22 20:13:08",1,0,{},24,6,21,3,0,3,30,24,6,21,3,0,3,30
32,dublin,"PEARSE STREET","Pearse Street",53.3443,-6.25043,0,0,OPEN,"2025-02-22 20:15:03",1,0,{},23,7,20,3,0,3,30,23,7,20,3,0,3,30
32,dublin,"PEARSE STREET","Pearse Street",53.3443,-6.25043,0,0,OPEN,"2025-02-22 20:23:52",1,0,{},22,8,19,3,0,3,30,22,8,19,3,0,3,30
32,dublin,"PEARSE STREET","Pearse Street",53.3443,-6.25043,0,0,OPEN,"2025-02-22 20:33:18",1,0,{},21,9,18,3,0,3,30,21,9,18,3,0,3,30
32,dublin,"PEARSE STREET","Pearse Street",53.3443,-6.25043,0,0,OPEN,"2025-02-22 20:43:21",1,0,{},21,9,18,3,0,3,30,21,9,18,3,0,3,30
32,dublin,"PEARSE STREET","Pearse Street",53.3443,-6.25043,0,0,OPEN,"2025-02-22 20:53:26",1,0,{},20,10,17,3,0,3,30,20,10,17,3,0,3,30
32,dublin,"PEARSE STREET","Pearse Street",53.3443,-6.25043,0,0,OPEN,"2025-02-22 21:03:30",1,0,{},21,9,18,3,0,3,30,21,9,18,3,0,3,30
32,dublin,"PEARSE STREET","Pearse Street",53.3443,-6.25043,0,0,OPEN,"2025-02-22 21:08:09",1,0,{},19,11,16,3,0,3,30,19,11,16,3,0,3,30
32,dublin,"PEARSE STREET","Pearse Street",53.3443,-6.25043,0,0,OPEN,"2025-02-22 21:13:37",1,0,{},20,10,17,3,0,3,30,20,10,17,3,0,3,30
32,dublin,"PEARSE STREET","Pearse Street",53.3443,-6.25043,0,0,OPEN,"2025-02-22 21:23:39",1,0,{},20,10,17,3,0,3,30,20,10,17,3,0,3,30
32,dublin,"PEARSE STREET","Pearse Street",53.3443,-6.25043,0,0,OPEN,"2025-02-22 21:33:42",1,0,{},20,10,17,3,0,3,30,20,10,17,3,0,3,30
32,dublin,"PEARSE STREET","Pearse Street",53.3443,-6.25043,0,0,OPEN,"2025-02-22 21:43:48",1,0,{},18,12,16,2,0,2,30,18,12,16,2,0,2,30
32,dublin,"PEARSE STREET","Pearse Street",53.3443,-6.25043,0,0,OPEN,"2025-02-22 21:47:42",1,0,{},17,13,15,2,0,2,30,17,13,15,2,0,2,30
32,dublin,"PEARSE STREET","Pearse Street",53.3443,-6.25043,0,0,OPEN,"2025-02-22 21:53:52",1,0,{},17,13,15,2,0,2,30,17,13,15,2,0,2,30
32,dublin,"PEARSE STREET","Pearse Street",53.3443,-6.25043,0,0,OPEN,"2025-02-22 22:03:55",1,0,{},17,13,15,2,0,2,30,17,13,15,2,0,2,30
32,dublin,"PEARSE STREET","Pearse Street",53.3443,-6.25043,0,0,OPEN,"2025-02-22 22:13:58",1,0,{},17,13,15,2,0,2,30,17,13,15,2,0,2,30
33,dublin,"PRINCES STREET / O'CONNELL STREET","Princes Street / O'Connell Street",53.349,-6.26031,0,0,OPEN,"2025-02-22 02:52:39",1,0,{},17,6,8,9,0,9,23,17,6,8,9,0,9,23
33,dublin,"PRINCES STREET / O'CONNELL STREET","Princes Street / O'Connell Street",53.349,-6.26031,0,0,OPEN,"2025-02-22 03:12:51",1,0,{},17,6,8,9,0,9,23,17,6,8,9,0,9,23
33,dublin,"PRINCES STREET / O'CONNELL STREET","Princes Street / O'Connell Street",53.349,-6.26031,0,0,OPEN,"2025-02-22 10:13:25",1,0,{},8,15,5,3,0,3,23,8,15,5,3,0,3,23
33,dublin,"PRINCES STREET / O'CONNELL STREET","Princes Street / O'Connell Street",53.349,-6.26031,0,0,OPEN,"2025-02-22 10:23:32",1,0,{},6,17,5,1,0,1,23,6,17,5,1,0,1,23
33,dublin,"PRINCES STREET / O'CONNELL STREET","Princes Street / O'Connell Street",53.349,-6.26031,0,0,OPEN,"2025-02-22 10:28:09",1,0,{},7,16,5,2,0,2,23,7,16,5,2,0,2,23
33,dublin,"PRINCES STREET / O'CONNELL STREET","Princes Street / O'Connell Street",53.349,-6.26031,0,0,OPEN,"2025-02-22 10:33:02",1,0,{},6,17,4,2,0,2,23,6,17,4,2,0,2,23
33,dublin,"PRINCES STREET / O'CONNELL STREET","Princes Street / O'Connell Street",53.349,-6.26031,0,0,OPEN,"2025-02-22 10:36:27",1,0,{},8,15,6,2,0,2,23,8,15,6,2,0,2,23
33,dublin,"PRINCES STREET / O'CONNELL STREET","Princes Street / O'Connell Street",53.349,-6.26031,0,0,OPEN,"2025-02-22 10:42:36",1,0,{},10,13,8,2,0,2,23,10,13,8,2,0,2,23
33,dublin,"PRINCES STREET / O'CONNELL STREET","Princes Street / O'Connell Street",53.349,-6.26031,0,0,OPEN,"2025-02-22 10:46:47",1,0,{},11,12,8,3,0,3,23,11,12,8,3,0,3,23
33,dublin,"PRINCES STREET / O'CONNELL STREET","Princes Street / O'Connell Street",53.349,-6.26031,0,0,OPEN,"2025-02-22 10:52:35",1,0,{},14,9,11,3,0,3,23,14,9,11,3,0,3,23
33,dublin,"PRINCES STREET / O'CONNELL STREET","Princes Street / O'Connell Street",53.349,-6.26031,0,0,OPEN,"2025-02-22 10:57:24",1,0,{},17,6,13,4,0,4,23,17,6,13,4,0,4,23
33,dublin,"PRINCES STREET / O'CONNELL STREET","Princes Street / O'Connell Street",53.349,-6.26031,0,0,OPEN,"2025-02-22 11:02:38",1,0,{},17,6,13,4,0,4,23,17,6,13,4,0,4,23
33,dublin,"PRINCES STREET / O'CONNELL STREET","Princes Street / O'Connell Street",53.349,-6.26031,0,0,OPEN,"2025-02-22 11:06:44",1,0,{},16,7,13,3,0,3,23,16,7,13,3,0,3,23
33,dublin,"PRINCES STREET / O'CONNELL STREET","Princes Street / O'Connell Street",53.349,-6.26031,0,0,OPEN,"2025-02-22 11:14:03",1,0,{},17,6,14,3,0,3,23,17,6,14,3,0,3,23
33,dublin,"PRINCES STREET / O'CONNELL STREET","Princes Street / O'Connell Street",53.349,-6.26031,0,0,OPEN,"2025-02-22 11:24:06",1,0,{},17,6,14,3,0,3,23,17,6,14,3,0,3,23
33,dublin,"PRINCES STREET / O'CONNELL STREET","Princes Street / O'Connell Street",53.349,-6.26031,0,0,OPEN,"2025-02-22 11:36:56",1,0,{},18,5,14,4,0,4,23,18,5,14,4,0,4,23
33,dublin,"PRINCES STREET / O'CONNELL STREET","Princes Street / O'Connell Street",53.349,-6.26031,0,0,OPEN,"2025-02-22 11:43:25",1,0,{},19,4,15,4,0,4,23,19,4,15,4,0,4,23
33,dublin,"PRINCES STREET / O'CONNELL STREET","Princes Street / O'Connell Street",53.349,-6.26031,0,0,OPEN,"2025-02-22 11:48:27",1,0,{},19,4,16,3,0,3,23,19,4,16,3,0,3,23
33,dublin,"PRINCES STREET / O'CONNELL STREET","Princes Street / O'Connell Street",53.349,-6.26031,0,0,OPEN,"2025-02-22 11:50:23",1,0,{},20,3,17,3,0,3,23,20,3,17,3,0,3,23
33,dublin,"PRINCES STREET / O'CONNELL STREET","Princes Street / O'Connell Street",53.349,-6.26031,0,0,OPEN,"2025-02-22 11:58:27",1,0,{},19,4,15,4,0,4,23,19,4,15,4,0,4,23
33,dublin,"PRINCES STREET / O'CONNELL STREET","Princes Street / O'Connell Street",53.349,-6.26031,0,0,OPEN,"2025-02-22 12:03:14",1,0,{},21,2,17,4,0,4,23,21,2,17,4,0,4,23
33,dublin,"PRINCES STREET / O'CONNELL STREET","Princes Street / O'Connell Street",53.349,-6.26031,0,0,OPEN,"2025-02-22 12:04:35",1,0,{},21,2,17,4,0,4,23,21,2,17,4,0,4,23
33,dublin,"PRINCES STREET / O'CONNELL STREET","Princes Street / O'Connell Street",53.349,-6.26031,0,0,OPEN,"2025-02-22 12:13:11",1,0,{},22,1,18,4,0,4,23,22,1,18,4,0,4,23
33,dublin,"PRINCES STREET / O'CONNELL STREET","Princes Street / O'Connell Street",53.349,-6.26031,0,0,OPEN,"2025-02-22 12:14:57",1,0,{},23,0,18,5,0,5,23,23,0,18,5,0,5,23
33,dublin,"PRINCES STREET / O'CONNELL STREET","Princes Street / O'Connell Street",53.349,-6.26031,0,0,OPEN,"2025-02-22 12:20:52",1,0,{},22,1,17,5,0,5,23,22,1,17,5,0,5,23
33,dublin,"PRINCES STREET / O'CONNELL STREET","Princes Street / O'Connell Street",53.349,-6.26031,0,0,OPEN,"2025-02-22 12:24:42",1,0,{},23,0,18,5,0,5,23,23,0,18,5,0,5,23
33,dublin,"PRINCES STREET / O'CONNELL STREET","Princes Street / O'Connell Street",53.349,-6.26031,0,0,OPEN,"2025-02-22 12:34:46",1,0,{},23,0,18,5,0,5,23,23,0,18,5,0,5,23
33,dublin,"PRINCES STREET / O'CONNELL STREET","Princes Street / O'Connell Street",53.349,-6.26031,0,0,OPEN,"2025-02-22 12:45:42",1,0,{},21,2,16,5,0,5,23,21,2,16,5,0,5,23
33,dublin,"PRINCES STREET / O'CONNELL STREET","Princes Street / O'Connell Street",53.349,-6.26031,0,0,OPEN,"2025-02-22 12:52:57",1,0,{},21,2,16,5,0,5,23,21,2,16,5,0,5,23
33,dublin,"PRINCES STREET / O'CONNELL STREET","Princes Street / O'Connell Street",53.349,-6.26031,0,0,OPEN,"2025-02-22 12:56:45",1,0,{},23,0,18,5,0,5,23,23,0,18,5,0,5,23
33,dublin,"PRINCES STREET / O'CONNELL STREET","Princes Street / O'Connell Street",53.349,-6.26031,0,0,OPEN,"2025-02-22 13:02:43",1,0,{},21,2,16,5,0,5,23,21,2,16,5,0,5,23
33,dublin,"PRINCES STREET / O'CONNELL STREET","Princes Street / O'Connell Street",53.349,-6.26031,0,0,OPEN,"2025-02-22 13:05:09",1,0,{},22,1,17,5,0,5,23,22,1,17,5,0,5,23
33,dublin,"PRINCES STREET / O'CONNELL STREET","Princes Street / O'Connell Street",53.349,-6.26031,0,0,OPEN,"2025-02-22 13:13:20",1,0,{},23,0,17,6,0,6,23,23,0,17,6,0,6,23
33,dublin,"PRINCES STREET / O'CONNELL STREET","Princes Street / O'Connell Street",53.349,-6.26031,0,0,OPEN,"2025-02-22 13:15:16",1,0,{},23,0,17,6,0,6,23,23,0,17,6,0,6,23
33,dublin,"PRINCES STREET / O'CONNELL STREET","Princes Street / O'Connell Street",53.349,-6.26031,0,0,OPEN,"2025-02-22 13:25:20",1,0,{},23,0,17,6,0,6,23,23,0,17,6,0,6,23
33,dublin,"PRINCES STREET / O'CONNELL STREET","Princes Street / O'Connell Street",53.349,-6.26031,0,0,OPEN,"2025-02-22 13:37:36",1,0,{},22,1,16,6,0,6,23,22,1,16,6,0,6,23
33,dublin,"PRINCES STREET / O'CONNELL STREET","Princes Street / O'Connell Street",53.349,-6.26031,0,0,OPEN,"2025-02-22 13:45:27",1,0,{},23,0,17,6,0,6,23,23,0,17,6,0,6,23
33,dublin,"PRINCES STREET / O'CONNELL STREET","Princes Street / O'Connell Street",53.349,-6.26031,0,0,OPEN,"2025-02-22 13:51:46",1,0,{},23,0,17,6,0,6,23,23,0,17,6,0,6,23
33,dublin,"PRINCES STREET / O'CONNELL STREET","Princes Street / O'Connell Street",53.349,-6.26031,0,0,OPEN,"2025-02-22 13:58:09",1,0,{},22,1,16,6,0,6,23,22,1,16,6,0,6,23
33,dublin,"PRINCES STREET / O'CONNELL STREET","Princes Street / O'Connell Street",53.349,-6.26031,0,0,OPEN,"2025-02-22 14:05:38",1,0,{},22,1,16,6,0,6,23,22,1,16,6,0,6,23
33,dublin,"PRINCES STREET / O'CONNELL STREET","Princes Street / O'Connell Street",53.349,-6.26031,0,0,OPEN,"2025-02-22 14:11:14",1,0,{},23,0,17,6,0,6,23,23,0,17,6,0,6,23
33,dublin,"PRINCES STREET / O'CONNELL STREET","Princes Street / O'Connell Street",53.349,-6.26031,0,0,OPEN,"2025-02-22 14:15:42",1,0,{},23,0,17,6,0,6,23,23,0,17,6,0,6,23
33,dublin,"PRINCES STREET / O'CONNELL STREET","Princes Street / O'Connell Street",53.349,-6.26031,0,0,OPEN,"2025-02-22 14:25:46",1,0,{},23,0,17,6,0,6,23,23,0,17,6,0,6,23
33,dublin,"PRINCES STREET / O'CONNELL STREET","Princes Street / O'Connell Street",53.349,-6.26031,0,0,OPEN,"2025-02-22 14:33:31",1,0,{},23,0,17,6,0,6,23,23,0,17,6,0,6,23
33,dublin,"PRINCES STREET / O'CONNELL STREET","Princes Street / O'Connell Street",53.349,-6.26031,0,0,OPEN,"2025-02-22 14:35:52",1,0,{},22,1,16,6,0,6,23,22,1,16,6,0,6,23
33,dublin,"PRINCES STREET / O'CONNELL STREET","Princes Street / O'Connell Street",53.349,-6.26031,0,0,OPEN,"2025-02-22 14:42:05",1,0,{},22,1,16,6,0,6,23,22,1,16,6,0,6,23
33,dublin,"PRINCES STREET / O'CONNELL STREET","Princes Street / O'Connell Street",53.349,-6.26031,0,0,OPEN,"2025-02-22 14:46:59",1,0,{},23,0,17,6,0,6,23,23,0,17,6,0,6,23
33,dublin,"PRINCES STREET / O'CONNELL STREET","Princes Street / O'Connell Street",53.349,-6.26031,0,0,OPEN,"2025-02-22 14:56:03",1,0,{},23,0,17,6,0,6,23,23,0,17,6,0,6,23
33,dublin,"PRINCES STREET / O'CONNELL STREET","Princes Street / O'Connell Street",53.349,-6.26031,0,0,OPEN,"2025-02-22 15:03:14",1,0,{},22,1,16,6,0,6,23,22,1,16,6,0,6,23
33,dublin,"PRINCES STREET / O'CONNELL STREET","Princes Street / O'Connell Street",53.349,-6.26031,0,0,OPEN,"2025-02-22 15:06:15",1,0,{},20,3,14,6,0,6,23,20,3,14,6,0,6,23
33,dublin,"PRINCES STREET / O'CONNELL STREET","Princes Street / O'Connell Street",53.349,-6.26031,0,0,OPEN,"2025-02-22 15:11:59",1,0,{},22,1,15,7,0,7,23,22,1,15,7,0,7,23
33,dublin,"PRINCES STREET / O'CONNELL STREET","Princes Street / O'Connell Street",53.349,-6.26031,0,0,OPEN,"2025-02-22 15:17:22",1,0,{},22,1,15,7,0,7,23,22,1,15,7,0,7,23
33,dublin,"PRINCES STREET / O'CONNELL STREET","Princes Street / O'Connell Street",53.349,-6.26031,0,0,OPEN,"2025-02-22 15:18:41",1,0,{},23,0,15,8,0,8,23,23,0,15,8,0,8,23
33,dublin,"PRINCES STREET / O'CONNELL STREET","Princes Street / O'Connell Street",53.349,-6.26031,0,0,OPEN,"2025-02-22 15:26:22",1,0,{},23,0,15,8,0,8,23,23,0,15,8,0,8,23
33,dublin,"PRINCES STREET / O'CONNELL STREET","Princes Street / O'Connell Street",53.349,-6.26031,0,0,OPEN,"2025-02-22 15:36:44",1,0,{},23,0,16,7,0,7,23,23,0,16,7,0,7,23
33,dublin,"PRINCES STREET / O'CONNELL STREET","Princes Street / O'Connell Street",53.349,-6.26031,0,0,OPEN,"2025-02-22 15:40:21",1,0,{},23,0,16,7,0,7,23,23,0,16,7,0,7,23
33,dublin,"PRINCES STREET / O'CONNELL STREET","Princes Street / O'Connell Street",53.349,-6.26031,0,0,OPEN,"2025-02-22 15:46:33",1,0,{},23,0,16,7,0,7,23,23,0,16,7,0,7,23
33,dublin,"PRINCES STREET / O'CONNELL STREET","Princes Street / O'Connell Street",53.349,-6.26031,0,0,OPEN,"2025-02-22 15:56:40",1,0,{},23,0,16,7,0,7,23,23,0,16,7,0,7,23
33,dublin,"PRINCES STREET / O'CONNELL STREET","Princes Street / O'Connell Street",53.349,-6.26031,0,0,OPEN,"2025-02-22 16:02:40",1,0,{},23,0,16,7,0,7,23,23,0,16,7,0,7,23
33,dublin,"PRINCES STREET / O'CONNELL STREET","Princes Street / O'Connell Street",53.349,-6.26031,0,0,OPEN,"2025-02-22 16:06:45",1,0,{},23,0,16,7,0,7,23,23,0,16,7,0,7,23
33,dublin,"PRINCES STREET / O'CONNELL STREET","Princes Street / O'Connell Street",53.349,-6.26031,0,0,OPEN,"2025-02-22 16:16:49",1,0,{},23,0,16,7,0,7,23,23,0,16,7,0,7,23
33,dublin,"PRINCES STREET / O'CONNELL STREET","Princes Street / O'Connell Street",53.349,-6.26031,0,0,OPEN,"2025-02-22 16:22:57",1,0,{},22,1,15,7,0,7,23,22,1,15,7,0,7,23
33,dublin,"PRINCES STREET / O'CONNELL STREET","Princes Street / O'Connell Street",53.349,-6.26031,0,0,OPEN,"2025-02-22 16:26:59",1,0,{},19,4,12,7,0,7,23,19,4,12,7,0,7,23
33,dublin,"PRINCES STREET / O'CONNELL STREET","Princes Street / O'Connell Street",53.349,-6.26031,0,0,OPEN,"2025-02-22 16:37:03",1,0,{},19,4,12,7,0,7,23,19,4,12,7,0,7,23
33,dublin,"PRINCES STREET / O'CONNELL STREET","Princes Street / O'Connell Street",53.349,-6.26031,0,0,OPEN,"2025-02-22 16:43:04",1,0,{},19,4,12,7,0,7,23,19,4,12,7,0,7,23
33,dublin,"PRINCES STREET / O'CONNELL STREET","Princes Street / O'Connell Street",53.349,-6.26031,0,0,OPEN,"2025-02-22 16:47:07",1,0,{},19,4,12,7,0,7,23,19,4,12,7,0,7,23
33,dublin,"PRINCES STREET / O'CONNELL STREET","Princes Street / O'Connell Street",53.349,-6.26031,0,0,OPEN,"2025-02-22 16:48:44",1,0,{},20,3,12,8,0,8,23,20,3,12,8,0,8,23
33,dublin,"PRINCES STREET / O'CONNELL STREET","Princes Street / O'Connell Street",53.349,-6.26031,0,0,OPEN,"2025-02-22 16:57:18",1,0,{},22,1,13,9,0,9,23,22,1,13,9,0,9,23
33,dublin,"PRINCES STREET / O'CONNELL STREET","Princes Street / O'Connell Street",53.349,-6.26031,0,0,OPEN,"2025-02-22 16:59:08",1,0,{},23,0,13,10,0,10,23,23,0,13,10,0,10,23
33,dublin,"PRINCES STREET / O'CONNELL STREET","Princes Street / O'Connell Street",53.349,-6.26031,0,0,OPEN,"2025-02-22 17:07:18",1,0,{},23,0,13,10,0,10,23,23,0,13,10,0,10,23
33,dublin,"PRINCES STREET / O'CONNELL STREET","Princes Street / O'Connell Street",53.349,-6.26031,0,0,OPEN,"2025-02-22 17:17:29",1,0,{},23,0,12,11,0,11,23,23,0,12,11,0,11,23
33,dublin,"PRINCES STREET / O'CONNELL STREET","Princes Street / O'Connell Street",53.349,-6.26031,0,0,OPEN,"2025-02-22 17:27:27",1,0,{},23,0,12,11,0,11,23,23,0,12,11,0,11,23
33,dublin,"PRINCES STREET / O'CONNELL STREET","Princes Street / O'Connell Street",53.349,-6.26031,0,0,OPEN,"2025-02-22 17:37:31",1,0,{},23,0,12,11,0,11,23,23,0,12,11,0,11,23
33,dublin,"PRINCES STREET / O'CONNELL STREET","Princes Street / O'Connell Street",53.349,-6.26031,0,0,OPEN,"2025-02-22 17:39:22",1,0,{},23,0,12,11,0,11,23,23,0,12,11,0,11,23
33,dublin,"PRINCES STREET / O'CONNELL STREET","Princes Street / O'Connell Street",53.349,-6.26031,0,0,OPEN,"2025-02-22 17:47:35",1,0,{},23,0,12,11,0,11,23,23,0,12,11,0,11,23
33,dublin,"PRINCES STREET / O'CONNELL STREET","Princes Street / O'Connell Street",53.349,-6.26031,0,0,OPEN,"2025-02-22 17:52:39",1,0,{},22,1,11,11,0,11,23,22,1,11,11,0,11,23
33,dublin,"PRINCES STREET / O'CONNELL STREET","Princes Street / O'Connell Street",53.349,-6.26031,0,0,OPEN,"2025-02-22 17:57:43",1,0,{},22,1,10,12,0,12,23,22,1,10,12,0,12,23
33,dublin,"PRINCES STREET / O'CONNELL STREET","Princes Street / O'Connell Street",53.349,-6.26031,0,0,OPEN,"2025-02-22 18:07:47",1,0,{},23,0,11,12,0,12,23,23,0,11,12,0,12,23
33,dublin,"PRINCES STREET / O'CONNELL STREET","Princes Street / O'Connell Street",53.349,-6.26031,0,0,OPEN,"2025-02-22 18:13:10",1,0,{},21,2,9,12,0,12,23,21,2,9,12,0,12,23
33,dublin,"PRINCES STREET / O'CONNELL STREET","Princes Street / O'Connell Street",53.349,-6.26031,0,0,OPEN,"2025-02-22 18:17:53",1,0,{},21,2,9,12,0,12,23,21,2,9,12,0,12,23
33,dublin,"PRINCES STREET / O'CONNELL STREET","Princes Street / O'Connell Street",53.349,-6.26031,0,0,OPEN,"2025-02-22 18:22:26",1,0,{},23,0,11,12,0,12,23,23,0,11,12,0,12,23
33,dublin,"PRINCES STREET / O'CONNELL STREET","Princes Street / O'Connell Street",53.349,-6.26031,0,0,OPEN,"2025-02-22 18:27:58",1,0,{},23,0,11,12,0,12,23,23,0,11,12,0,12,23
33,dublin,"PRINCES STREET / O'CONNELL STREET","Princes Street / O'Connell Street",53.349,-6.26031,0,0,OPEN,"2025-02-22 18:38:02",1,0,{},23,0,11,12,0,12,23,23,0,11,12,0,12,23
33,dublin,"PRINCES STREET / O'CONNELL STREET","Princes Street / O'Connell Street",53.349,-6.26031,0,0,OPEN,"2025-02-22 18:48:06",1,0,{},23,0,11,12,0,12,23,23,0,11,12,0,12,23
33,dublin,"PRINCES STREET / O'CONNELL STREET","Princes Street / O'Connell Street",53.349,-6.26031,0,0,OPEN,"2025-02-22 18:58:10",1,0,{},23,0,11,12,0,12,23,23,0,11,12,0,12,23
33,dublin,"PRINCES STREET / O'CONNELL STREET","Princes Street / O'Connell Street",53.349,-6.26031,0,0,OPEN,"2025-02-22 19:00:30",1,0,{},23,0,12,11,0,11,23,23,0,12,11,0,11,23
33,dublin,"PRINCES STREET / O'CONNELL STREET","Princes Street / O'Connell Street",53.349,-6.26031,0,0,OPEN,"2025-02-22 19:08:14",1,0,{},23,0,12,11,0,11,23,23,0,12,11,0,11,23
33,dublin,"PRINCES STREET / O'CONNELL STREET","Princes Street / O'Connell Street",53.349,-6.26031,0,0,OPEN,"2025-02-22 19:12:27",1,0,{},22,1,11,11,0,11,23,22,1,11,11,0,11,23
33,dublin,"PRINCES STREET / O'CONNELL STREET","Princes Street / O'Connell Street",53.349,-6.26031,0,0,OPEN,"2025-02-22 19:18:22",1,0,{},22,1,11,11,0,11,23,22,1,11,11,0,11,23
33,dublin,"PRINCES STREET / O'CONNELL STREET","Princes Street / O'Connell Street",53.349,-6.26031,0,0,OPEN,"2025-02-22 19:22:14",1,0,{},23,0,11,12,0,12,23,23,0,11,12,0,12,23
33,dublin,"PRINCES STREET / O'CONNELL STREET","Princes Street / O'Connell Street",53.349,-6.26031,0,0,OPEN,"2025-02-22 19:29:19",1,0,{},22,1,10,12,0,12,23,22,1,10,12,0,12,23
33,dublin,"PRINCES STREET / O'CONNELL STREET","Princes Street / O'Connell Street",53.349,-6.26031,0,0,OPEN,"2025-02-22 19:34:03",1,0,{},23,0,11,12,0,12,23,23,0,11,12,0,12,23
33,dublin,"PRINCES STREET / O'CONNELL STREET","Princes Street / O'Connell Street",53.349,-6.26031,0,0,OPEN,"2025-02-22 19:38:33",1,0,{},23,0,11,12,0,12,23,23,0,11,12,0,12,23
33,dublin,"PRINCES STREET / O'CONNELL STREET","Princes Street / O'Connell Street",53.349,-6.26031,0,0,OPEN,"2025-02-22 19:48:37",1,0,{},23,0,11,12,0,12,23,23,0,11,12,0,12,23
33,dublin,"PRINCES STREET / O'CONNELL STREET","Princes Street / O'Connell Street",53.349,-6.26031,0,0,OPEN,"2025-02-22 19:58:41",1,0,{},23,0,11,12,0,12,23,23,0,11,12,0,12,23
33,dublin,"PRINCES STREET / O'CONNELL STREET","Princes Street / O'Connell Street",53.349,-6.26031,0,0,OPEN,"2025-02-22 20:08:45",1,0,{},23,0,11,12,0,12,23,23,0,11,12,0,12,23
33,dublin,"PRINCES STREET / O'CONNELL STREET","Princes Street / O'Connell Street",53.349,-6.26031,0,0,OPEN,"2025-02-22 20:18:49",1,0,{},23,0,11,12,0,12,23,23,0,11,12,0,12,23
33,dublin,"PRINCES STREET / O'CONNELL STREET","Princes Street / O'Connell Street",53.349,-6.26031,0,0,OPEN,"2025-02-22 20:23:12",1,0,{},23,0,11,12,0,12,23,23,0,11,12,0,12,23
33,dublin,"PRINCES STREET / O'CONNELL STREET","Princes Street / O'Connell Street",53.349,-6.26031,0,0,OPEN,"2025-02-22 20:29:10",1,0,{},23,0,11,12,0,12,23,23,0,11,12,0,12,23
33,dublin,"PRINCES STREET / O'CONNELL STREET","Princes Street / O'Connell Street",53.349,-6.26031,0,0,OPEN,"2025-02-22 20:32:31",1,0,{},22,1,10,12,0,12,23,22,1,10,12,0,12,23
33,dublin,"PRINCES STREET / O'CONNELL STREET","Princes Street / O'Connell Street",53.349,-6.26031,0,0,OPEN,"2025-02-22 20:38:59",1,0,{},22,1,10,12,0,12,23,22,1,10,12,0,12,23
33,dublin,"PRINCES STREET / O'CONNELL STREET","Princes Street / O'Connell Street",53.349,-6.26031,0,0,OPEN,"2025-02-22 20:42:10",1,0,{},23,0,11,12,0,12,23,23,0,11,12,0,12,23
33,dublin,"PRINCES STREET / O'CONNELL STREET","Princes Street / O'Connell Street",53.349,-6.26031,0,0,OPEN,"2025-02-22 20:49:03",1,0,{},22,1,10,12,0,12,23,22,1,10,12,0,12,23
33,dublin,"PRINCES STREET / O'CONNELL STREET","Princes Street / O'Connell Street",53.349,-6.26031,0,0,OPEN,"2025-02-22 20:59:07",1,0,{},22,1,10,12,0,12,23,22,1,10,12,0,12,23
33,dublin,"PRINCES STREET / O'CONNELL STREET","Princes Street / O'Connell Street",53.349,-6.26031,0,0,OPEN,"2025-02-22 21:09:12",1,0,{},23,0,10,13,0,13,23,23,0,10,13,0,13,23
33,dublin,"PRINCES STREET / O'CONNELL STREET","Princes Street / O'Connell Street",53.349,-6.26031,0,0,OPEN,"2025-02-22 21:19:16",1,0,{},23,0,10,13,0,13,23,23,0,10,13,0,13,23
33,dublin,"PRINCES STREET / O'CONNELL STREET","Princes Street / O'Connell Street",53.349,-6.26031,0,0,OPEN,"2025-02-22 21:20:04",1,0,{},23,0,10,13,0,13,23,23,0,10,13,0,13,23
33,dublin,"PRINCES STREET / O'CONNELL STREET","Princes Street / O'Connell Street",53.349,-6.26031,0,0,OPEN,"2025-02-22 21:29:20",1,0,{},23,0,10,13,0,13,23,23,0,10,13,0,13,23
33,dublin,"PRINCES STREET / O'CONNELL STREET","Princes Street / O'Connell Street",53.349,-6.26031,0,0,OPEN,"2025-02-22 21:30:43",1,0,{},22,1,9,13,0,13,23,22,1,9,13,0,13,23
33,dublin,"PRINCES STREET / O'CONNELL STREET","Princes Street / O'Connell Street",53.349,-6.26031,0,0,OPEN,"2025-02-22 21:39:25",1,0,{},23,0,9,14,0,14,23,23,0,9,14,0,14,23
33,dublin,"PRINCES STREET / O'CONNELL STREET","Princes Street / O'Connell Street",53.349,-6.26031,0,0,OPEN,"2025-02-22 21:49:29",1,0,{},23,0,9,14,0,14,23,23,0,9,14,0,14,23
33,dublin,"PRINCES STREET / O'CONNELL STREET","Princes Street / O'Connell Street",53.349,-6.26031,0,0,OPEN,"2025-02-22 21:54:32",1,0,{},23,0,9,14,0,14,23,23,0,9,14,0,14,23
33,dublin,"PRINCES STREET / O'CONNELL STREET","Princes Street / O'Connell Street",53.349,-6.26031,0,0,OPEN,"2025-02-22 21:57:25",1,0,{},22,1,9,13,0,13,23,22,1,9,13,0,13,23
33,dublin,"PRINCES STREET / O'CONNELL STREET","Princes Street / O'Connell Street",53.349,-6.26031,0,0,OPEN,"2025-02-22 21:59:34",1,0,{},22,1,9,13,0,13,23,22,1,9,13,0,13,23
33,dublin,"PRINCES STREET / O'CONNELL STREET","Princes Street / O'Connell Street",53.349,-6.26031,0,0,OPEN,"2025-02-22 22:09:37",1,0,{},22,1,9,13,0,13,23,22,1,9,13,0,13,23
34,dublin,"PORTOBELLO HARBOUR","Portobello Harbour",53.3304,-6.26516,0,0,OPEN,"2025-02-22 02:59:36",1,0,{},16,14,7,9,0,9,30,16,14,7,9,0,9,30
34,dublin,"PORTOBELLO HARBOUR","Portobello Harbour",53.3304,-6.26516,0,0,OPEN,"2025-02-22 03:09:39",1,0,{},16,14,7,9,0,9,30,16,14,7,9,0,9,30
34,dublin,"PORTOBELLO HARBOUR","Portobello Harbour",53.3304,-6.26516,0,0,OPEN,"2025-02-22 10:12:54",1,0,{},4,26,4,0,0,0,30,4,26,4,0,0,0,30
34,dublin,"PORTOBELLO HARBOUR","Portobello Harbour",53.3304,-6.26516,0,0,OPEN,"2025-02-22 10:20:55",1,0,{},4,26,4,0,0,0,30,4,26,4,0,0,0,30
34,dublin,"PORTOBELLO HARBOUR","Portobello Harbour",53.3304,-6.26516,0,0,OPEN,"2025-02-22 10:26:06",1,0,{},1,29,0,1,0,1,30,1,29,0,1,0,1,30
34,dublin,"PORTOBELLO HARBOUR","Portobello Harbour",53.3304,-6.26516,0,0,OPEN,"2025-02-22 10:31:06",1,0,{},0,30,0,0,0,0,30,0,30,0,0,0,0,30
34,dublin,"PORTOBELLO HARBOUR","Portobello Harbour",53.3304,-6.26516,0,0,OPEN,"2025-02-22 10:41:10",1,0,{},0,30,0,0,0,0,30,0,30,0,0,0,0,30
34,dublin,"PORTOBELLO HARBOUR","Portobello Harbour",53.3304,-6.26516,0,0,OPEN,"2025-02-22 10:52:40",1,0,{},0,30,0,0,0,0,30,0,30,0,0,0,0,30
34,dublin,"PORTOBELLO HARBOUR","Portobello Harbour",53.3304,-6.26516,0,0,OPEN,"2025-02-22 10:57:17",1,0,{},1,29,1,0,0,0,30,1,29,1,0,0,0,30
34,dublin,"PORTOBELLO HARBOUR","Portobello Harbour",53.3304,-6.26516,0,0,OPEN,"2025-02-22 11:01:17",1,0,{},0,30,0,0,0,0,30,0,30,0,0,0,0,30
34,dublin,"PORTOBELLO HARBOUR","Portobello Harbour",53.3304,-6.26516,0,0,OPEN,"2025-02-22 11:07:10",1,0,{},1,29,0,1,0,1,30,1,29,0,1,0,1,30
34,dublin,"PORTOBELLO HARBOUR","Portobello Harbour",53.3304,-6.26516,0,0,OPEN,"2025-02-22 11:11:22",1,0,{},2,28,1,1,0,1,30,2,28,1,1,0,1,30
34,dublin,"PORTOBELLO HARBOUR","Portobello Harbour",53.3304,-6.26516,0,0,OPEN,"2025-02-22 11:21:28",1,0,{},0,30,0,0,0,0,30,0,30,0,0,0,0,30
34,dublin,"PORTOBELLO HARBOUR","Portobello Harbour",53.3304,-6.26516,0,0,OPEN,"2025-02-22 11:31:32",1,0,{},0,30,0,0,0,0,30,0,30,0,0,0,0,30
34,dublin,"PORTOBELLO HARBOUR","Portobello Harbour",53.3304,-6.26516,0,0,OPEN,"2025-02-22 11:42:41",1,0,{},1,29,1,0,0,0,30,1,29,1,0,0,0,30
34,dublin,"PORTOBELLO HARBOUR","Portobello Harbour",53.3304,-6.26516,0,0,OPEN,"2025-02-22 11:48:19",1,0,{},2,28,2,0,0,0,30,2,28,2,0,0,0,30
34,dublin,"PORTOBELLO HARBOUR","Portobello Harbour",53.3304,-6.26516,0,0,OPEN,"2025-02-22 11:51:40",1,0,{},2,28,2,0,0,0,30,2,28,2,0,0,0,30
34,dublin,"PORTOBELLO HARBOUR","Portobello Harbour",53.3304,-6.26516,0,0,OPEN,"2025-02-22 11:54:58",1,0,{},3,27,3,0,0,0,30,3,27,3,0,0,0,30
34,dublin,"PORTOBELLO HARBOUR","Portobello Harbour",53.3304,-6.26516,0,0,OPEN,"2025-02-22 12:03:07",1,0,{},2,28,2,0,0,0,30,2,28,2,0,0,0,30
34,dublin,"PORTOBELLO HARBOUR","Portobello Harbour",53.3304,-6.26516,0,0,OPEN,"2025-02-22 12:07:51",1,0,{},1,29,1,0,0,0,30,1,29,1,0,0,0,30
34,dublin,"PORTOBELLO HARBOUR","Portobello Harbour",53.3304,-6.26516,0,0,OPEN,"2025-02-22 12:11:53",1,0,{},3,27,2,1,0,1,30,3,27,2,1,0,1,30
34,dublin,"PORTOBELLO HARBOUR","Portobello Harbour",53.3304,-6.26516,0,0,OPEN,"2025-02-22 12:17:42",1,0,{},2,28,1,1,0,1,30,2,28,1,1,0,1,30
34,dublin,"PORTOBELLO HARBOUR","Portobello Harbour",53.3304,-6.26516,0,0,OPEN,"2025-02-22 12:22:00",1,0,{},0,30,0,0,0,0,30,0,30,0,0,0,0,30
34,dublin,"PORTOBELLO HARBOUR","Portobello Harbour",53.3304,-6.26516,0,0,OPEN,"2025-02-22 12:32:03",1,0,{},0,30,0,0,0,0,30,0,30,0,0,0,0,30
34,dublin,"PORTOBELLO HARBOUR","Portobello Harbour",53.3304,-6.26516,0,0,OPEN,"2025-02-22 12:42:07",1,0,{},0,30,0,0,0,0,30,0,30,0,0,0,0,30
34,dublin,"PORTOBELLO HARBOUR","Portobello Harbour",53.3304,-6.26516,0,0,OPEN,"2025-02-22 12:48:07",1,0,{},6,24,3,3,0,3,30,6,24,3,3,0,3,30
34,dublin,"PORTOBELLO HARBOUR","Portobello Harbour",53.3304,-6.26516,0,0,OPEN,"2025-02-22 12:53:24",1,0,{},6,24,3,3,0,3,30,6,24,3,3,0,3,30
34,dublin,"PORTOBELLO HARBOUR","Portobello Harbour",53.3304,-6.26516,0,0,OPEN,"2025-02-22 12:56:51",1,0,{},4,26,2,2,0,2,30,4,26,2,2,0,2,30
34,dublin,"PORTOBELLO HARBOUR","Portobello Harbour",53.3304,-6.26516,0,0,OPEN,"2025-02-22 13:02:19",1,0,{},2,28,0,2,0,2,30,2,28,0,2,0,2,30
34,dublin,"PORTOBELLO HARBOUR","Portobello Harbour",53.3304,-6.26516,0,0,OPEN,"2025-02-22 13:12:22",1,0,{},2,28,0,2,0,2,30,2,28,0,2,0,2,30
34,dublin,"PORTOBELLO HARBOUR","Portobello Harbour",53.3304,-6.26516,0,0,OPEN,"2025-02-22 13:17:45",1,0,{},3,27,1,2,0,2,30,3,27,1,2,0,2,30
34,dublin,"PORTOBELLO HARBOUR","Portobello Harbour",53.3304,-6.26516,0,0,OPEN,"2025-02-22 13:22:50",1,0,{},1,29,0,1,0,1,30,1,29,0,1,0,1,30
34,dublin,"PORTOBELLO HARBOUR","Portobello Harbour",53.3304,-6.26516,0,0,OPEN,"2025-02-22 13:26:51",1,0,{},1,29,0,1,0,1,30,1,29,0,1,0,1,30
34,dublin,"PORTOBELLO HARBOUR","Portobello Harbour",53.3304,-6.26516,0,0,OPEN,"2025-02-22 13:32:36",1,0,{},2,28,1,1,0,1,30,2,28,1,1,0,1,30
34,dublin,"PORTOBELLO HARBOUR","Portobello Harbour",53.3304,-6.26516,0,0,OPEN,"2025-02-22 13:42:41",1,0,{},3,27,1,2,0,2,30,3,27,1,2,0,2,30
34,dublin,"PORTOBELLO HARBOUR","Portobello Harbour",53.3304,-6.26516,0,0,OPEN,"2025-02-22 13:47:04",1,0,{},0,30,0,0,0,0,30,0,30,0,0,0,0,30
34,dublin,"PORTOBELLO HARBOUR","Portobello Harbour",53.3304,-6.26516,0,0,OPEN,"2025-02-22 13:52:47",1,0,{},1,29,1,0,0,0,30,1,29,1,0,0,0,30
34,dublin,"PORTOBELLO HARBOUR","Portobello Harbour",53.3304,-6.26516,0,0,OPEN,"2025-02-22 13:54:55",1,0,{},2,28,2,0,0,0,30,2,28,2,0,0,0,30
34,dublin,"PORTOBELLO HARBOUR","Portobello Harbour",53.3304,-6.26516,0,0,OPEN,"2025-02-22 14:02:51",1,0,{},2,28,2,0,0,0,30,2,28,2,0,0,0,30
34,dublin,"PORTOBELLO HARBOUR","Portobello Harbour",53.3304,-6.26516,0,0,OPEN,"2025-02-22 14:07:23",1,0,{},3,27,1,2,0,2,30,3,27,1,2,0,2,30
34,dublin,"PORTOBELLO HARBOUR","Portobello Harbour",53.3304,-6.26516,0,0,OPEN,"2025-02-22 14:12:58",1,0,{},2,28,1,1,0,1,30,2,28,1,1,0,1,30
34,dublin,"PORTOBELLO HARBOUR","Portobello Harbour",53.3304,-6.26516,0,0,OPEN,"2025-02-22 14:23:08",1,0,{},0,30,0,0,0,0,30,0,30,0,0,0,0,30
34,dublin,"PORTOBELLO HARBOUR","Portobello Harbour",53.3304,-6.26516,0,0,OPEN,"2025-02-22 14:33:11",1,0,{},0,30,0,0,0,0,30,0,30,0,0,0,0,30
34,dublin,"PORTOBELLO HARBOUR","Portobello Harbour",53.3304,-6.26516,0,0,OPEN,"2025-02-22 14:43:15",1,0,{},0,30,0,0,0,0,30,0,30,0,0,0,0,30
34,dublin,"PORTOBELLO HARBOUR","Portobello Harbour",53.3304,-6.26516,0,0,OPEN,"2025-02-22 14:46:37",1,0,{},1,29,0,1,0,1,30,1,29,0,1,0,1,30
34,dublin,"PORTOBELLO HARBOUR","Portobello Harbour",53.3304,-6.26516,0,0,OPEN,"2025-02-22 14:53:21",1,0,{},1,29,1,0,0,0,30,1,29,1,0,0,0,30
34,dublin,"PORTOBELLO HARBOUR","Portobello Harbour",53.3304,-6.26516,0,0,OPEN,"2025-02-22 14:53:36",1,0,{},2,28,2,0,0,0,30,2,28,2,0,0,0,30
34,dublin,"PORTOBELLO HARBOUR","Portobello Harbour",53.3304,-6.26516,0,0,OPEN,"2025-02-22 15:03:25",1,0,{},3,27,3,0,0,0,30,3,27,3,0,0,0,30
34,dublin,"PORTOBELLO HARBOUR","Portobello Harbour",53.3304,-6.26516,0,0,OPEN,"2025-02-22 15:13:28",1,0,{},3,27,3,0,0,0,30,3,27,3,0,0,0,30
34,dublin,"PORTOBELLO HARBOUR","Portobello Harbour",53.3304,-6.26516,0,0,OPEN,"2025-02-22 15:23:32",1,0,{},3,27,3,0,0,0,30,3,27,3,0,0,0,30
34,dublin,"PORTOBELLO HARBOUR","Portobello Harbour",53.3304,-6.26516,0,0,OPEN,"2025-02-22 15:26:27",1,0,{},4,26,3,1,0,1,30,4,26,3,1,0,1,30
34,dublin,"PORTOBELLO HARBOUR","Portobello Harbour",53.3304,-6.26516,0,0,OPEN,"2025-02-22 15:30:17",1,0,{},4,26,2,2,0,2,30,4,26,2,2,0,2,30
34,dublin,"PORTOBELLO HARBOUR","Portobello Harbour",53.3304,-6.26516,0,0,OPEN,"2025-02-22 15:37:44",1,0,{},3,27,1,2,0,2,30,3,27,1,2,0,2,30
34,dublin,"PORTOBELLO HARBOUR","Portobello Harbour",53.3304,-6.26516,0,0,OPEN,"2025-02-22 15:42:05",1,0,{},0,30,0,0,0,0,30,0,30,0,0,0,0,30
34,dublin,"PORTOBELLO HARBOUR","Portobello Harbour",53.3304,-6.26516,0,0,OPEN,"2025-02-22 15:45:22",1,0,{},1,29,1,0,0,0,30,1,29,1,0,0,0,30
34,dublin,"PORTOBELLO HARBOUR","Portobello Harbour",53.3304,-6.26516,0,0,OPEN,"2025-02-22 15:50:49",1,0,{},0,30,0,0,0,0,30,0,30,0,0,0,0,30
34,dublin,"PORTOBELLO HARBOUR","Portobello Harbour",53.3304,-6.26516,0,0,OPEN,"2025-02-22 15:53:51",1,0,{},0,30,0,0,0,0,30,0,30,0,0,0,0,30
34,dublin,"PORTOBELLO HARBOUR","Portobello Harbour",53.3304,-6.26516,0,0,OPEN,"2025-02-22 16:00:14",1,0,{},1,29,1,0,0,0,30,1,29,1,0,0,0,30
34,dublin,"PORTOBELLO HARBOUR","Portobello Harbour",53.3304,-6.26516,0,0,OPEN,"2025-02-22 16:03:56",1,0,{},1,29,1,0,0,0,30,1,29,1,0,0,0,30
34,dublin,"PORTOBELLO HARBOUR","Portobello Harbour",53.3304,-6.26516,0,0,OPEN,"2025-02-22 16:11:51",1,0,{},0,30,0,0,0,0,30,0,30,0,0,0,0,30
34,dublin,"PORTOBELLO HARBOUR","Portobello Harbour",53.3304,-6.26516,0,0,OPEN,"2025-02-22 16:17:09",1,0,{},1,29,1,0,0,0,30,1,29,1,0,0,0,30
34,dublin,"PORTOBELLO HARBOUR","Portobello Harbour",53.3304,-6.26516,0,0,OPEN,"2025-02-22 16:20:43",1,0,{},4,26,3,1,0,1,30,4,26,3,1,0,1,30
34,dublin,"PORTOBELLO HARBOUR","Portobello Harbour",53.3304,-6.26516,0,0,OPEN,"2025-02-22 16:24:07",1,0,{},5,25,3,2,0,2,30,5,25,3,2,0,2,30
34,dublin,"PORTOBELLO HARBOUR","Portobello Harbour",53.3304,-6.26516,0,0,OPEN,"2025-02-22 16:31:00",1,0,{},4,26,3,1,0,1,30,4,26,3,1,0,1,30
34,dublin,"PORTOBELLO HARBOUR","Portobello Harbour",53.3304,-6.26516,0,0,OPEN,"2025-02-22 16:38:09",1,0,{},3,27,3,0,0,0,30,3,27,3,0,0,0,30
34,dublin,"PORTOBELLO HARBOUR","Portobello Harbour",53.3304,-6.26516,0,0,OPEN,"2025-02-22 16:41:36",1,0,{},5,25,5,0,0,0,30,5,25,5,0,0,0,30
34,dublin,"PORTOBELLO HARBOUR","Portobello Harbour",53.3304,-6.26516,0,0,OPEN,"2025-02-22 16:45:24",1,0,{},5,25,4,1,0,1,30,5,25,4,1,0,1,30
34,dublin,"PORTOBELLO HARBOUR","Portobello Harbour",53.3304,-6.26516,0,0,OPEN,"2025-02-22 16:56:26",1,0,{},7,23,5,2,0,2,30,7,23,5,2,0,2,30
34,dublin,"PORTOBELLO HARBOUR","Portobello Harbour",53.3304,-6.26516,0,0,OPEN,"2025-02-22 17:03:03",1,0,{},7,23,5,2,0,2,30,7,23,5,2,0,2,30
34,dublin,"PORTOBELLO HARBOUR","Portobello Harbour",53.3304,-6.26516,0,0,OPEN,"2025-02-22 17:04:30",1,0,{},7,23,5,2,0,2,30,7,23,5,2,0,2,30
34,dublin,"PORTOBELLO HARBOUR","Portobello Harbour",53.3304,-6.26516,0,0,OPEN,"2025-02-22 17:12:29",1,0,{},6,24,4,2,0,2,30,6,24,4,2,0,2,30
34,dublin,"PORTOBELLO HARBOUR","Portobello Harbour",53.3304,-6.26516,0,0,OPEN,"2025-02-22 17:15:54",1,0,{},7,23,5,2,0,2,30,7,23,5,2,0,2,30
34,dublin,"PORTOBELLO HARBOUR","Portobello Harbour",53.3304,-6.26516,0,0,OPEN,"2025-02-22 17:19:03",1,0,{},8,22,6,2,0,2,30,8,22,6,2,0,2,30
34,dublin,"PORTOBELLO HARBOUR","Portobello Harbour",53.3304,-6.26516,0,0,OPEN,"2025-02-22 17:24:40",1,0,{},8,22,6,2,0,2,30,8,22,6,2,0,2,30
34,dublin,"PORTOBELLO HARBOUR","Portobello Harbour",53.3304,-6.26516,0,0,OPEN,"2025-02-22 17:31:29",1,0,{},7,23,5,2,0,2,30,7,23,5,2,0,2,30
34,dublin,"PORTOBELLO HARBOUR","Portobello Harbour",53.3304,-6.26516,0,0,OPEN,"2025-02-22 17:37:07",1,0,{},5,25,3,2,0,2,30,5,25,3,2,0,2,30
34,dublin,"PORTOBELLO HARBOUR","Portobello Harbour",53.3304,-6.26516,0,0,OPEN,"2025-02-22 17:43:26",1,0,{},4,26,2,2,0,2,30,4,26,2,2,0,2,30
34,dublin,"PORTOBELLO HARBOUR","Portobello Harbour",53.3304,-6.26516,0,0,OPEN,"2025-02-22 17:48:09",1,0,{},10,20,7,3,0,3,30,10,20,7,3,0,3,30
34,dublin,"PORTOBELLO HARBOUR","Portobello Harbour",53.3304,-6.26516,0,0,OPEN,"2025-02-22 17:52:07",1,0,{},9,21,6,3,0,3,30,9,21,6,3,0,3,30
34,dublin,"PORTOBELLO HARBOUR","Portobello Harbour",53.3304,-6.26516,0,0,OPEN,"2025-02-22 17:56:27",1,0,{},10,20,7,3,0,3,30,10,20,7,3,0,3,30
34,dublin,"PORTOBELLO HARBOUR","Portobello Harbour",53.3304,-6.26516,0,0,OPEN,"2025-02-22 18:01:04",1,0,{},11,19,7,4,0,4,30,11,19,7,4,0,4,30
34,dublin,"PORTOBELLO HARBOUR","Portobello Harbour",53.3304,-6.26516,0,0,OPEN,"2025-02-22 18:05:14",1,0,{},11,19,7,4,0,4,30,11,19,7,4,0,4,30
34,dublin,"PORTOBELLO HARBOUR","Portobello Harbour",53.3304,-6.26516,0,0,OPEN,"2025-02-22 18:13:09",1,0,{},12,18,7,5,0,5,30,12,18,7,5,0,5,30
34,dublin,"PORTOBELLO HARBOUR","Portobello Harbour",53.3304,-6.26516,0,0,OPEN,"2025-02-22 18:16:07",1,0,{},10,20,5,5,0,5,30,10,20,5,5,0,5,30
34,dublin,"PORTOBELLO HARBOUR","Portobello Harbour",53.3304,-6.26516,0,0,OPEN,"2025-02-22 18:28:02",1,0,{},13,17,8,5,0,5,30,13,17,8,5,0,5,30
34,dublin,"PORTOBELLO HARBOUR","Portobello Harbour",53.3304,-6.26516,0,0,OPEN,"2025-02-22 18:35:29",1,0,{},13,17,8,5,0,5,30,13,17,8,5,0,5,30
34,dublin,"PORTOBELLO HARBOUR","Portobello Harbour",53.3304,-6.26516,0,0,OPEN,"2025-02-22 18:44:15",1,0,{},14,16,9,5,0,5,30,14,16,9,5,0,5,30
34,dublin,"PORTOBELLO HARBOUR","Portobello Harbour",53.3304,-6.26516,0,0,OPEN,"2025-02-22 18:45:33",1,0,{},14,16,9,5,0,5,30,14,16,9,5,0,5,30
34,dublin,"PORTOBELLO HARBOUR","Portobello Harbour",53.3304,-6.26516,0,0,OPEN,"2025-02-22 18:52:39",1,0,{},9,21,4,5,0,5,30,9,21,4,5,0,5,30
34,dublin,"PORTOBELLO HARBOUR","Portobello Harbour",53.3304,-6.26516,0,0,OPEN,"2025-02-22 18:55:43",1,0,{},8,22,4,4,0,4,30,8,22,4,4,0,4,30
34,dublin,"PORTOBELLO HARBOUR","Portobello Harbour",53.3304,-6.26516,0,0,OPEN,"2025-02-22 19:05:48",1,0,{},8,22,4,4,0,4,30,8,22,4,4,0,4,30
34,dublin,"PORTOBELLO HARBOUR","Portobello Harbour",53.3304,-6.26516,0,0,OPEN,"2025-02-22 19:11:15",1,0,{},9,21,5,4,0,4,30,9,21,5,4,0,4,30
34,dublin,"PORTOBELLO HARBOUR","Portobello Harbour",53.3304,-6.26516,0,0,OPEN,"2025-02-22 19:17:47",1,0,{},10,20,6,4,0,4,30,10,20,6,4,0,4,30
34,dublin,"PORTOBELLO HARBOUR","Portobello Harbour",53.3304,-6.26516,0,0,OPEN,"2025-02-22 19:25:56",1,0,{},10,20,6,4,0,4,30,10,20,6,4,0,4,30
34,dublin,"PORTOBELLO HARBOUR","Portobello Harbour",53.3304,-6.26516,0,0,OPEN,"2025-02-22 19:31:03",1,0,{},11,19,7,4,0,4,30,11,19,7,4,0,4,30
34,dublin,"PORTOBELLO HARBOUR","Portobello Harbour",53.3304,-6.26516,0,0,OPEN,"2025-02-22 19:39:14",1,0,{},12,18,8,4,0,4,30,12,18,8,4,0,4,30
34,dublin,"PORTOBELLO HARBOUR","Portobello Harbour",53.3304,-6.26516,0,0,OPEN,"2025-02-22 19:39:47",1,0,{},12,18,8,4,0,4,30,12,18,8,4,0,4,30
34,dublin,"PORTOBELLO HARBOUR","Portobello Harbour",53.3304,-6.26516,0,0,OPEN,"2025-02-22 19:46:07",1,0,{},13,17,8,5,0,5,30,13,17,8,5,0,5,30
34,dublin,"PORTOBELLO HARBOUR","Portobello Harbour",53.3304,-6.26516,0,0,OPEN,"2025-02-22 19:56:11",1,0,{},13,17,8,5,0,5,30,13,17,8,5,0,5,30
34,dublin,"PORTOBELLO HARBOUR","Portobello Harbour",53.3304,-6.26516,0,0,OPEN,"2025-02-22 20:03:47",1,0,{},14,16,10,4,0,4,30,14,16,10,4,0,4,30
34,dublin,"PORTOBELLO HARBOUR","Portobello Harbour",53.3304,-6.26516,0,0,OPEN,"2025-02-22 20:06:16",1,0,{},14,16,10,4,0,4,30,14,16,10,4,0,4,30
34,dublin,"PORTOBELLO HARBOUR","Portobello Harbour",53.3304,-6.26516,0,0,OPEN,"2025-02-22 20:17:46",1,0,{},13,17,9,4,0,4,30,13,17,9,4,0,4,30
34,dublin,"PORTOBELLO HARBOUR","Portobello Harbour",53.3304,-6.26516,0,0,OPEN,"2025-02-22 20:22:19",1,0,{},14,16,9,5,0,5,30,14,16,9,5,0,5,30
34,dublin,"PORTOBELLO HARBOUR","Portobello Harbour",53.3304,-6.26516,0,0,OPEN,"2025-02-22 20:27:55",1,0,{},13,17,8,5,0,5,30,13,17,8,5,0,5,30
34,dublin,"PORTOBELLO HARBOUR","Portobello Harbour",53.3304,-6.26516,0,0,OPEN,"2025-02-22 20:36:32",1,0,{},13,17,8,5,0,5,30,13,17,8,5,0,5,30
34,dublin,"PORTOBELLO HARBOUR","Portobello Harbour",53.3304,-6.26516,0,0,OPEN,"2025-02-22 20:46:36",1,0,{},13,17,8,5,0,5,30,13,17,8,5,0,5,30
34,dublin,"PORTOBELLO HARBOUR","Portobello Harbour",53.3304,-6.26516,0,0,OPEN,"2025-02-22 20:56:39",1,0,{},14,16,9,5,0,5,30,14,16,9,5,0,5,30
34,dublin,"PORTOBELLO HARBOUR","Portobello Harbour",53.3304,-6.26516,0,0,OPEN,"2025-02-22 21:06:43",1,0,{},14,16,9,5,0,5,30,14,16,9,5,0,5,30
34,dublin,"PORTOBELLO HARBOUR","Portobello Harbour",53.3304,-6.26516,0,0,OPEN,"2025-02-22 21:16:46",1,0,{},14,16,9,5,0,5,30,14,16,9,5,0,5,30
34,dublin,"PORTOBELLO HARBOUR","Portobello Harbour",53.3304,-6.26516,0,0,OPEN,"2025-02-22 21:26:49",1,0,{},14,16,9,5,0,5,30,14,16,9,5,0,5,30
34,dublin,"PORTOBELLO HARBOUR","Portobello Harbour",53.3304,-6.26516,0,0,OPEN,"2025-02-22 21:33:52",1,0,{},13,17,8,5,0,5,30,13,17,8,5,0,5,30
34,dublin,"PORTOBELLO HARBOUR","Portobello Harbour",53.3304,-6.26516,0,0,OPEN,"2025-02-22 21:37:40",1,0,{},12,18,7,5,0,5,30,12,18,7,5,0,5,30
34,dublin,"PORTOBELLO HARBOUR","Portobello Harbour",53.3304,-6.26516,0,0,OPEN,"2025-02-22 21:39:40",1,0,{},13,17,8,5,0,5,30,13,17,8,5,0,5,30
34,dublin,"PORTOBELLO HARBOUR","Portobello Harbour",53.3304,-6.26516,0,0,OPEN,"2025-02-22 21:48:39",1,0,{},14,16,8,6,0,6,30,14,16,8,6,0,6,30
34,dublin,"PORTOBELLO HARBOUR","Portobello Harbour",53.3304,-6.26516,0,0,OPEN,"2025-02-22 21:57:02",1,0,{},14,16,8,6,0,6,30,14,16,8,6,0,6,30
34,dublin,"PORTOBELLO HARBOUR","Portobello Harbour",53.3304,-6.26516,0,0,OPEN,"2025-02-22 22:07:05",1,0,{},14,16,8,6,0,6,30,14,16,8,6,0,6,30
34,dublin,"PORTOBELLO HARBOUR","Portobello Harbour",53.3304,-6.26516,0,0,OPEN,"2025-02-22 22:17:12",1,0,{},13,17,7,6,0,6,30,13,17,7,6,0,6,30
35,dublin,SMITHFIELD,Smithfield,53.3477,-6.27821,0,0,OPEN,"2025-02-22 02:51:43",1,0,{},23,7,15,8,0,8,30,23,7,15,8,0,8,30
35,dublin,SMITHFIELD,Smithfield,53.3477,-6.27821,0,0,OPEN,"2025-02-22 03:11:51",1,0,{},23,7,15,8,0,8,30,23,7,15,8,0,8,30
35,dublin,SMITHFIELD,Smithfield,53.3477,-6.27821,0,0,OPEN,"2025-02-22 10:13:32",1,0,{},19,11,14,5,0,5,30,19,11,14,5,0,5,30
35,dublin,SMITHFIELD,Smithfield,53.3477,-6.27821,0,0,OPEN,"2025-02-22 10:18:11",1,0,{},20,10,15,5,0,5,30,20,10,15,5,0,5,30
35,dublin,SMITHFIELD,Smithfield,53.3477,-6.27821,0,0,OPEN,"2025-02-22 10:23:37",1,0,{},20,10,15,5,0,5,30,20,10,15,5,0,5,30
35,dublin,SMITHFIELD,Smithfield,53.3477,-6.27821,0,0,OPEN,"2025-02-22 10:32:05",1,0,{},23,7,16,7,0,7,30,23,7,16,7,0,7,30
35,dublin,SMITHFIELD,Smithfield,53.3477,-6.27821,0,0,OPEN,"2025-02-22 10:36:41",1,0,{},22,8,15,7,0,7,30,22,8,15,7,0,7,30
35,dublin,SMITHFIELD,Smithfield,53.3477,-6.27821,0,0,OPEN,"2025-02-22 10:43:47",1,0,{},22,8,15,7,0,7,30,22,8,15,7,0,7,30
35,dublin,SMITHFIELD,Smithfield,53.3477,-6.27821,0,0,OPEN,"2025-02-22 10:51:14",1,0,{},21,9,14,7,0,7,30,21,9,14,7,0,7,30
35,dublin,SMITHFIELD,Smithfield,53.3477,-6.27821,0,0,OPEN,"2025-02-22 10:58:28",1,0,{},20,10,13,7,0,7,30,20,10,13,7,0,7,30
35,dublin,SMITHFIELD,Smithfield,53.3477,-6.27821,0,0,OPEN,"2025-02-22 11:03:59",1,0,{},20,10,13,7,0,7,30,20,10,13,7,0,7,30
35,dublin,SMITHFIELD,Smithfield,53.3477,-6.27821,0,0,OPEN,"2025-02-22 11:12:03",1,0,{},21,9,13,8,0,8,30,21,9,13,8,0,8,30
35,dublin,SMITHFIELD,Smithfield,53.3477,-6.27821,0,0,OPEN,"2025-02-22 11:14:05",1,0,{},21,9,13,8,0,8,30,21,9,13,8,0,8,30
35,dublin,SMITHFIELD,Smithfield,53.3477,-6.27821,0,0,OPEN,"2025-02-22 11:22:56",1,0,{},22,8,14,8,0,8,30,22,8,14,8,0,8,30
35,dublin,SMITHFIELD,Smithfield,53.3477,-6.27821,0,0,OPEN,"2025-02-22 11:24:10",1,0,{},22,8,14,8,0,8,30,22,8,14,8,0,8,30
35,dublin,SMITHFIELD,Smithfield,53.3477,-6.27821,0,0,OPEN,"2025-02-22 11:38:24",1,0,{},22,8,14,8,0,8,30,22,8,14,8,0,8,30
35,dublin,SMITHFIELD,Smithfield,53.3477,-6.27821,0,0,OPEN,"2025-02-22 11:41:33",1,0,{},21,9,14,7,0,7,30,21,9,14,7,0,7,30
35,dublin,SMITHFIELD,Smithfield,53.3477,-6.27821,0,0,OPEN,"2025-02-22 11:44:21",1,0,{},21,9,14,7,0,7,30,21,9,14,7,0,7,30
35,dublin,SMITHFIELD,Smithfield,53.3477,-6.27821,0,0,OPEN,"2025-02-22 11:57:04",1,0,{},20,10,13,7,0,7,30,20,10,13,7,0,7,30
35,dublin,SMITHFIELD,Smithfield,53.3477,-6.27821,0,0,OPEN,"2025-02-22 12:05:27",1,0,{},19,11,12,7,0,7,30,19,11,12,7,0,7,30
35,dublin,SMITHFIELD,Smithfield,53.3477,-6.27821,0,0,OPEN,"2025-02-22 12:15:30",1,0,{},18,12,12,6,0,6,30,18,12,12,6,0,6,30
35,dublin,SMITHFIELD,Smithfield,53.3477,-6.27821,0,0,OPEN,"2025-02-22 12:27:50",1,0,{},18,12,12,6,0,6,30,18,12,12,6,0,6,30
35,dublin,SMITHFIELD,Smithfield,53.3477,-6.27821,0,0,OPEN,"2025-02-22 12:34:50",1,0,{},18,12,12,6,0,6,30,18,12,12,6,0,6,30
35,dublin,SMITHFIELD,Smithfield,53.3477,-6.27821,0,0,OPEN,"2025-02-22 12:47:49",1,0,{},17,13,11,6,0,6,30,17,13,11,6,0,6,30
35,dublin,SMITHFIELD,Smithfield,53.3477,-6.27821,0,0,OPEN,"2025-02-22 12:57:23",1,0,{},18,12,11,7,0,7,30,18,12,11,7,0,7,30
35,dublin,SMITHFIELD,Smithfield,53.3477,-6.27821,0,0,OPEN,"2025-02-22 13:07:08",1,0,{},19,11,12,7,0,7,30,19,11,12,7,0,7,30
35,dublin,SMITHFIELD,Smithfield,53.3477,-6.27821,0,0,OPEN,"2025-02-22 13:12:07",1,0,{},20,10,13,7,0,7,30,20,10,13,7,0,7,30
35,dublin,SMITHFIELD,Smithfield,53.3477,-6.27821,0,0,OPEN,"2025-02-22 13:16:39",1,0,{},23,7,16,7,0,7,30,23,7,16,7,0,7,30
35,dublin,SMITHFIELD,Smithfield,53.3477,-6.27821,0,0,OPEN,"2025-02-22 13:21:23",1,0,{},24,6,17,7,0,7,30,24,6,17,7,0,7,30
35,dublin,SMITHFIELD,Smithfield,53.3477,-6.27821,0,0,OPEN,"2025-02-22 13:27:27",1,0,{},25,5,18,7,0,7,30,25,5,18,7,0,7,30
35,dublin,SMITHFIELD,Smithfield,53.3477,-6.27821,0,0,OPEN,"2025-02-22 13:32:20",1,0,{},24,6,18,6,0,6,30,24,6,18,6,0,6,30
35,dublin,SMITHFIELD,Smithfield,53.3477,-6.27821,0,0,OPEN,"2025-02-22 13:38:31",1,0,{},25,5,19,6,0,6,30,25,5,19,6,0,6,30
35,dublin,SMITHFIELD,Smithfield,53.3477,-6.27821,0,0,OPEN,"2025-02-22 13:45:24",1,0,{},25,5,19,6,0,6,30,25,5,19,6,0,6,30
35,dublin,SMITHFIELD,Smithfield,53.3477,-6.27821,0,0,OPEN,"2025-02-22 13:50:42",1,0,{},27,3,21,6,0,6,30,27,3,21,6,0,6,30
35,dublin,SMITHFIELD,Smithfield,53.3477,-6.27821,0,0,OPEN,"2025-02-22 13:55:29",1,0,{},27,3,21,6,0,6,30,27,3,21,6,0,6,30
35,dublin,SMITHFIELD,Smithfield,53.3477,-6.27821,0,0,OPEN,"2025-02-22 14:05:34",1,0,{},27,3,21,6,0,6,30,27,3,21,6,0,6,30
35,dublin,SMITHFIELD,Smithfield,53.3477,-6.27821,0,0,OPEN,"2025-02-22 14:15:38",1,0,{},27,3,21,6,0,6,30,27,3,21,6,0,6,30
35,dublin,SMITHFIELD,Smithfield,53.3477,-6.27821,0,0,OPEN,"2025-02-22 14:20:32",1,0,{},28,2,22,6,0,6,30,28,2,22,6,0,6,30
35,dublin,SMITHFIELD,Smithfield,53.3477,-6.27821,0,0,OPEN,"2025-02-22 14:25:43",1,0,{},28,2,22,6,0,6,30,28,2,22,6,0,6,30
35,dublin,SMITHFIELD,Smithfield,53.3477,-6.27821,0,0,OPEN,"2025-02-22 14:36:28",1,0,{},27,3,22,5,0,5,30,27,3,22,5,0,5,30
35,dublin,SMITHFIELD,Smithfield,53.3477,-6.27821,0,0,OPEN,"2025-02-22 14:43:14",1,0,{},28,2,22,6,0,6,30,28,2,22,6,0,6,30
35,dublin,SMITHFIELD,Smithfield,53.3477,-6.27821,0,0,OPEN,"2025-02-22 14:46:14",1,0,{},27,3,22,5,0,5,30,27,3,22,5,0,5,30
35,dublin,SMITHFIELD,Smithfield,53.3477,-6.27821,0,0,OPEN,"2025-02-22 14:56:44",1,0,{},26,4,21,5,0,5,30,26,4,21,5,0,5,30
35,dublin,SMITHFIELD,Smithfield,53.3477,-6.27821,0,0,OPEN,"2025-02-22 15:06:42",1,0,{},26,4,21,5,0,5,30,26,4,21,5,0,5,30
35,dublin,SMITHFIELD,Smithfield,53.3477,-6.27821,0,0,OPEN,"2025-02-22 15:12:06",1,0,{},25,5,20,5,0,5,30,25,5,20,5,0,5,30
35,dublin,SMITHFIELD,Smithfield,53.3477,-6.27821,0,0,OPEN,"2025-02-22 15:17:09",1,0,{},28,2,21,7,0,7,30,28,2,21,7,0,7,30
35,dublin,SMITHFIELD,Smithfield,53.3477,-6.27821,0,0,OPEN,"2025-02-22 15:21:04",1,0,{},29,1,21,8,0,8,30,29,1,21,8,0,8,30
35,dublin,SMITHFIELD,Smithfield,53.3477,-6.27821,0,0,OPEN,"2025-02-22 15:26:17",1,0,{},30,0,21,9,0,9,30,30,0,21,9,0,9,30
35,dublin,SMITHFIELD,Smithfield,53.3477,-6.27821,0,0,OPEN,"2025-02-22 15:28:46",1,0,{},29,1,20,9,0,9,30,29,1,20,9,0,9,30
35,dublin,SMITHFIELD,Smithfield,53.3477,-6.27821,0,0,OPEN,"2025-02-22 15:36:22",1,0,{},29,1,20,9,0,9,30,29,1,20,9,0,9,30
35,dublin,SMITHFIELD,Smithfield,53.3477,-6.27821,0,0,OPEN,"2025-02-22 15:46:26",1,0,{},30,0,21,9,0,9,30,30,0,21,9,0,9,30
35,dublin,SMITHFIELD,Smithfield,53.3477,-6.27821,0,0,OPEN,"2025-02-22 15:56:58",1,0,{},29,1,20,9,0,9,30,29,1,20,9,0,9,30
35,dublin,SMITHFIELD,Smithfield,53.3477,-6.27821,0,0,OPEN,"2025-02-22 16:06:36",1,0,{},29,1,20,9,0,9,30,29,1,20,9,0,9,30
35,dublin,SMITHFIELD,Smithfield,53.3477,-6.27821,0,0,OPEN,"2025-02-22 16:16:40",1,0,{},29,1,20,9,0,9,30,29,1,20,9,0,9,30
35,dublin,SMITHFIELD,Smithfield,53.3477,-6.27821,0,0,OPEN,"2025-02-22 16:26:45",1,0,{},29,1,20,9,0,9,30,29,1,20,9,0,9,30
35,dublin,SMITHFIELD,Smithfield,53.3477,-6.27821,0,0,OPEN,"2025-02-22 16:36:49",1,0,{},29,1,20,9,0,9,30,29,1,20,9,0,9,30
35,dublin,SMITHFIELD,Smithfield,53.3477,-6.27821,0,0,OPEN,"2025-02-22 16:38:38",1,0,{},30,0,21,9,0,9,30,30,0,21,9,0,9,30
35,dublin,SMITHFIELD,Smithfield,53.3477,-6.27821,0,0,OPEN,"2025-02-22 16:46:53",1,0,{},30,0,21,9,0,9,30,30,0,21,9,0,9,30
35,dublin,SMITHFIELD,Smithfield,53.3477,-6.27821,0,0,OPEN,"2025-02-22 16:52:44",1,0,{},29,1,20,9,0,9,30,29,1,20,9,0,9,30
35,dublin,SMITHFIELD,Smithfield,53.3477,-6.27821,0,0,OPEN,"2025-02-22 16:57:13",1,0,{},28,2,19,9,0,9,30,28,2,19,9,0,9,30
35,dublin,SMITHFIELD,Smithfield,53.3477,-6.27821,0,0,OPEN,"2025-02-22 16:59:12",1,0,{},27,3,18,9,0,9,30,27,3,18,9,0,9,30
35,dublin,SMITHFIELD,Smithfield,53.3477,-6.27821,0,0,OPEN,"2025-02-22 17:07:08",1,0,{},29,1,19,10,0,10,30,29,1,19,10,0,10,30
35,dublin,SMITHFIELD,Smithfield,53.3477,-6.27821,0,0,OPEN,"2025-02-22 17:09:59",1,0,{},30,0,20,10,0,10,30,30,0,20,10,0,10,30
35,dublin,SMITHFIELD,Smithfield,53.3477,-6.27821,0,0,OPEN,"2025-02-22 17:17:12",1,0,{},30,0,20,10,0,10,30,30,0,20,10,0,10,30
35,dublin,SMITHFIELD,Smithfield,53.3477,-6.27821,0,0,OPEN,"2025-02-22 17:27:55",1,0,{},29,1,20,9,0,9,30,29,1,20,9,0,9,30
35,dublin,SMITHFIELD,Smithfield,53.3477,-6.27821,0,0,OPEN,"2025-02-22 17:37:57",1,0,{},28,2,20,8,0,8,30,28,2,20,8,0,8,30
35,dublin,SMITHFIELD,Smithfield,53.3477,-6.27821,0,0,OPEN,"2025-02-22 17:42:50",1,0,{},30,0,21,9,0,9,30,30,0,21,9,0,9,30
35,dublin,SMITHFIELD,Smithfield,53.3477,-6.27821,0,0,OPEN,"2025-02-22 17:48:04",1,0,{},29,1,20,9,0,9,30,29,1,20,9,0,9,30
35,dublin,SMITHFIELD,Smithfield,53.3477,-6.27821,0,0,OPEN,"2025-02-22 17:57:33",1,0,{},29,1,20,9,0,9,30,29,1,20,9,0,9,30
35,dublin,SMITHFIELD,Smithfield,53.3477,-6.27821,0,0,OPEN,"2025-02-22 18:02:04",1,0,{},28,2,19,9,0,9,30,28,2,19,9,0,9,30
35,dublin,SMITHFIELD,Smithfield,53.3477,-6.27821,0,0,OPEN,"2025-02-22 18:07:39",1,0,{},27,3,18,9,0,9,30,27,3,18,9,0,9,30
35,dublin,SMITHFIELD,Smithfield,53.3477,-6.27821,0,0,OPEN,"2025-02-22 18:17:44",1,0,{},28,2,19,9,0,9,30,28,2,19,9,0,9,30
35,dublin,SMITHFIELD,Smithfield,53.3477,-6.27821,0,0,OPEN,"2025-02-22 18:22:26",1,0,{},28,2,19,9,0,9,30,28,2,19,9,0,9,30
35,dublin,SMITHFIELD,Smithfield,53.3477,-6.27821,0,0,OPEN,"2025-02-22 18:27:51",1,0,{},30,0,21,9,0,9,30,30,0,21,9,0,9,30
35,dublin,SMITHFIELD,Smithfield,53.3477,-6.27821,0,0,OPEN,"2025-02-22 18:38:11",1,0,{},28,2,20,8,0,8,30,28,2,20,8,0,8,30
35,dublin,SMITHFIELD,Smithfield,53.3477,-6.27821,0,0,OPEN,"2025-02-22 18:48:03",1,0,{},28,2,20,8,0,8,30,28,2,20,8,0,8,30
35,dublin,SMITHFIELD,Smithfield,53.3477,-6.27821,0,0,OPEN,"2025-02-22 18:58:07",1,0,{},28,2,20,8,0,8,30,28,2,20,8,0,8,30
35,dublin,SMITHFIELD,Smithfield,53.3477,-6.27821,0,0,OPEN,"2025-02-22 19:03:54",1,0,{},28,2,19,9,0,9,30,28,2,19,9,0,9,30
35,dublin,SMITHFIELD,Smithfield,53.3477,-6.27821,0,0,OPEN,"2025-02-22 19:08:11",1,0,{},28,2,19,9,0,9,30,28,2,19,9,0,9,30
35,dublin,SMITHFIELD,Smithfield,53.3477,-6.27821,0,0,OPEN,"2025-02-22 19:09:56",1,0,{},29,1,20,9,0,9,30,29,1,20,9,0,9,30
35,dublin,SMITHFIELD,Smithfield,53.3477,-6.27821,0,0,OPEN,"2025-02-22 19:18:20",1,0,{},29,1,20,9,0,9,30,29,1,20,9,0,9,30
35,dublin,SMITHFIELD,Smithfield,53.3477,-6.27821,0,0,OPEN,"2025-02-22 19:28:24",1,0,{},29,1,20,9,0,9,30,29,1,20,9,0,9,30
35,dublin,SMITHFIELD,Smithfield,53.3477,-6.27821,0,0,OPEN,"2025-02-22 19:38:28",1,0,{},29,1,20,9,0,9,30,29,1,20,9,0,9,30
35,dublin,SMITHFIELD,Smithfield,53.3477,-6.27821,0,0,OPEN,"2025-02-22 19:49:12",1,0,{},28,2,19,9,0,9,30,28,2,19,9,0,9,30
35,dublin,SMITHFIELD,Smithfield,53.3477,-6.27821,0,0,OPEN,"2025-02-22 19:58:37",1,0,{},28,2,19,9,0,9,30,28,2,19,9,0,9,30
35,dublin,SMITHFIELD,Smithfield,53.3477,-6.27821,0,0,OPEN,"2025-02-22 20:08:42",1,0,{},29,1,20,9,0,9,30,29,1,20,9,0,9,30
35,dublin,SMITHFIELD,Smithfield,53.3477,-6.27821,0,0,OPEN,"2025-02-22 20:18:46",1,0,{},30,0,21,9,0,9,30,30,0,21,9,0,9,30
35,dublin,SMITHFIELD,Smithfield,53.3477,-6.27821,0,0,OPEN,"2025-02-22 20:23:37",1,0,{},30,0,21,9,0,9,30,30,0,21,9,0,9,30
35,dublin,SMITHFIELD,Smithfield,53.3477,-6.27821,0,0,OPEN,"2025-02-22 20:28:50",1,0,{},30,0,21,9,0,9,30,30,0,21,9,0,9,30
35,dublin,SMITHFIELD,Smithfield,53.3477,-6.27821,0,0,OPEN,"2025-02-22 20:39:29",1,0,{},30,0,21,9,0,9,30,30,0,21,9,0,9,30
35,dublin,SMITHFIELD,Smithfield,53.3477,-6.27821,0,0,OPEN,"2025-02-22 20:43:51",1,0,{},28,2,20,8,0,8,30,28,2,20,8,0,8,30
35,dublin,SMITHFIELD,Smithfield,53.3477,-6.27821,0,0,OPEN,"2025-02-22 20:49:01",1,0,{},28,2,20,8,0,8,30,28,2,20,8,0,8,30
35,dublin,SMITHFIELD,Smithfield,53.3477,-6.27821,0,0,OPEN,"2025-02-22 20:59:06",1,0,{},28,2,20,8,0,8,30,28,2,20,8,0,8,30
35,dublin,SMITHFIELD,Smithfield,53.3477,-6.27821,0,0,OPEN,"2025-02-22 21:09:10",1,0,{},28,2,20,8,0,8,30,28,2,20,8,0,8,30
35,dublin,SMITHFIELD,Smithfield,53.3477,-6.27821,0,0,OPEN,"2025-02-22 21:09:47",1,0,{},29,1,21,8,0,8,30,29,1,21,8,0,8,30
35,dublin,SMITHFIELD,Smithfield,53.3477,-6.27821,0,0,OPEN,"2025-02-22 21:19:15",1,0,{},29,1,21,8,0,8,30,29,1,21,8,0,8,30
35,dublin,SMITHFIELD,Smithfield,53.3477,-6.27821,0,0,OPEN,"2025-02-22 21:29:22",1,0,{},29,1,21,8,0,8,30,29,1,21,8,0,8,30
35,dublin,SMITHFIELD,Smithfield,53.3477,-6.27821,0,0,OPEN,"2025-02-22 21:39:26",1,0,{},29,1,21,8,0,8,30,29,1,21,8,0,8,30
35,dublin,SMITHFIELD,Smithfield,53.3477,-6.27821,0,0,OPEN,"2025-02-22 21:49:30",1,0,{},29,1,21,8,0,8,30,29,1,21,8,0,8,30
35,dublin,SMITHFIELD,Smithfield,53.3477,-6.27821,0,0,OPEN,"2025-02-22 21:59:33",1,0,{},29,1,21,8,0,8,30,29,1,21,8,0,8,30
35,dublin,SMITHFIELD,Smithfield,53.3477,-6.27821,0,0,OPEN,"2025-02-22 22:09:36",1,0,{},29,1,21,8,0,8,30,29,1,21,8,0,8,30
36,dublin,"ST. STEPHEN'S GREEN EAST","St. Stephen's Green East",53.3378,-6.25603,0,0,OPEN,"2025-02-22 02:59:37",1,0,{},4,36,3,1,0,1,40,4,36,3,1,0,1,40
36,dublin,"ST. STEPHEN'S GREEN EAST","St. Stephen's Green East",53.3378,-6.25603,0,0,OPEN,"2025-02-22 03:09:42",1,0,{},4,36,3,1,0,1,40,4,36,3,1,0,1,40
36,dublin,"ST. STEPHEN'S GREEN EAST","St. Stephen's Green East",53.3378,-6.25603,0,0,OPEN,"2025-02-22 03:15:25",1,0,{},4,36,3,1,0,1,40,4,36,3,1,0,1,40
36,dublin,"ST. STEPHEN'S GREEN EAST","St. Stephen's Green East",53.3378,-6.25603,0,0,OPEN,"2025-02-22 03:16:27",1,0,{},4,36,3,1,0,1,40,4,36,3,1,0,1,40
36,dublin,"ST. STEPHEN'S GREEN EAST","St. Stephen's Green East",53.3378,-6.25603,0,0,OPEN,"2025-02-22 10:08:17",1,0,{},10,30,7,3,0,3,40,10,30,7,3,0,3,40
36,dublin,"ST. STEPHEN'S GREEN EAST","St. Stephen's Green East",53.3378,-6.25603,0,0,OPEN,"2025-02-22 10:18:21",1,0,{},10,30,7,3,0,3,40,10,30,7,3,0,3,40
36,dublin,"ST. STEPHEN'S GREEN EAST","St. Stephen's Green East",53.3378,-6.25603,0,0,OPEN,"2025-02-22 10:28:25",1,0,{},10,30,7,3,0,3,40,10,30,7,3,0,3,40
36,dublin,"ST. STEPHEN'S GREEN EAST","St. Stephen's Green East",53.3378,-6.25603,0,0,OPEN,"2025-02-22 10:38:30",1,0,{},11,29,8,3,0,3,40,11,29,8,3,0,3,40
36,dublin,"ST. STEPHEN'S GREEN EAST","St. Stephen's Green East",53.3378,-6.25603,0,0,OPEN,"2025-02-22 10:43:25",1,0,{},10,30,7,3,0,3,40,10,30,7,3,0,3,40
36,dublin,"ST. STEPHEN'S GREEN EAST","St. Stephen's Green East",53.3378,-6.25603,0,0,OPEN,"2025-02-22 10:48:36",1,0,{},10,30,7,3,0,3,40,10,30,7,3,0,3,40
36,dublin,"ST. STEPHEN'S GREEN EAST","St. Stephen's Green East",53.3378,-6.25603,0,0,OPEN,"2025-02-22 10:58:41",1,0,{},10,30,7,3,0,3,40,10,30,7,3,0,3,40
36,dublin,"ST. STEPHEN'S GREEN EAST","St. Stephen's Green East",53.3378,-6.25603,0,0,OPEN,"2025-02-22 11:08:45",1,0,{},10,30,7,3,0,3,40,10,30,7,3,0,3,40
36,dublin,"ST. STEPHEN'S GREEN EAST","St. Stephen's Green East",53.3378,-6.25603,0,0,OPEN,"2025-02-22 11:18:49",1,0,{},10,30,7,3,0,3,40,10,30,7,3,0,3,40
36,dublin,"ST. STEPHEN'S GREEN EAST","St. Stephen's Green East",53.3378,-6.25603,0,0,OPEN,"2025-02-22 11:28:53",1,0,{},10,30,7,3,0,3,40,10,30,7,3,0,3,40
36,dublin,"ST. STEPHEN'S GREEN EAST","St. Stephen's Green East",53.3378,-6.25603,0,0,OPEN,"2025-02-22 11:38:58",1,0,{},10,30,7,3,0,3,40,10,30,7,3,0,3,40
36,dublin,"ST. STEPHEN'S GREEN EAST","St. Stephen's Green East",53.3378,-6.25603,0,0,OPEN,"2025-02-22 11:49:02",1,0,{},10,30,7,3,0,3,40,10,30,7,3,0,3,40
36,dublin,"ST. STEPHEN'S GREEN EAST","St. Stephen's Green East",53.3378,-6.25603,0,0,OPEN,"2025-02-22 12:02:47",1,0,{},11,29,7,4,0,4,40,11,29,7,4,0,4,40
36,dublin,"ST. STEPHEN'S GREEN EAST","St. Stephen's Green East",53.3378,-6.25603,0,0,OPEN,"2025-02-22 12:09:11",1,0,{},11,29,7,4,0,4,40,11,29,7,4,0,4,40
36,dublin,"ST. STEPHEN'S GREEN EAST","St. Stephen's Green East",53.3378,-6.25603,0,0,OPEN,"2025-02-22 12:19:15",1,0,{},11,29,7,4,0,4,40,11,29,7,4,0,4,40
36,dublin,"ST. STEPHEN'S GREEN EAST","St. Stephen's Green East",53.3378,-6.25603,0,0,OPEN,"2025-02-22 12:29:19",1,0,{},11,29,7,4,0,4,40,11,29,7,4,0,4,40
36,dublin,"ST. STEPHEN'S GREEN EAST","St. Stephen's Green East",53.3378,-6.25603,0,0,OPEN,"2025-02-22 12:37:55",1,0,{},10,30,6,4,0,4,40,10,30,6,4,0,4,40
36,dublin,"ST. STEPHEN'S GREEN EAST","St. Stephen's Green East",53.3378,-6.25603,0,0,OPEN,"2025-02-22 12:39:25",1,0,{},10,30,6,4,0,4,40,10,30,6,4,0,4,40
36,dublin,"ST. STEPHEN'S GREEN EAST","St. Stephen's Green East",53.3378,-6.25603,0,0,OPEN,"2025-02-22 12:49:29",1,0,{},10,30,6,4,0,4,40,10,30,6,4,0,4,40
36,dublin,"ST. STEPHEN'S GREEN EAST","St. Stephen's Green East",53.3378,-6.25603,0,0,OPEN,"2025-02-22 12:54:49",1,0,{},12,28,6,6,0,6,40,12,28,6,6,0,6,40
36,dublin,"ST. STEPHEN'S GREEN EAST","St. Stephen's Green East",53.3378,-6.25603,0,0,OPEN,"2025-02-22 13:00:29",1,0,{},13,27,7,6,0,6,40,13,27,7,6,0,6,40
36,dublin,"ST. STEPHEN'S GREEN EAST","St. Stephen's Green East",53.3378,-6.25603,0,0,OPEN,"2025-02-22 13:09:39",1,0,{},13,27,7,6,0,6,40,13,27,7,6,0,6,40
36,dublin,"ST. STEPHEN'S GREEN EAST","St. Stephen's Green East",53.3378,-6.25603,0,0,OPEN,"2025-02-22 13:19:43",1,0,{},13,27,7,6,0,6,40,13,27,7,6,0,6,40
36,dublin,"ST. STEPHEN'S GREEN EAST","St. Stephen's Green East",53.3378,-6.25603,0,0,OPEN,"2025-02-22 13:23:47",1,0,{},14,26,7,7,0,7,40,14,26,7,7,0,7,40
36,dublin,"ST. STEPHEN'S GREEN EAST","St. Stephen's Green East",53.3378,-6.25603,0,0,OPEN,"2025-02-22 13:33:28",1,0,{},15,25,8,7,0,7,40,15,25,8,7,0,7,40
36,dublin,"ST. STEPHEN'S GREEN EAST","St. Stephen's Green East",53.3378,-6.25603,0,0,OPEN,"2025-02-22 13:39:54",1,0,{},15,25,8,7,0,7,40,15,25,8,7,0,7,40
36,dublin,"ST. STEPHEN'S GREEN EAST","St. Stephen's Green East",53.3378,-6.25603,0,0,OPEN,"2025-02-22 13:53:26",1,0,{},13,27,7,6,0,6,40,13,27,7,6,0,6,40
36,dublin,"ST. STEPHEN'S GREEN EAST","St. Stephen's Green East",53.3378,-6.25603,0,0,OPEN,"2025-02-22 13:55:09",1,0,{},10,30,6,4,0,4,40,10,30,6,4,0,4,40
36,dublin,"ST. STEPHEN'S GREEN EAST","St. Stephen's Green East",53.3378,-6.25603,0,0,OPEN,"2025-02-22 14:00:07",1,0,{},11,29,6,5,0,5,40,11,29,6,5,0,5,40
36,dublin,"ST. STEPHEN'S GREEN EAST","St. Stephen's Green East",53.3378,-6.25603,0,0,OPEN,"2025-02-22 14:10:11",1,0,{},11,29,6,5,0,5,40,11,29,6,5,0,5,40
36,dublin,"ST. STEPHEN'S GREEN EAST","St. Stephen's Green East",53.3378,-6.25603,0,0,OPEN,"2025-02-22 14:20:27",1,0,{},12,28,7,5,0,5,40,12,28,7,5,0,5,40
36,dublin,"ST. STEPHEN'S GREEN EAST","St. Stephen's Green East",53.3378,-6.25603,0,0,OPEN,"2025-02-22 14:30:20",1,0,{},12,28,7,5,0,5,40,12,28,7,5,0,5,40
36,dublin,"ST. STEPHEN'S GREEN EAST","St. Stephen's Green East",53.3378,-6.25603,0,0,OPEN,"2025-02-22 14:40:24",1,0,{},12,28,7,5,0,5,40,12,28,7,5,0,5,40
36,dublin,"ST. STEPHEN'S GREEN EAST","St. Stephen's Green East",53.3378,-6.25603,0,0,OPEN,"2025-02-22 14:50:30",1,0,{},11,29,6,5,0,5,40,11,29,6,5,0,5,40
36,dublin,"ST. STEPHEN'S GREEN EAST","St. Stephen's Green East",53.3378,-6.25603,0,0,OPEN,"2025-02-22 14:57:15",1,0,{},12,28,6,6,0,6,40,12,28,6,6,0,6,40
36,dublin,"ST. STEPHEN'S GREEN EAST","St. Stephen's Green East",53.3378,-6.25603,0,0,OPEN,"2025-02-22 15:00:33",1,0,{},12,28,6,6,0,6,40,12,28,6,6,0,6,40
36,dublin,"ST. STEPHEN'S GREEN EAST","St. Stephen's Green East",53.3378,-6.25603,0,0,OPEN,"2025-02-22 15:08:27",1,0,{},13,27,6,7,0,7,40,13,27,6,7,0,7,40
36,dublin,"ST. STEPHEN'S GREEN EAST","St. Stephen's Green East",53.3378,-6.25603,0,0,OPEN,"2025-02-22 15:10:39",1,0,{},13,27,6,7,0,7,40,13,27,6,7,0,7,40
36,dublin,"ST. STEPHEN'S GREEN EAST","St. Stephen's Green East",53.3378,-6.25603,0,0,OPEN,"2025-02-22 15:14:41",1,0,{},12,28,6,6,0,6,40,12,28,6,6,0,6,40
36,dublin,"ST. STEPHEN'S GREEN EAST","St. Stephen's Green East",53.3378,-6.25603,0,0,OPEN,"2025-02-22 15:21:36",1,0,{},11,29,5,6,0,6,40,11,29,5,6,0,6,40
36,dublin,"ST. STEPHEN'S GREEN EAST","St. Stephen's Green East",53.3378,-6.25603,0,0,OPEN,"2025-02-22 15:30:50",1,0,{},11,29,5,6,0,6,40,11,29,5,6,0,6,40
36,dublin,"ST. STEPHEN'S GREEN EAST","St. Stephen's Green East",53.3378,-6.25603,0,0,OPEN,"2025-02-22 15:40:54",1,0,{},11,29,5,6,0,6,40,11,29,5,6,0,6,40
36,dublin,"ST. STEPHEN'S GREEN EAST","St. Stephen's Green East",53.3378,-6.25603,0,0,OPEN,"2025-02-22 15:48:11",1,0,{},13,27,6,7,0,7,40,13,27,6,7,0,7,40
36,dublin,"ST. STEPHEN'S GREEN EAST","St. Stephen's Green East",53.3378,-6.25603,0,0,OPEN,"2025-02-22 15:50:58",1,0,{},13,27,6,7,0,7,40,13,27,6,7,0,7,40
36,dublin,"ST. STEPHEN'S GREEN EAST","St. Stephen's Green East",53.3378,-6.25603,0,0,OPEN,"2025-02-22 16:01:02",1,0,{},13,27,6,7,0,7,40,13,27,6,7,0,7,40
36,dublin,"ST. STEPHEN'S GREEN EAST","St. Stephen's Green East",53.3378,-6.25603,0,0,OPEN,"2025-02-22 16:11:06",1,0,{},13,27,6,7,0,7,40,13,27,6,7,0,7,40
36,dublin,"ST. STEPHEN'S GREEN EAST","St. Stephen's Green East",53.3378,-6.25603,0,0,OPEN,"2025-02-22 16:21:10",1,0,{},13,27,6,7,0,7,40,13,27,6,7,0,7,40
36,dublin,"ST. STEPHEN'S GREEN EAST","St. Stephen's Green East",53.3378,-6.25603,0,0,OPEN,"2025-02-22 16:31:14",1,0,{},13,27,6,7,0,7,40,13,27,6,7,0,7,40
36,dublin,"ST. STEPHEN'S GREEN EAST","St. Stephen's Green East",53.3378,-6.25603,0,0,OPEN,"2025-02-22 16:41:17",1,0,{},13,27,6,7,0,7,40,13,27,6,7,0,7,40
36,dublin,"ST. STEPHEN'S GREEN EAST","St. Stephen's Green East",53.3378,-6.25603,0,0,OPEN,"2025-02-22 16:51:22",1,0,{},13,27,6,7,0,7,40,13,27,6,7,0,7,40
36,dublin,"ST. STEPHEN'S GREEN EAST","St. Stephen's Green East",53.3378,-6.25603,0,0,OPEN,"2025-02-22 17:02:45",1,0,{},14,26,7,7,0,7,40,14,26,7,7,0,7,40
36,dublin,"ST. STEPHEN'S GREEN EAST","St. Stephen's Green East",53.3378,-6.25603,0,0,OPEN,"2025-02-22 17:06:41",1,0,{},18,22,9,9,0,9,40,18,22,9,9,0,9,40
36,dublin,"ST. STEPHEN'S GREEN EAST","St. Stephen's Green East",53.3378,-6.25603,0,0,OPEN,"2025-02-22 17:11:31",1,0,{},18,22,9,9,0,9,40,18,22,9,9,0,9,40
36,dublin,"ST. STEPHEN'S GREEN EAST","St. Stephen's Green East",53.3378,-6.25603,0,0,OPEN,"2025-02-22 17:21:35",1,0,{},18,22,9,9,0,9,40,18,22,9,9,0,9,40
36,dublin,"ST. STEPHEN'S GREEN EAST","St. Stephen's Green East",53.3378,-6.25603,0,0,OPEN,"2025-02-22 17:31:39",1,0,{},18,22,9,9,0,9,40,18,22,9,9,0,9,40
36,dublin,"ST. STEPHEN'S GREEN EAST","St. Stephen's Green East",53.3378,-6.25603,0,0,OPEN,"2025-02-22 17:41:45",1,0,{},17,23,9,8,0,8,40,17,23,9,8,0,8,40
36,dublin,"ST. STEPHEN'S GREEN EAST","St. Stephen's Green East",53.3378,-6.25603,0,0,OPEN,"2025-02-22 17:51:49",1,0,{},17,23,9,8,0,8,40,17,23,9,8,0,8,40
36,dublin,"ST. STEPHEN'S GREEN EAST","St. Stephen's Green East",53.3378,-6.25603,0,0,OPEN,"2025-02-22 17:57:39",1,0,{},17,23,9,8,0,8,40,17,23,9,8,0,8,40
36,dublin,"ST. STEPHEN'S GREEN EAST","St. Stephen's Green East",53.3378,-6.25603,0,0,OPEN,"2025-02-22 18:01:54",1,0,{},17,23,9,8,0,8,40,17,23,9,8,0,8,40
36,dublin,"ST. STEPHEN'S GREEN EAST","St. Stephen's Green East",53.3378,-6.25603,0,0,OPEN,"2025-02-22 18:11:58",1,0,{},17,23,9,8,0,8,40,17,23,9,8,0,8,40
36,dublin,"ST. STEPHEN'S GREEN EAST","St. Stephen's Green East",53.3378,-6.25603,0,0,OPEN,"2025-02-22 18:18:12",1,0,{},19,21,11,8,0,8,40,19,21,11,8,0,8,40
36,dublin,"ST. STEPHEN'S GREEN EAST","St. Stephen's Green East",53.3378,-6.25603,0,0,OPEN,"2025-02-22 18:22:02",1,0,{},19,21,11,8,0,8,40,19,21,11,8,0,8,40
36,dublin,"ST. STEPHEN'S GREEN EAST","St. Stephen's Green East",53.3378,-6.25603,0,0,OPEN,"2025-02-22 18:32:22",1,0,{},20,20,12,8,0,8,40,20,20,12,8,0,8,40
36,dublin,"ST. STEPHEN'S GREEN EAST","St. Stephen's Green East",53.3378,-6.25603,0,0,OPEN,"2025-02-22 18:37:57",1,0,{},21,19,13,8,0,8,40,21,19,13,8,0,8,40
36,dublin,"ST. STEPHEN'S GREEN EAST","St. Stephen's Green East",53.3378,-6.25603,0,0,OPEN,"2025-02-22 18:42:12",1,0,{},22,18,14,8,0,8,40,22,18,14,8,0,8,40
36,dublin,"ST. STEPHEN'S GREEN EAST","St. Stephen's Green East",53.3378,-6.25603,0,0,OPEN,"2025-02-22 18:52:16",1,0,{},22,18,14,8,0,8,40,22,18,14,8,0,8,40
36,dublin,"ST. STEPHEN'S GREEN EAST","St. Stephen's Green East",53.3378,-6.25603,0,0,OPEN,"2025-02-22 19:02:20",1,0,{},22,18,14,8,0,8,40,22,18,14,8,0,8,40
36,dublin,"ST. STEPHEN'S GREEN EAST","St. Stephen's Green East",53.3378,-6.25603,0,0,OPEN,"2025-02-22 19:12:27",1,0,{},22,18,14,8,0,8,40,22,18,14,8,0,8,40
36,dublin,"ST. STEPHEN'S GREEN EAST","St. Stephen's Green East",53.3378,-6.25603,0,0,OPEN,"2025-02-22 19:15:47",1,0,{},22,18,14,8,0,8,40,22,18,14,8,0,8,40
36,dublin,"ST. STEPHEN'S GREEN EAST","St. Stephen's Green East",53.3378,-6.25603,0,0,OPEN,"2025-02-22 19:22:32",1,0,{},22,18,14,8,0,8,40,22,18,14,8,0,8,40
36,dublin,"ST. STEPHEN'S GREEN EAST","St. Stephen's Green East",53.3378,-6.25603,0,0,OPEN,"2025-02-22 19:33:54",1,0,{},23,17,14,9,0,9,40,23,17,14,9,0,9,40
36,dublin,"ST. STEPHEN'S GREEN EAST","St. Stephen's Green East",53.3378,-6.25603,0,0,OPEN,"2025-02-22 19:42:42",1,0,{},23,17,14,9,0,9,40,23,17,14,9,0,9,40
36,dublin,"ST. STEPHEN'S GREEN EAST","St. Stephen's Green East",53.3378,-6.25603,0,0,OPEN,"2025-02-22 19:52:46",1,0,{},23,17,14,9,0,9,40,23,17,14,9,0,9,40
36,dublin,"ST. STEPHEN'S GREEN EAST","St. Stephen's Green East",53.3378,-6.25603,0,0,OPEN,"2025-02-22 20:04:12",1,0,{},22,18,13,9,0,9,40,22,18,13,9,0,9,40
36,dublin,"ST. STEPHEN'S GREEN EAST","St. Stephen's Green East",53.3378,-6.25603,0,0,OPEN,"2025-02-22 20:12:56",1,0,{},22,18,13,9,0,9,40,22,18,13,9,0,9,40
36,dublin,"ST. STEPHEN'S GREEN EAST","St. Stephen's Green East",53.3378,-6.25603,0,0,OPEN,"2025-02-22 20:23:00",1,0,{},21,19,12,9,0,9,40,21,19,12,9,0,9,40
36,dublin,"ST. STEPHEN'S GREEN EAST","St. Stephen's Green East",53.3378,-6.25603,0,0,OPEN,"2025-02-22 20:27:30",1,0,{},20,20,11,9,0,9,40,20,20,11,9,0,9,40
36,dublin,"ST. STEPHEN'S GREEN EAST","St. Stephen's Green East",53.3378,-6.25603,0,0,OPEN,"2025-02-22 20:33:06",1,0,{},20,20,11,9,0,9,40,20,20,11,9,0,9,40
36,dublin,"ST. STEPHEN'S GREEN EAST","St. Stephen's Green East",53.3378,-6.25603,0,0,OPEN,"2025-02-22 20:39:02",1,0,{},21,19,11,10,0,10,40,21,19,11,10,0,10,40
36,dublin,"ST. STEPHEN'S GREEN EAST","St. Stephen's Green East",53.3378,-6.25603,0,0,OPEN,"2025-02-22 20:43:12",1,0,{},21,19,11,10,0,10,40,21,19,11,10,0,10,40
36,dublin,"ST. STEPHEN'S GREEN EAST","St. Stephen's Green East",53.3378,-6.25603,0,0,OPEN,"2025-02-22 20:53:16",1,0,{},21,19,11,10,0,10,40,21,19,11,10,0,10,40
36,dublin,"ST. STEPHEN'S GREEN EAST","St. Stephen's Green East",53.3378,-6.25603,0,0,OPEN,"2025-02-22 20:55:48",1,0,{},22,18,12,10,0,10,40,22,18,12,10,0,10,40
36,dublin,"ST. STEPHEN'S GREEN EAST","St. Stephen's Green East",53.3378,-6.25603,0,0,OPEN,"2025-02-22 21:03:20",1,0,{},22,18,12,10,0,10,40,22,18,12,10,0,10,40
36,dublin,"ST. STEPHEN'S GREEN EAST","St. Stephen's Green East",53.3378,-6.25603,0,0,OPEN,"2025-02-22 21:13:24",1,0,{},22,18,12,10,0,10,40,22,18,12,10,0,10,40
36,dublin,"ST. STEPHEN'S GREEN EAST","St. Stephen's Green East",53.3378,-6.25603,0,0,OPEN,"2025-02-22 21:23:27",1,0,{},22,18,12,10,0,10,40,22,18,12,10,0,10,40
36,dublin,"ST. STEPHEN'S GREEN EAST","St. Stephen's Green East",53.3378,-6.25603,0,0,OPEN,"2025-02-22 21:26:24",1,0,{},19,21,9,10,0,10,40,19,21,9,10,0,10,40
36,dublin,"ST. STEPHEN'S GREEN EAST","St. Stephen's Green East",53.3378,-6.25603,0,0,OPEN,"2025-02-22 21:33:37",1,0,{},19,21,9,10,0,10,40,19,21,9,10,0,10,40
36,dublin,"ST. STEPHEN'S GREEN EAST","St. Stephen's Green East",53.3378,-6.25603,0,0,OPEN,"2025-02-22 21:43:41",1,0,{},19,21,9,10,0,10,40,19,21,9,10,0,10,40
36,dublin,"ST. STEPHEN'S GREEN EAST","St. Stephen's Green East",53.3378,-6.25603,0,0,OPEN,"2025-02-22 21:45:42",1,0,{},21,19,11,10,0,10,40,21,19,11,10,0,10,40
36,dublin,"ST. STEPHEN'S GREEN EAST","St. Stephen's Green East",53.3378,-6.25603,0,0,OPEN,"2025-02-22 21:53:46",1,0,{},21,19,11,10,0,10,40,21,19,11,10,0,10,40
36,dublin,"ST. STEPHEN'S GREEN EAST","St. Stephen's Green East",53.3378,-6.25603,0,0,OPEN,"2025-02-22 22:03:50",1,0,{},21,19,11,10,0,10,40,21,19,11,10,0,10,40
36,dublin,"ST. STEPHEN'S GREEN EAST","St. Stephen's Green East",53.3378,-6.25603,0,0,OPEN,"2025-02-22 22:13:56",1,0,{},20,20,10,10,0,10,40,20,20,10,10,0,10,40
37,dublin,"ST. STEPHEN'S GREEN SOUTH","St. Stephen's Green South",53.3375,-6.26199,0,0,OPEN,"2025-02-22 03:00:58",1,0,{},0,30,0,0,0,0,30,0,30,0,0,0,0,30
37,dublin,"ST. STEPHEN'S GREEN SOUTH","St. Stephen's Green South",53.3375,-6.26199,0,0,OPEN,"2025-02-22 03:11:04",1,0,{},0,30,0,0,0,0,30,0,30,0,0,0,0,30
37,dublin,"ST. STEPHEN'S GREEN SOUTH","St. Stephen's Green South",53.3375,-6.26199,0,0,OPEN,"2025-02-22 10:09:59",1,0,{},1,29,1,0,0,0,30,1,29,1,0,0,0,30
37,dublin,"ST. STEPHEN'S GREEN SOUTH","St. Stephen's Green South",53.3375,-6.26199,0,0,OPEN,"2025-02-22 10:20:02",1,0,{},1,29,1,0,0,0,30,1,29,1,0,0,0,30
37,dublin,"ST. STEPHEN'S GREEN SOUTH","St. Stephen's Green South",53.3375,-6.26199,0,0,OPEN,"2025-02-22 10:30:06",1,0,{},1,29,1,0,0,0,30,1,29,1,0,0,0,30
37,dublin,"ST. STEPHEN'S GREEN SOUTH","St. Stephen's Green South",53.3375,-6.26199,0,0,OPEN,"2025-02-22 10:40:09",1,0,{},1,29,1,0,0,0,30,1,29,1,0,0,0,30
37,dublin,"ST. STEPHEN'S GREEN SOUTH","St. Stephen's Green South",53.3375,-6.26199,0,0,OPEN,"2025-02-22 10:50:13",1,0,{},1,29,1,0,0,0,30,1,29,1,0,0,0,30
37,dublin,"ST. STEPHEN'S GREEN SOUTH","St. Stephen's Green South",53.3375,-6.26199,0,0,OPEN,"2025-02-22 11:00:16",1,0,{},1,29,1,0,0,0,30,1,29,1,0,0,0,30
37,dublin,"ST. STEPHEN'S GREEN SOUTH","St. Stephen's Green South",53.3375,-6.26199,0,0,OPEN,"2025-02-22 11:10:20",1,0,{},1,29,1,0,0,0,30,1,29,1,0,0,0,30
37,dublin,"ST. STEPHEN'S GREEN SOUTH","St. Stephen's Green South",53.3375,-6.26199,0,0,OPEN,"2025-02-22 11:20:24",1,0,{},1,29,1,0,0,0,30,1,29,1,0,0,0,30
37,dublin,"ST. STEPHEN'S GREEN SOUTH","St. Stephen's Green South",53.3375,-6.26199,0,0,OPEN,"2025-02-22 11:30:28",1,0,{},1,29,1,0,0,0,30,1,29,1,0,0,0,30
37,dublin,"ST. STEPHEN'S GREEN SOUTH","St. Stephen's Green South",53.3375,-6.26199,0,0,OPEN,"2025-02-22 11:40:32",1,0,{},1,29,1,0,0,0,30,1,29,1,0,0,0,30
37,dublin,"ST. STEPHEN'S GREEN SOUTH","St. Stephen's Green South",53.3375,-6.26199,0,0,OPEN,"2025-02-22 11:46:39",1,0,{},2,28,2,0,0,0,30,2,28,2,0,0,0,30
37,dublin,"ST. STEPHEN'S GREEN SOUTH","St. Stephen's Green South",53.3375,-6.26199,0,0,OPEN,"2025-02-22 11:50:36",1,0,{},2,28,2,0,0,0,30,2,28,2,0,0,0,30
37,dublin,"ST. STEPHEN'S GREEN SOUTH","St. Stephen's Green South",53.3375,-6.26199,0,0,OPEN,"2025-02-22 12:00:40",1,0,{},2,28,2,0,0,0,30,2,28,2,0,0,0,30
37,dublin,"ST. STEPHEN'S GREEN SOUTH","St. Stephen's Green South",53.3375,-6.26199,0,0,OPEN,"2025-02-22 12:10:44",1,0,{},2,28,2,0,0,0,30,2,28,2,0,0,0,30
37,dublin,"ST. STEPHEN'S GREEN SOUTH","St. Stephen's Green South",53.3375,-6.26199,0,0,OPEN,"2025-02-22 12:20:48",1,0,{},2,28,2,0,0,0,30,2,28,2,0,0,0,30
37,dublin,"ST. STEPHEN'S GREEN SOUTH","St. Stephen's Green South",53.3375,-6.26199,0,0,OPEN,"2025-02-22 12:30:51",1,0,{},2,28,2,0,0,0,30,2,28,2,0,0,0,30
37,dublin,"ST. STEPHEN'S GREEN SOUTH","St. Stephen's Green South",53.3375,-6.26199,0,0,OPEN,"2025-02-22 12:40:55",1,0,{},2,28,2,0,0,0,30,2,28,2,0,0,0,30
37,dublin,"ST. STEPHEN'S GREEN SOUTH","St. Stephen's Green South",53.3375,-6.26199,0,0,OPEN,"2025-02-22 12:50:59",1,0,{},2,28,2,0,0,0,30,2,28,2,0,0,0,30
37,dublin,"ST. STEPHEN'S GREEN SOUTH","St. Stephen's Green South",53.3375,-6.26199,0,0,OPEN,"2025-02-22 13:01:02",1,0,{},2,28,2,0,0,0,30,2,28,2,0,0,0,30
37,dublin,"ST. STEPHEN'S GREEN SOUTH","St. Stephen's Green South",53.3375,-6.26199,0,0,OPEN,"2025-02-22 13:11:08",1,0,{},1,29,1,0,0,0,30,1,29,1,0,0,0,30
37,dublin,"ST. STEPHEN'S GREEN SOUTH","St. Stephen's Green South",53.3375,-6.26199,0,0,OPEN,"2025-02-22 13:21:12",1,0,{},1,29,1,0,0,0,30,1,29,1,0,0,0,30
37,dublin,"ST. STEPHEN'S GREEN SOUTH","St. Stephen's Green South",53.3375,-6.26199,0,0,OPEN,"2025-02-22 13:31:16",1,0,{},1,29,1,0,0,0,30,1,29,1,0,0,0,30
37,dublin,"ST. STEPHEN'S GREEN SOUTH","St. Stephen's Green South",53.3375,-6.26199,0,0,OPEN,"2025-02-22 13:43:15",1,0,{},2,28,2,0,0,0,30,2,28,2,0,0,0,30
37,dublin,"ST. STEPHEN'S GREEN SOUTH","St. Stephen's Green South",53.3375,-6.26199,0,0,OPEN,"2025-02-22 13:44:23",1,0,{},3,27,3,0,0,0,30,3,27,3,0,0,0,30
37,dublin,"ST. STEPHEN'S GREEN SOUTH","St. Stephen's Green South",53.3375,-6.26199,0,0,OPEN,"2025-02-22 13:51:23",1,0,{},3,27,3,0,0,0,30,3,27,3,0,0,0,30
37,dublin,"ST. STEPHEN'S GREEN SOUTH","St. Stephen's Green South",53.3375,-6.26199,0,0,OPEN,"2025-02-22 13:55:24",1,0,{},2,28,2,0,0,0,30,2,28,2,0,0,0,30
37,dublin,"ST. STEPHEN'S GREEN SOUTH","St. Stephen's Green South",53.3375,-6.26199,0,0,OPEN,"2025-02-22 14:01:29",1,0,{},7,23,7,0,0,0,30,7,23,7,0,0,0,30
37,dublin,"ST. STEPHEN'S GREEN SOUTH","St. Stephen's Green South",53.3375,-6.26199,0,0,OPEN,"2025-02-22 14:04:22",1,0,{},8,22,8,0,0,0,30,8,22,8,0,0,0,30
37,dublin,"ST. STEPHEN'S GREEN SOUTH","St. Stephen's Green South",53.3375,-6.26199,0,0,OPEN,"2025-02-22 14:11:33",1,0,{},8,22,8,0,0,0,30,8,22,8,0,0,0,30
37,dublin,"ST. STEPHEN'S GREEN SOUTH","St. Stephen's Green South",53.3375,-6.26199,0,0,OPEN,"2025-02-22 14:21:36",1,0,{},8,22,8,0,0,0,30,8,22,8,0,0,0,30
37,dublin,"ST. STEPHEN'S GREEN SOUTH","St. Stephen's Green South",53.3375,-6.26199,0,0,OPEN,"2025-02-22 14:31:40",1,0,{},8,22,8,0,0,0,30,8,22,8,0,0,0,30
37,dublin,"ST. STEPHEN'S GREEN SOUTH","St. Stephen's Green South",53.3375,-6.26199,0,0,OPEN,"2025-02-22 14:38:19",1,0,{},9,21,9,0,0,0,30,9,21,9,0,0,0,30
37,dublin,"ST. STEPHEN'S GREEN SOUTH","St. Stephen's Green South",53.3375,-6.26199,0,0,OPEN,"2025-02-22 14:41:44",1,0,{},9,21,9,0,0,0,30,9,21,9,0,0,0,30
37,dublin,"ST. STEPHEN'S GREEN SOUTH","St. Stephen's Green South",53.3375,-6.26199,0,0,OPEN,"2025-02-22 14:53:00",1,0,{},7,23,7,0,0,0,30,7,23,7,0,0,0,30
37,dublin,"ST. STEPHEN'S GREEN SOUTH","St. Stephen's Green South",53.3375,-6.26199,0,0,OPEN,"2025-02-22 15:01:56",1,0,{},7,23,7,0,0,0,30,7,23,7,0,0,0,30
37,dublin,"ST. STEPHEN'S GREEN SOUTH","St. Stephen's Green South",53.3375,-6.26199,0,0,OPEN,"2025-02-22 15:11:59",1,0,{},7,23,7,0,0,0,30,7,23,7,0,0,0,30
37,dublin,"ST. STEPHEN'S GREEN SOUTH","St. Stephen's Green South",53.3375,-6.26199,0,0,OPEN,"2025-02-22 15:22:03",1,0,{},7,23,7,0,0,0,30,7,23,7,0,0,0,30
37,dublin,"ST. STEPHEN'S GREEN SOUTH","St. Stephen's Green South",53.3375,-6.26199,0,0,OPEN,"2025-02-22 15:32:06",1,0,{},7,23,7,0,0,0,30,7,23,7,0,0,0,30
37,dublin,"ST. STEPHEN'S GREEN SOUTH","St. Stephen's Green South",53.3375,-6.26199,0,0,OPEN,"2025-02-22 15:42:10",1,0,{},7,23,7,0,0,0,30,7,23,7,0,0,0,30
37,dublin,"ST. STEPHEN'S GREEN SOUTH","St. Stephen's Green South",53.3375,-6.26199,0,0,OPEN,"2025-02-22 15:52:13",1,0,{},7,23,7,0,0,0,30,7,23,7,0,0,0,30
37,dublin,"ST. STEPHEN'S GREEN SOUTH","St. Stephen's Green South",53.3375,-6.26199,0,0,OPEN,"2025-02-22 16:02:17",1,0,{},7,23,7,0,0,0,30,7,23,7,0,0,0,30
37,dublin,"ST. STEPHEN'S GREEN SOUTH","St. Stephen's Green South",53.3375,-6.26199,0,0,OPEN,"2025-02-22 16:12:21",1,0,{},7,23,7,0,0,0,30,7,23,7,0,0,0,30
37,dublin,"ST. STEPHEN'S GREEN SOUTH","St. Stephen's Green South",53.3375,-6.26199,0,0,OPEN,"2025-02-22 16:17:22",1,0,{},8,22,8,0,0,0,30,8,22,8,0,0,0,30
37,dublin,"ST. STEPHEN'S GREEN SOUTH","St. Stephen's Green South",53.3375,-6.26199,0,0,OPEN,"2025-02-22 16:22:25",1,0,{},8,22,8,0,0,0,30,8,22,8,0,0,0,30
37,dublin,"ST. STEPHEN'S GREEN SOUTH","St. Stephen's Green South",53.3375,-6.26199,0,0,OPEN,"2025-02-22 16:32:28",1,0,{},8,22,8,0,0,0,30,8,22,8,0,0,0,30
37,dublin,"ST. STEPHEN'S GREEN SOUTH","St. Stephen's Green South",53.3375,-6.26199,0,0,OPEN,"2025-02-22 16:42:32",1,0,{},8,22,8,0,0,0,30,8,22,8,0,0,0,30
37,dublin,"ST. STEPHEN'S GREEN SOUTH","St. Stephen's Green South",53.3375,-6.26199,0,0,OPEN,"2025-02-22 16:52:35",1,0,{},8,22,8,0,0,0,30,8,22,8,0,0,0,30
37,dublin,"ST. STEPHEN'S GREEN SOUTH","St. Stephen's Green South",53.3375,-6.26199,0,0,OPEN,"2025-02-22 17:02:39",1,0,{},8,22,8,0,0,0,30,8,22,8,0,0,0,30
37,dublin,"ST. STEPHEN'S GREEN SOUTH","St. Stephen's Green South",53.3375,-6.26199,0,0,OPEN,"2025-02-22 17:12:43",1,0,{},8,22,8,0,0,0,30,8,22,8,0,0,0,30
37,dublin,"ST. STEPHEN'S GREEN SOUTH","St. Stephen's Green South",53.3375,-6.26199,0,0,OPEN,"2025-02-22 17:22:46",1,0,{},8,22,8,0,0,0,30,8,22,8,0,0,0,30
37,dublin,"ST. STEPHEN'S GREEN SOUTH","St. Stephen's Green South",53.3375,-6.26199,0,0,OPEN,"2025-02-22 17:32:50",1,0,{},8,22,8,0,0,0,30,8,22,8,0,0,0,30
37,dublin,"ST. STEPHEN'S GREEN SOUTH","St. Stephen's Green South",53.3375,-6.26199,0,0,OPEN,"2025-02-22 17:36:00",1,0,{},11,19,8,3,0,3,30,11,19,8,3,0,3,30
37,dublin,"ST. STEPHEN'S GREEN SOUTH","St. Stephen's Green South",53.3375,-6.26199,0,0,OPEN,"2025-02-22 17:43:01",1,0,{},8,22,5,3,0,3,30,8,22,5,3,0,3,30
37,dublin,"ST. STEPHEN'S GREEN SOUTH","St. Stephen's Green South",53.3375,-6.26199,0,0,OPEN,"2025-02-22 17:53:04",1,0,{},8,22,5,3,0,3,30,8,22,5,3,0,3,30
37,dublin,"ST. STEPHEN'S GREEN SOUTH","St. Stephen's Green South",53.3375,-6.26199,0,0,OPEN,"2025-02-22 18:03:08",1,0,{},8,22,5,3,0,3,30,8,22,5,3,0,3,30
37,dublin,"ST. STEPHEN'S GREEN SOUTH","St. Stephen's Green South",53.3375,-6.26199,0,0,OPEN,"2025-02-22 18:13:11",1,0,{},8,22,5,3,0,3,30,8,22,5,3,0,3,30
37,dublin,"ST. STEPHEN'S GREEN SOUTH","St. Stephen's Green South",53.3375,-6.26199,0,0,OPEN,"2025-02-22 18:23:15",1,0,{},8,22,5,3,0,3,30,8,22,5,3,0,3,30
37,dublin,"ST. STEPHEN'S GREEN SOUTH","St. Stephen's Green South",53.3375,-6.26199,0,0,OPEN,"2025-02-22 18:26:03",1,0,{},7,23,4,3,0,3,30,7,23,4,3,0,3,30
37,dublin,"ST. STEPHEN'S GREEN SOUTH","St. Stephen's Green South",53.3375,-6.26199,0,0,OPEN,"2025-02-22 18:33:21",1,0,{},7,23,4,3,0,3,30,7,23,4,3,0,3,30
37,dublin,"ST. STEPHEN'S GREEN SOUTH","St. Stephen's Green South",53.3375,-6.26199,0,0,OPEN,"2025-02-22 18:43:24",1,0,{},7,23,4,3,0,3,30,7,23,4,3,0,3,30
37,dublin,"ST. STEPHEN'S GREEN SOUTH","St. Stephen's Green South",53.3375,-6.26199,0,0,OPEN,"2025-02-22 18:53:28",1,0,{},7,23,4,3,0,3,30,7,23,4,3,0,3,30
37,dublin,"ST. STEPHEN'S GREEN SOUTH","St. Stephen's Green South",53.3375,-6.26199,0,0,OPEN,"2025-02-22 19:03:33",1,0,{},7,23,4,3,0,3,30,7,23,4,3,0,3,30
37,dublin,"ST. STEPHEN'S GREEN SOUTH","St. Stephen's Green South",53.3375,-6.26199,0,0,OPEN,"2025-02-22 19:13:36",1,0,{},7,23,4,3,0,3,30,7,23,4,3,0,3,30
37,dublin,"ST. STEPHEN'S GREEN SOUTH","St. Stephen's Green South",53.3375,-6.26199,0,0,OPEN,"2025-02-22 19:23:40",1,0,{},7,23,4,3,0,3,30,7,23,4,3,0,3,30
37,dublin,"ST. STEPHEN'S GREEN SOUTH","St. Stephen's Green South",53.3375,-6.26199,0,0,OPEN,"2025-02-22 19:33:44",1,0,{},7,23,4,3,0,3,30,7,23,4,3,0,3,30
37,dublin,"ST. STEPHEN'S GREEN SOUTH","St. Stephen's Green South",53.3375,-6.26199,0,0,OPEN,"2025-02-22 19:43:47",1,0,{},7,23,4,3,0,3,30,7,23,4,3,0,3,30
37,dublin,"ST. STEPHEN'S GREEN SOUTH","St. Stephen's Green South",53.3375,-6.26199,0,0,OPEN,"2025-02-22 19:53:51",1,0,{},7,23,4,3,0,3,30,7,23,4,3,0,3,30
37,dublin,"ST. STEPHEN'S GREEN SOUTH","St. Stephen's Green South",53.3375,-6.26199,0,0,OPEN,"2025-02-22 20:03:55",1,0,{},7,23,4,3,0,3,30,7,23,4,3,0,3,30
37,dublin,"ST. STEPHEN'S GREEN SOUTH","St. Stephen's Green South",53.3375,-6.26199,0,0,OPEN,"2025-02-22 20:13:59",1,0,{},7,23,4,3,0,3,30,7,23,4,3,0,3,30
37,dublin,"ST. STEPHEN'S GREEN SOUTH","St. Stephen's Green South",53.3375,-6.26199,0,0,OPEN,"2025-02-22 20:24:02",1,0,{},7,23,4,3,0,3,30,7,23,4,3,0,3,30
37,dublin,"ST. STEPHEN'S GREEN SOUTH","St. Stephen's Green South",53.3375,-6.26199,0,0,OPEN,"2025-02-22 20:34:08",1,0,{},6,24,4,2,0,2,30,6,24,4,2,0,2,30
37,dublin,"ST. STEPHEN'S GREEN SOUTH","St. Stephen's Green South",53.3375,-6.26199,0,0,OPEN,"2025-02-22 20:44:12",1,0,{},6,24,4,2,0,2,30,6,24,4,2,0,2,30
37,dublin,"ST. STEPHEN'S GREEN SOUTH","St. Stephen's Green South",53.3375,-6.26199,0,0,OPEN,"2025-02-22 20:54:16",1,0,{},6,24,4,2,0,2,30,6,24,4,2,0,2,30
37,dublin,"ST. STEPHEN'S GREEN SOUTH","St. Stephen's Green South",53.3375,-6.26199,0,0,OPEN,"2025-02-22 21:04:20",1,0,{},6,24,4,2,0,2,30,6,24,4,2,0,2,30
37,dublin,"ST. STEPHEN'S GREEN SOUTH","St. Stephen's Green South",53.3375,-6.26199,0,0,OPEN,"2025-02-22 21:14:23",1,0,{},6,24,4,2,0,2,30,6,24,4,2,0,2,30
37,dublin,"ST. STEPHEN'S GREEN SOUTH","St. Stephen's Green South",53.3375,-6.26199,0,0,OPEN,"2025-02-22 21:15:55",1,0,{},5,25,4,1,0,1,30,5,25,4,1,0,1,30
37,dublin,"ST. STEPHEN'S GREEN SOUTH","St. Stephen's Green South",53.3375,-6.26199,0,0,OPEN,"2025-02-22 21:24:29",1,0,{},4,26,3,1,0,1,30,4,26,3,1,0,1,30
37,dublin,"ST. STEPHEN'S GREEN SOUTH","St. Stephen's Green South",53.3375,-6.26199,0,0,OPEN,"2025-02-22 21:28:13",1,0,{},2,28,2,0,0,0,30,2,28,2,0,0,0,30
37,dublin,"ST. STEPHEN'S GREEN SOUTH","St. Stephen's Green South",53.3375,-6.26199,0,0,OPEN,"2025-02-22 21:29:45",1,0,{},1,29,1,0,0,0,30,1,29,1,0,0,0,30
37,dublin,"ST. STEPHEN'S GREEN SOUTH","St. Stephen's Green South",53.3375,-6.26199,0,0,OPEN,"2025-02-22 21:34:35",1,0,{},1,29,1,0,0,0,30,1,29,1,0,0,0,30
37,dublin,"ST. STEPHEN'S GREEN SOUTH","St. Stephen's Green South",53.3375,-6.26199,0,0,OPEN,"2025-02-22 21:44:39",1,0,{},1,29,1,0,0,0,30,1,29,1,0,0,0,30
37,dublin,"ST. STEPHEN'S GREEN SOUTH","St. Stephen's Green South",53.3375,-6.26199,0,0,OPEN,"2025-02-22 21:54:43",1,0,{},1,29,1,0,0,0,30,1,29,1,0,0,0,30
37,dublin,"ST. STEPHEN'S GREEN SOUTH","St. Stephen's Green South",53.3375,-6.26199,0,0,OPEN,"2025-02-22 22:04:06",1,0,{},4,26,4,0,0,0,30,4,26,4,0,0,0,30
37,dublin,"ST. STEPHEN'S GREEN SOUTH","St. Stephen's Green South",53.3375,-6.26199,0,0,OPEN,"2025-02-22 22:04:48",1,0,{},4,26,4,0,0,0,30,4,26,4,0,0,0,30
37,dublin,"ST. STEPHEN'S GREEN SOUTH","St. Stephen's Green South",53.3375,-6.26199,0,0,OPEN,"2025-02-22 22:14:51",1,0,{},4,26,4,0,0,0,30,4,26,4,0,0,0,30
38,dublin,"TALBOT STREET","Talbot Street",53.351,-6.25294,0,0,OPEN,"2025-02-22 02:58:51",1,0,{},33,6,10,23,0,23,40,33,6,10,23,0,23,40
38,dublin,"TALBOT STREET","Talbot Street",53.351,-6.25294,0,0,OPEN,"2025-02-22 03:13:03",1,0,{},33,6,10,23,0,23,40,33,6,10,23,0,23,40
38,dublin,"TALBOT STREET","Talbot Street",53.351,-6.25294,0,0,OPEN,"2025-02-22 10:12:01",1,0,{},35,4,11,24,0,24,40,35,4,11,24,0,24,40
38,dublin,"TALBOT STREET","Talbot Street",53.351,-6.25294,0,0,OPEN,"2025-02-22 10:17:36",1,0,{},34,5,11,23,0,23,40,34,5,11,23,0,23,40
38,dublin,"TALBOT STREET","Talbot Street",53.351,-6.25294,0,0,OPEN,"2025-02-22 10:22:08",1,0,{},34,5,11,23,0,23,40,34,5,11,23,0,23,40
38,dublin,"TALBOT STREET","Talbot Street",53.351,-6.25294,0,0,OPEN,"2025-02-22 10:24:01",1,0,{},35,4,12,23,0,23,40,35,4,12,23,0,23,40
38,dublin,"TALBOT STREET","Talbot Street",53.351,-6.25294,0,0,OPEN,"2025-02-22 10:32:17",1,0,{},37,2,12,25,0,25,40,37,2,12,25,0,25,40
38,dublin,"TALBOT STREET","Talbot Street",53.351,-6.25294,0,0,OPEN,"2025-02-22 10:42:22",1,0,{},37,2,12,25,0,25,40,37,2,12,25,0,25,40
38,dublin,"TALBOT STREET","Talbot Street",53.351,-6.25294,0,0,OPEN,"2025-02-22 10:47:49",1,0,{},39,0,13,26,0,26,40,39,0,13,26,0,26,40
38,dublin,"TALBOT STREET","Talbot Street",53.351,-6.25294,0,0,OPEN,"2025-02-22 10:52:28",1,0,{},39,0,13,26,0,26,40,39,0,13,26,0,26,40
38,dublin,"TALBOT STREET","Talbot Street",53.351,-6.25294,0,0,OPEN,"2025-02-22 10:53:54",1,0,{},38,1,12,26,0,26,40,38,1,12,26,0,26,40
38,dublin,"TALBOT STREET","Talbot Street",53.351,-6.25294,0,0,OPEN,"2025-02-22 11:02:34",1,0,{},38,1,12,26,0,26,40,38,1,12,26,0,26,40
38,dublin,"TALBOT STREET","Talbot Street",53.351,-6.25294,0,0,OPEN,"2025-02-22 11:04:50",1,0,{},37,2,12,25,0,25,40,37,2,12,25,0,25,40
38,dublin,"TALBOT STREET","Talbot Street",53.351,-6.25294,0,0,OPEN,"2025-02-22 11:12:40",1,0,{},37,2,12,25,0,25,40,37,2,12,25,0,25,40
38,dublin,"TALBOT STREET","Talbot Street",53.351,-6.25294,0,0,OPEN,"2025-02-22 11:16:58",1,0,{},37,2,12,25,0,25,40,37,2,12,25,0,25,40
38,dublin,"TALBOT STREET","Talbot Street",53.351,-6.25294,0,0,OPEN,"2025-02-22 11:22:47",1,0,{},37,2,12,25,0,25,40,37,2,12,25,0,25,40
38,dublin,"TALBOT STREET","Talbot Street",53.351,-6.25294,0,0,OPEN,"2025-02-22 11:32:53",1,0,{},38,1,13,25,0,25,40,38,1,13,25,0,25,40
38,dublin,"TALBOT STREET","Talbot Street",53.351,-6.25294,0,0,OPEN,"2025-02-22 11:42:58",1,0,{},38,1,13,25,0,25,40,38,1,13,25,0,25,40
38,dublin,"TALBOT STREET","Talbot Street",53.351,-6.25294,0,0,OPEN,"2025-02-22 11:53:04",1,0,{},37,2,12,25,0,25,40,37,2,12,25,0,25,40
38,dublin,"TALBOT STREET","Talbot Street",53.351,-6.25294,0,0,OPEN,"2025-02-22 11:54:43",1,0,{},38,1,12,26,0,26,40,38,1,12,26,0,26,40
38,dublin,"TALBOT STREET","Talbot Street",53.351,-6.25294,0,0,OPEN,"2025-02-22 12:03:10",1,0,{},38,1,12,26,0,26,40,38,1,12,26,0,26,40
38,dublin,"TALBOT STREET","Talbot Street",53.351,-6.25294,0,0,OPEN,"2025-02-22 12:05:21",1,0,{},39,0,13,26,0,26,40,39,0,13,26,0,26,40
38,dublin,"TALBOT STREET","Talbot Street",53.351,-6.25294,0,0,OPEN,"2025-02-22 12:13:18",1,0,{},38,1,12,26,0,26,40,38,1,12,26,0,26,40
38,dublin,"TALBOT STREET","Talbot Street",53.351,-6.25294,0,0,OPEN,"2025-02-22 12:23:23",1,0,{},38,1,12,26,0,26,40,38,1,12,26,0,26,40
38,dublin,"TALBOT STREET","Talbot Street",53.351,-6.25294,0,0,OPEN,"2025-02-22 12:23:54",1,0,{},37,2,12,25,0,25,40,37,2,12,25,0,25,40
38,dublin,"TALBOT STREET","Talbot Street",53.351,-6.25294,0,0,OPEN,"2025-02-22 12:33:30",1,0,{},37,2,12,25,0,25,40,37,2,12,25,0,25,40
38,dublin,"TALBOT STREET","Talbot Street",53.351,-6.25294,0,0,OPEN,"2025-02-22 12:47:10",1,0,{},37,2,12,25,0,25,40,37,2,12,25,0,25,40
38,dublin,"TALBOT STREET","Talbot Street",53.351,-6.25294,0,0,OPEN,"2025-02-22 12:53:40",1,0,{},37,2,12,25,0,25,40,37,2,12,25,0,25,40
38,dublin,"TALBOT STREET","Talbot Street",53.351,-6.25294,0,0,OPEN,"2025-02-22 13:01:06",1,0,{},38,1,13,25,0,25,40,38,1,13,25,0,25,40
38,dublin,"TALBOT STREET","Talbot Street",53.351,-6.25294,0,0,OPEN,"2025-02-22 13:05:31",1,0,{},37,2,12,25,0,25,40,37,2,12,25,0,25,40
38,dublin,"TALBOT STREET","Talbot Street",53.351,-6.25294,0,0,OPEN,"2025-02-22 13:13:53",1,0,{},37,2,12,25,0,25,40,37,2,12,25,0,25,40
38,dublin,"TALBOT STREET","Talbot Street",53.351,-6.25294,0,0,OPEN,"2025-02-22 13:22:32",1,0,{},38,1,14,24,0,24,40,38,1,14,24,0,24,40
38,dublin,"TALBOT STREET","Talbot Street",53.351,-6.25294,0,0,OPEN,"2025-02-22 13:25:28",1,0,{},37,2,14,23,0,23,40,37,2,14,23,0,23,40
38,dublin,"TALBOT STREET","Talbot Street",53.351,-6.25294,0,0,OPEN,"2025-02-22 13:32:34",1,0,{},37,2,14,23,0,23,40,37,2,14,23,0,23,40
38,dublin,"TALBOT STREET","Talbot Street",53.351,-6.25294,0,0,OPEN,"2025-02-22 13:34:09",1,0,{},37,2,14,23,0,23,40,37,2,14,23,0,23,40
38,dublin,"TALBOT STREET","Talbot Street",53.351,-6.25294,0,0,OPEN,"2025-02-22 13:44:14",1,0,{},37,2,14,23,0,23,40,37,2,14,23,0,23,40
38,dublin,"TALBOT STREET","Talbot Street",53.351,-6.25294,0,0,OPEN,"2025-02-22 13:51:43",1,0,{},39,0,15,24,0,24,40,39,0,15,24,0,24,40
38,dublin,"TALBOT STREET","Talbot Street",53.351,-6.25294,0,0,OPEN,"2025-02-22 13:54:20",1,0,{},39,0,15,24,0,24,40,39,0,15,24,0,24,40
38,dublin,"TALBOT STREET","Talbot Street",53.351,-6.25294,0,0,OPEN,"2025-02-22 14:08:27",1,0,{},39,0,15,24,0,24,40,39,0,15,24,0,24,40
38,dublin,"TALBOT STREET","Talbot Street",53.351,-6.25294,0,0,OPEN,"2025-02-22 14:14:31",1,0,{},39,0,15,24,0,24,40,39,0,15,24,0,24,40
38,dublin,"TALBOT STREET","Talbot Street",53.351,-6.25294,0,0,OPEN,"2025-02-22 14:21:56",1,0,{},37,2,13,24,0,24,40,37,2,13,24,0,24,40
38,dublin,"TALBOT STREET","Talbot Street",53.351,-6.25294,0,0,OPEN,"2025-02-22 14:25:44",1,0,{},36,3,12,24,0,24,40,36,3,12,24,0,24,40
38,dublin,"TALBOT STREET","Talbot Street",53.351,-6.25294,0,0,OPEN,"2025-02-22 14:31:04",1,0,{},36,3,12,24,0,24,40,36,3,12,24,0,24,40
38,dublin,"TALBOT STREET","Talbot Street",53.351,-6.25294,0,0,OPEN,"2025-02-22 14:38:31",1,0,{},37,2,12,25,0,25,40,37,2,12,25,0,25,40
38,dublin,"TALBOT STREET","Talbot Street",53.351,-6.25294,0,0,OPEN,"2025-02-22 14:41:53",1,0,{},36,3,10,26,0,26,40,36,3,10,26,0,26,40
38,dublin,"TALBOT STREET","Talbot Street",53.351,-6.25294,0,0,OPEN,"2025-02-22 14:44:55",1,0,{},36,3,10,26,0,26,40,36,3,10,26,0,26,40
38,dublin,"TALBOT STREET","Talbot Street",53.351,-6.25294,0,0,OPEN,"2025-02-22 14:55:00",1,0,{},36,3,10,26,0,26,40,36,3,10,26,0,26,40
38,dublin,"TALBOT STREET","Talbot Street",53.351,-6.25294,0,0,OPEN,"2025-02-22 15:06:25",1,0,{},35,4,9,26,0,26,40,35,4,9,26,0,26,40
38,dublin,"TALBOT STREET","Talbot Street",53.351,-6.25294,0,0,OPEN,"2025-02-22 15:16:16",1,0,{},36,3,10,26,0,26,40,36,3,10,26,0,26,40
38,dublin,"TALBOT STREET","Talbot Street",53.351,-6.25294,0,0,OPEN,"2025-02-22 15:23:06",1,0,{},37,2,11,26,0,26,40,37,2,11,26,0,26,40
38,dublin,"TALBOT STREET","Talbot Street",53.351,-6.25294,0,0,OPEN,"2025-02-22 15:25:26",1,0,{},36,3,10,26,0,26,40,36,3,10,26,0,26,40
38,dublin,"TALBOT STREET","Talbot Street",53.351,-6.25294,0,0,OPEN,"2025-02-22 15:35:33",1,0,{},35,4,10,25,0,25,40,35,4,10,25,0,25,40
38,dublin,"TALBOT STREET","Talbot Street",53.351,-6.25294,0,0,OPEN,"2025-02-22 15:43:26",1,0,{},37,2,11,26,0,26,40,37,2,11,26,0,26,40
38,dublin,"TALBOT STREET","Talbot Street",53.351,-6.25294,0,0,OPEN,"2025-02-22 15:45:40",1,0,{},37,2,11,26,0,26,40,37,2,11,26,0,26,40
38,dublin,"TALBOT STREET","Talbot Street",53.351,-6.25294,0,0,OPEN,"2025-02-22 15:53:05",1,0,{},36,3,11,25,0,25,40,36,3,11,25,0,25,40
38,dublin,"TALBOT STREET","Talbot Street",53.351,-6.25294,0,0,OPEN,"2025-02-22 15:57:50",1,0,{},35,4,10,25,0,25,40,35,4,10,25,0,25,40
38,dublin,"TALBOT STREET","Talbot Street",53.351,-6.25294,0,0,OPEN,"2025-02-22 15:58:49",1,0,{},33,6,8,25,0,25,40,33,6,8,25,0,25,40
38,dublin,"TALBOT STREET","Talbot Street",53.351,-6.25294,0,0,OPEN,"2025-02-22 16:06:46",1,0,{},32,7,7,25,0,25,40,32,7,7,25,0,25,40
38,dublin,"TALBOT STREET","Talbot Street",53.351,-6.25294,0,0,OPEN,"2025-02-22 16:11:53",1,0,{},32,7,8,24,0,24,40,32,7,8,24,0,24,40
38,dublin,"TALBOT STREET","Talbot Street",53.351,-6.25294,0,0,OPEN,"2025-02-22 16:16:05",1,0,{},31,8,7,24,0,24,40,31,8,7,24,0,24,40
38,dublin,"TALBOT STREET","Talbot Street",53.351,-6.25294,0,0,OPEN,"2025-02-22 16:20:51",1,0,{},32,7,8,24,0,24,40,32,7,8,24,0,24,40
38,dublin,"TALBOT STREET","Talbot Street",53.351,-6.25294,0,0,OPEN,"2025-02-22 16:26:11",1,0,{},32,7,8,24,0,24,40,32,7,8,24,0,24,40
38,dublin,"TALBOT STREET","Talbot Street",53.351,-6.25294,0,0,OPEN,"2025-02-22 16:31:55",1,0,{},31,8,7,24,0,24,40,31,8,7,24,0,24,40
38,dublin,"TALBOT STREET","Talbot Street",53.351,-6.25294,0,0,OPEN,"2025-02-22 16:37:36",1,0,{},31,8,7,24,0,24,40,31,8,7,24,0,24,40
38,dublin,"TALBOT STREET","Talbot Street",53.351,-6.25294,0,0,OPEN,"2025-02-22 16:41:34",1,0,{},30,9,6,24,0,24,40,30,9,6,24,0,24,40
38,dublin,"TALBOT STREET","Talbot Street",53.351,-6.25294,0,0,OPEN,"2025-02-22 16:48:22",1,0,{},31,8,6,25,0,25,40,31,8,6,25,0,25,40
38,dublin,"TALBOT STREET","Talbot Street",53.351,-6.25294,0,0,OPEN,"2025-02-22 16:51:10",1,0,{},32,7,6,26,0,26,40,32,7,6,26,0,26,40
38,dublin,"TALBOT STREET","Talbot Street",53.351,-6.25294,0,0,OPEN,"2025-02-22 16:57:33",1,0,{},34,5,6,28,0,28,40,34,5,6,28,0,28,40
38,dublin,"TALBOT STREET","Talbot Street",53.351,-6.25294,0,0,OPEN,"2025-02-22 16:59:22",1,0,{},35,4,7,28,0,28,40,35,4,7,28,0,28,40
38,dublin,"TALBOT STREET","Talbot Street",53.351,-6.25294,0,0,OPEN,"2025-02-22 17:06:39",1,0,{},35,4,7,28,0,28,40,35,4,7,28,0,28,40
38,dublin,"TALBOT STREET","Talbot Street",53.351,-6.25294,0,0,OPEN,"2025-02-22 17:10:45",1,0,{},36,3,8,28,0,28,40,36,3,8,28,0,28,40
38,dublin,"TALBOT STREET","Talbot Street",53.351,-6.25294,0,0,OPEN,"2025-02-22 17:17:14",1,0,{},38,1,9,29,0,29,40,38,1,9,29,0,29,40
38,dublin,"TALBOT STREET","Talbot Street",53.351,-6.25294,0,0,OPEN,"2025-02-22 17:20:48",1,0,{},37,2,8,29,0,29,40,37,2,8,29,0,29,40
38,dublin,"TALBOT STREET","Talbot Street",53.351,-6.25294,0,0,OPEN,"2025-02-22 17:28:23",1,0,{},37,2,8,29,0,29,40,37,2,8,29,0,29,40
38,dublin,"TALBOT STREET","Talbot Street",53.351,-6.25294,0,0,OPEN,"2025-02-22 17:32:14",1,0,{},35,4,7,28,0,28,40,35,4,7,28,0,28,40
38,dublin,"TALBOT STREET","Talbot Street",53.351,-6.25294,0,0,OPEN,"2025-02-22 17:37:03",1,0,{},35,4,7,28,0,28,40,35,4,7,28,0,28,40
38,dublin,"TALBOT STREET","Talbot Street",53.351,-6.25294,0,0,OPEN,"2025-02-22 17:47:08",1,0,{},35,4,7,28,0,28,40,35,4,7,28,0,28,40
38,dublin,"TALBOT STREET","Talbot Street",53.351,-6.25294,0,0,OPEN,"2025-02-22 17:52:06",1,0,{},34,5,7,27,0,27,40,34,5,7,27,0,27,40
38,dublin,"TALBOT STREET","Talbot Street",53.351,-6.25294,0,0,OPEN,"2025-02-22 17:57:15",1,0,{},34,5,7,27,0,27,40,34,5,7,27,0,27,40
38,dublin,"TALBOT STREET","Talbot Street",53.351,-6.25294,0,0,OPEN,"2025-02-22 17:59:23",1,0,{},33,6,7,26,0,26,40,33,6,7,26,0,26,40
38,dublin,"TALBOT STREET","Talbot Street",53.351,-6.25294,0,0,OPEN,"2025-02-22 18:07:22",1,0,{},33,6,7,26,0,26,40,33,6,7,26,0,26,40
38,dublin,"TALBOT STREET","Talbot Street",53.351,-6.25294,0,0,OPEN,"2025-02-22 18:17:27",1,0,{},33,6,7,26,0,26,40,33,6,7,26,0,26,40
38,dublin,"TALBOT STREET","Talbot Street",53.351,-6.25294,0,0,OPEN,"2025-02-22 18:22:56",1,0,{},34,5,7,27,0,27,40,34,5,7,27,0,27,40
38,dublin,"TALBOT STREET","Talbot Street",53.351,-6.25294,0,0,OPEN,"2025-02-22 18:27:36",1,0,{},33,6,7,26,0,26,40,33,6,7,26,0,26,40
38,dublin,"TALBOT STREET","Talbot Street",53.351,-6.25294,0,0,OPEN,"2025-02-22 18:33:40",1,0,{},33,6,7,26,0,26,40,33,6,7,26,0,26,40
38,dublin,"TALBOT STREET","Talbot Street",53.351,-6.25294,0,0,OPEN,"2025-02-22 18:37:41",1,0,{},33,6,7,26,0,26,40,33,6,7,26,0,26,40
38,dublin,"TALBOT STREET","Talbot Street",53.351,-6.25294,0,0,OPEN,"2025-02-22 18:41:16",1,0,{},32,7,7,25,0,25,40,32,7,7,25,0,25,40
38,dublin,"TALBOT STREET","Talbot Street",53.351,-6.25294,0,0,OPEN,"2025-02-22 18:48:04",1,0,{},34,5,8,26,0,26,40,34,5,8,26,0,26,40
38,dublin,"TALBOT STREET","Talbot Street",53.351,-6.25294,0,0,OPEN,"2025-02-22 18:52:13",1,0,{},35,4,8,27,0,27,40,35,4,8,27,0,27,40
38,dublin,"TALBOT STREET","Talbot Street",53.351,-6.25294,0,0,OPEN,"2025-02-22 18:57:55",1,0,{},35,4,8,27,0,27,40,35,4,8,27,0,27,40
38,dublin,"TALBOT STREET","Talbot Street",53.351,-6.25294,0,0,OPEN,"2025-02-22 19:02:36",1,0,{},34,4,8,26,0,26,40,34,4,8,26,0,26,40
38,dublin,"TALBOT STREET","Talbot Street",53.351,-6.25294,0,0,OPEN,"2025-02-22 19:08:04",1,0,{},34,4,8,26,0,26,40,34,4,8,26,0,26,40
38,dublin,"TALBOT STREET","Talbot Street",53.351,-6.25294,0,0,OPEN,"2025-02-22 19:09:48",1,0,{},34,4,8,26,0,26,40,34,4,8,26,0,26,40
38,dublin,"TALBOT STREET","Talbot Street",53.351,-6.25294,0,0,OPEN,"2025-02-22 19:18:10",1,0,{},34,4,8,26,0,26,40,34,4,8,26,0,26,40
38,dublin,"TALBOT STREET","Talbot Street",53.351,-6.25294,0,0,OPEN,"2025-02-22 19:20:06",1,0,{},33,5,7,26,0,26,40,33,5,7,26,0,26,40
38,dublin,"TALBOT STREET","Talbot Street",53.351,-6.25294,0,0,OPEN,"2025-02-22 19:28:17",1,0,{},33,5,7,26,0,26,40,33,5,7,26,0,26,40
38,dublin,"TALBOT STREET","Talbot Street",53.351,-6.25294,0,0,OPEN,"2025-02-22 19:33:13",1,0,{},32,6,6,26,0,26,40,32,6,6,26,0,26,40
38,dublin,"TALBOT STREET","Talbot Street",53.351,-6.25294,0,0,OPEN,"2025-02-22 19:38:24",1,0,{},32,6,6,26,0,26,40,32,6,6,26,0,26,40
38,dublin,"TALBOT STREET","Talbot Street",53.351,-6.25294,0,0,OPEN,"2025-02-22 19:40:14",1,0,{},33,5,7,26,0,26,40,33,5,7,26,0,26,40
38,dublin,"TALBOT STREET","Talbot Street",53.351,-6.25294,0,0,OPEN,"2025-02-22 19:48:31",1,0,{},33,5,7,26,0,26,40,33,5,7,26,0,26,40
38,dublin,"TALBOT STREET","Talbot Street",53.351,-6.25294,0,0,OPEN,"2025-02-22 19:58:36",1,0,{},33,5,7,26,0,26,40,33,5,7,26,0,26,40
38,dublin,"TALBOT STREET","Talbot Street",53.351,-6.25294,0,0,OPEN,"2025-02-22 20:01:08",1,0,{},33,5,7,26,0,26,40,33,5,7,26,0,26,40
38,dublin,"TALBOT STREET","Talbot Street",53.351,-6.25294,0,0,OPEN,"2025-02-22 20:08:41",1,0,{},33,5,7,26,0,26,40,33,5,7,26,0,26,40
38,dublin,"TALBOT STREET","Talbot Street",53.351,-6.25294,0,0,OPEN,"2025-02-22 20:10:14",1,0,{},35,3,8,27,0,27,40,35,3,8,27,0,27,40
38,dublin,"TALBOT STREET","Talbot Street",53.351,-6.25294,0,0,OPEN,"2025-02-22 20:18:45",1,0,{},35,3,8,27,0,27,40,35,3,8,27,0,27,40
38,dublin,"TALBOT STREET","Talbot Street",53.351,-6.25294,0,0,OPEN,"2025-02-22 20:28:51",1,0,{},36,2,9,27,0,27,40,36,2,9,27,0,27,40
38,dublin,"TALBOT STREET","Talbot Street",53.351,-6.25294,0,0,OPEN,"2025-02-22 20:29:45",1,0,{},37,1,10,27,0,27,40,37,1,10,27,0,27,40
38,dublin,"TALBOT STREET","Talbot Street",53.351,-6.25294,0,0,OPEN,"2025-02-22 20:38:56",1,0,{},37,1,10,27,0,27,40,37,1,10,27,0,27,40
38,dublin,"TALBOT STREET","Talbot Street",53.351,-6.25294,0,0,OPEN,"2025-02-22 20:40:20",1,0,{},38,0,11,27,0,27,40,38,0,11,27,0,27,40
38,dublin,"TALBOT STREET","Talbot Street",53.351,-6.25294,0,0,OPEN,"2025-02-22 20:49:02",1,0,{},38,0,11,27,0,27,40,38,0,11,27,0,27,40
38,dublin,"TALBOT STREET","Talbot Street",53.351,-6.25294,0,0,OPEN,"2025-02-22 20:59:08",1,0,{},38,0,11,27,0,27,40,38,0,11,27,0,27,40
38,dublin,"TALBOT STREET","Talbot Street",53.351,-6.25294,0,0,OPEN,"2025-02-22 21:09:13",1,0,{},38,0,11,27,0,27,40,38,0,11,27,0,27,40
38,dublin,"TALBOT STREET","Talbot Street",53.351,-6.25294,0,0,OPEN,"2025-02-22 21:12:19",1,0,{},38,0,11,27,0,27,40,38,0,11,27,0,27,40
38,dublin,"TALBOT STREET","Talbot Street",53.351,-6.25294,0,0,OPEN,"2025-02-22 21:19:18",1,0,{},38,0,11,27,0,27,40,38,0,11,27,0,27,40
38,dublin,"TALBOT STREET","Talbot Street",53.351,-6.25294,0,0,OPEN,"2025-02-22 21:24:22",1,0,{},38,0,11,27,0,27,40,38,0,11,27,0,27,40
38,dublin,"TALBOT STREET","Talbot Street",53.351,-6.25294,0,0,OPEN,"2025-02-22 21:29:24",1,0,{},38,0,11,27,0,27,40,38,0,11,27,0,27,40
38,dublin,"TALBOT STREET","Talbot Street",53.351,-6.25294,0,0,OPEN,"2025-02-22 21:39:29",1,0,{},38,0,11,27,0,27,40,38,0,11,27,0,27,40
38,dublin,"TALBOT STREET","Talbot Street",53.351,-6.25294,0,0,OPEN,"2025-02-22 21:43:26",1,0,{},38,0,11,27,0,27,40,38,0,11,27,0,27,40
38,dublin,"TALBOT STREET","Talbot Street",53.351,-6.25294,0,0,OPEN,"2025-02-22 21:49:34",1,0,{},38,0,11,27,0,27,40,38,0,11,27,0,27,40
38,dublin,"TALBOT STREET","Talbot Street",53.351,-6.25294,0,0,OPEN,"2025-02-22 21:58:15",1,0,{},37,1,11,26,0,26,40,37,1,11,26,0,26,40
38,dublin,"TALBOT STREET","Talbot Street",53.351,-6.25294,0,0,OPEN,"2025-02-22 22:04:29",1,0,{},38,0,12,26,0,26,40,38,0,12,26,0,26,40
38,dublin,"TALBOT STREET","Talbot Street",53.351,-6.25294,0,0,OPEN,"2025-02-22 22:09:45",1,0,{},38,0,12,26,0,26,40,38,0,12,26,0,26,40
39,dublin,"WILTON TERRACE","Wilton Terrace",53.3324,-6.25272,0,0,OPEN,"2025-02-22 03:01:05",1,0,{},9,10,3,6,0,6,20,9,10,3,6,0,6,20
39,dublin,"WILTON TERRACE","Wilton Terrace",53.3324,-6.25272,0,0,OPEN,"2025-02-22 03:11:09",1,0,{},9,10,3,6,0,6,20,9,10,3,6,0,6,20
39,dublin,"WILTON TERRACE","Wilton Terrace",53.3324,-6.25272,0,0,OPEN,"2025-02-22 10:12:03",1,0,{},9,10,5,4,0,4,20,9,10,5,4,0,4,20
39,dublin,"WILTON TERRACE","Wilton Terrace",53.3324,-6.25272,0,0,OPEN,"2025-02-22 10:22:09",1,0,{},7,12,5,2,0,2,20,7,12,5,2,0,2,20
39,dublin,"WILTON TERRACE","Wilton Terrace",53.3324,-6.25272,0,0,OPEN,"2025-02-22 10:32:14",1,0,{},7,12,5,2,0,2,20,7,12,5,2,0,2,20
39,dublin,"WILTON TERRACE","Wilton Terrace",53.3324,-6.25272,0,0,OPEN,"2025-02-22 10:42:18",1,0,{},7,12,5,2,0,2,20,7,12,5,2,0,2,20
39,dublin,"WILTON TERRACE","Wilton Terrace",53.3324,-6.25272,0,0,OPEN,"2025-02-22 10:52:22",1,0,{},7,12,5,2,0,2,20,7,12,5,2,0,2,20
39,dublin,"WILTON TERRACE","Wilton Terrace",53.3324,-6.25272,0,0,OPEN,"2025-02-22 10:57:12",1,0,{},8,12,6,2,0,2,20,8,12,6,2,0,2,20
39,dublin,"WILTON TERRACE","Wilton Terrace",53.3324,-6.25272,0,0,OPEN,"2025-02-22 11:02:28",1,0,{},8,12,6,2,0,2,20,8,12,6,2,0,2,20
39,dublin,"WILTON TERRACE","Wilton Terrace",53.3324,-6.25272,0,0,OPEN,"2025-02-22 11:12:34",1,0,{},7,13,5,2,0,2,20,7,13,5,2,0,2,20
39,dublin,"WILTON TERRACE","Wilton Terrace",53.3324,-6.25272,0,0,OPEN,"2025-02-22 11:22:37",1,0,{},7,13,5,2,0,2,20,7,13,5,2,0,2,20
39,dublin,"WILTON TERRACE","Wilton Terrace",53.3324,-6.25272,0,0,OPEN,"2025-02-22 11:27:40",1,0,{},7,13,5,2,0,2,20,7,13,5,2,0,2,20
39,dublin,"WILTON TERRACE","Wilton Terrace",53.3324,-6.25272,0,0,OPEN,"2025-02-22 11:32:43",1,0,{},7,13,5,2,0,2,20,7,13,5,2,0,2,20
39,dublin,"WILTON TERRACE","Wilton Terrace",53.3324,-6.25272,0,0,OPEN,"2025-02-22 11:42:49",1,0,{},5,15,4,1,0,1,20,5,15,4,1,0,1,20
39,dublin,"WILTON TERRACE","Wilton Terrace",53.3324,-6.25272,0,0,OPEN,"2025-02-22 11:45:52",1,0,{},4,16,3,1,0,1,20,4,16,3,1,0,1,20
39,dublin,"WILTON TERRACE","Wilton Terrace",53.3324,-6.25272,0,0,OPEN,"2025-02-22 11:52:55",1,0,{},4,16,3,1,0,1,20,4,16,3,1,0,1,20
39,dublin,"WILTON TERRACE","Wilton Terrace",53.3324,-6.25272,0,0,OPEN,"2025-02-22 11:58:05",1,0,{},4,16,3,1,0,1,20,4,16,3,1,0,1,20
39,dublin,"WILTON TERRACE","Wilton Terrace",53.3324,-6.25272,0,0,OPEN,"2025-02-22 12:03:01",1,0,{},4,16,3,1,0,1,20,4,16,3,1,0,1,20
39,dublin,"WILTON TERRACE","Wilton Terrace",53.3324,-6.25272,0,0,OPEN,"2025-02-22 12:07:00",1,0,{},5,15,4,1,0,1,20,5,15,4,1,0,1,20
39,dublin,"WILTON TERRACE","Wilton Terrace",53.3324,-6.25272,0,0,OPEN,"2025-02-22 12:13:08",1,0,{},4,16,3,1,0,1,20,4,16,3,1,0,1,20
39,dublin,"WILTON TERRACE","Wilton Terrace",53.3324,-6.25272,0,0,OPEN,"2025-02-22 12:23:13",1,0,{},5,15,3,2,0,2,20,5,15,3,2,0,2,20
39,dublin,"WILTON TERRACE","Wilton Terrace",53.3324,-6.25272,0,0,OPEN,"2025-02-22 12:27:56",1,0,{},7,13,5,2,0,2,20,7,13,5,2,0,2,20
39,dublin,"WILTON TERRACE","Wilton Terrace",53.3324,-6.25272,0,0,OPEN,"2025-02-22 12:33:18",1,0,{},7,13,5,2,0,2,20,7,13,5,2,0,2,20
39,dublin,"WILTON TERRACE","Wilton Terrace",53.3324,-6.25272,0,0,OPEN,"2025-02-22 12:43:22",1,0,{},7,13,5,2,0,2,20,7,13,5,2,0,2,20
39,dublin,"WILTON TERRACE","Wilton Terrace",53.3324,-6.25272,0,0,OPEN,"2025-02-22 12:47:05",1,0,{},6,14,4,2,0,2,20,6,14,4,2,0,2,20
39,dublin,"WILTON TERRACE","Wilton Terrace",53.3324,-6.25272,0,0,OPEN,"2025-02-22 12:53:32",1,0,{},3,17,1,2,0,2,20,3,17,1,2,0,2,20
39,dublin,"WILTON TERRACE","Wilton Terrace",53.3324,-6.25272,0,0,OPEN,"2025-02-22 12:55:29",1,0,{},2,18,1,1,0,1,20,2,18,1,1,0,1,20
39,dublin,"WILTON TERRACE","Wilton Terrace",53.3324,-6.25272,0,0,OPEN,"2025-02-22 13:03:38",1,0,{},2,18,1,1,0,1,20,2,18,1,1,0,1,20
39,dublin,"WILTON TERRACE","Wilton Terrace",53.3324,-6.25272,0,0,OPEN,"2025-02-22 13:13:42",1,0,{},2,18,1,1,0,1,20,2,18,1,1,0,1,20
39,dublin,"WILTON TERRACE","Wilton Terrace",53.3324,-6.25272,0,0,OPEN,"2025-02-22 13:23:46",1,0,{},2,18,1,1,0,1,20,2,18,1,1,0,1,20
39,dublin,"WILTON TERRACE","Wilton Terrace",53.3324,-6.25272,0,0,OPEN,"2025-02-22 13:32:06",1,0,{},0,20,0,0,0,0,20,0,20,0,0,0,0,20
39,dublin,"WILTON TERRACE","Wilton Terrace",53.3324,-6.25272,0,0,OPEN,"2025-02-22 13:34:16",1,0,{},0,20,0,0,0,0,20,0,20,0,0,0,0,20
39,dublin,"WILTON TERRACE","Wilton Terrace",53.3324,-6.25272,0,0,OPEN,"2025-02-22 13:48:16",1,0,{},1,19,1,0,0,0,20,1,19,1,0,0,0,20
39,dublin,"WILTON TERRACE","Wilton Terrace",53.3324,-6.25272,0,0,OPEN,"2025-02-22 13:49:49",1,0,{},0,20,0,0,0,0,20,0,20,0,0,0,0,20
39,dublin,"WILTON TERRACE","Wilton Terrace",53.3324,-6.25272,0,0,OPEN,"2025-02-22 13:54:25",1,0,{},0,20,0,0,0,0,20,0,20,0,0,0,0,20
39,dublin,"WILTON TERRACE","Wilton Terrace",53.3324,-6.25272,0,0,OPEN,"2025-02-22 14:08:10",1,0,{},1,19,0,1,0,1,20,1,19,0,1,0,1,20
39,dublin,"WILTON TERRACE","Wilton Terrace",53.3324,-6.25272,0,0,OPEN,"2025-02-22 14:11:14",1,0,{},1,19,1,0,0,0,20,1,19,1,0,0,0,20
39,dublin,"WILTON TERRACE","Wilton Terrace",53.3324,-6.25272,0,0,OPEN,"2025-02-22 14:15:59",1,0,{},0,20,0,0,0,0,20,0,20,0,0,0,0,20
39,dublin,"WILTON TERRACE","Wilton Terrace",53.3324,-6.25272,0,0,OPEN,"2025-02-22 14:25:07",1,0,{},0,20,0,0,0,0,20,0,20,0,0,0,0,20
39,dublin,"WILTON TERRACE","Wilton Terrace",53.3324,-6.25272,0,0,OPEN,"2025-02-22 14:36:23",1,0,{},1,19,1,0,0,0,20,1,19,1,0,0,0,20
39,dublin,"WILTON TERRACE","Wilton Terrace",53.3324,-6.25272,0,0,OPEN,"2025-02-22 14:47:49",1,0,{},0,20,0,0,0,0,20,0,20,0,0,0,0,20
39,dublin,"WILTON TERRACE","Wilton Terrace",53.3324,-6.25272,0,0,OPEN,"2025-02-22 14:55:23",1,0,{},0,20,0,0,0,0,20,0,20,0,0,0,0,20
39,dublin,"WILTON TERRACE","Wilton Terrace",53.3324,-6.25272,0,0,OPEN,"2025-02-22 15:05:28",1,0,{},0,20,0,0,0,0,20,0,20,0,0,0,0,20
39,dublin,"WILTON TERRACE","Wilton Terrace",53.3324,-6.25272,0,0,OPEN,"2025-02-22 15:15:33",1,0,{},0,20,0,0,0,0,20,0,20,0,0,0,0,20
39,dublin,"WILTON TERRACE","Wilton Terrace",53.3324,-6.25272,0,0,OPEN,"2025-02-22 15:19:49",1,0,{},1,19,1,0,0,0,20,1,19,1,0,0,0,20
39,dublin,"WILTON TERRACE","Wilton Terrace",53.3324,-6.25272,0,0,OPEN,"2025-02-22 15:25:38",1,0,{},1,19,1,0,0,0,20,1,19,1,0,0,0,20
39,dublin,"WILTON TERRACE","Wilton Terrace",53.3324,-6.25272,0,0,OPEN,"2025-02-22 15:29:35",1,0,{},0,20,0,0,0,0,20,0,20,0,0,0,0,20
39,dublin,"WILTON TERRACE","Wilton Terrace",53.3324,-6.25272,0,0,OPEN,"2025-02-22 15:35:44",1,0,{},0,20,0,0,0,0,20,0,20,0,0,0,0,20
39,dublin,"WILTON TERRACE","Wilton Terrace",53.3324,-6.25272,0,0,OPEN,"2025-02-22 15:40:49",1,0,{},2,18,2,0,0,0,20,2,18,2,0,0,0,20
39,dublin,"WILTON TERRACE","Wilton Terrace",53.3324,-6.25272,0,0,OPEN,"2025-02-22 15:45:49",1,0,{},2,18,2,0,0,0,20,2,18,2,0,0,0,20
39,dublin,"WILTON TERRACE","Wilton Terrace",53.3324,-6.25272,0,0,OPEN,"2025-02-22 15:58:25",1,0,{},0,20,0,0,0,0,20,0,20,0,0,0,0,20
39,dublin,"WILTON TERRACE","Wilton Terrace",53.3324,-6.25272,0,0,OPEN,"2025-02-22 16:06:03",1,0,{},0,20,0,0,0,0,20,0,20,0,0,0,0,20
39,dublin,"WILTON TERRACE","Wilton Terrace",53.3324,-6.25272,0,0,OPEN,"2025-02-22 16:16:08",1,0,{},0,20,0,0,0,0,20,0,20,0,0,0,0,20
39,dublin,"WILTON TERRACE","Wilton Terrace",53.3324,-6.25272,0,0,OPEN,"2025-02-22 16:19:59",1,0,{},1,19,0,1,0,1,20,1,19,0,1,0,1,20
39,dublin,"WILTON TERRACE","Wilton Terrace",53.3324,-6.25272,0,0,OPEN,"2025-02-22 16:26:15",1,0,{},1,19,0,1,0,1,20,1,19,0,1,0,1,20
39,dublin,"WILTON TERRACE","Wilton Terrace",53.3324,-6.25272,0,0,OPEN,"2025-02-22 16:37:08",1,0,{},0,20,0,0,0,0,20,0,20,0,0,0,0,20
39,dublin,"WILTON TERRACE","Wilton Terrace",53.3324,-6.25272,0,0,OPEN,"2025-02-22 16:46:29",1,0,{},2,18,2,0,0,0,20,2,18,2,0,0,0,20
39,dublin,"WILTON TERRACE","Wilton Terrace",53.3324,-6.25272,0,0,OPEN,"2025-02-22 16:49:58",1,0,{},0,20,0,0,0,0,20,0,20,0,0,0,0,20
39,dublin,"WILTON TERRACE","Wilton Terrace",53.3324,-6.25272,0,0,OPEN,"2025-02-22 16:56:36",1,0,{},0,20,0,0,0,0,20,0,20,0,0,0,0,20
39,dublin,"WILTON TERRACE","Wilton Terrace",53.3324,-6.25272,0,0,OPEN,"2025-02-22 17:06:41",1,0,{},0,20,0,0,0,0,20,0,20,0,0,0,0,20
39,dublin,"WILTON TERRACE","Wilton Terrace",53.3324,-6.25272,0,0,OPEN,"2025-02-22 17:10:53",1,0,{},0,20,0,0,0,0,20,0,20,0,0,0,0,20
39,dublin,"WILTON TERRACE","Wilton Terrace",53.3324,-6.25272,0,0,OPEN,"2025-02-22 17:16:49",1,0,{},0,20,0,0,0,0,20,0,20,0,0,0,0,20
39,dublin,"WILTON TERRACE","Wilton Terrace",53.3324,-6.25272,0,0,OPEN,"2025-02-22 17:26:54",1,0,{},0,20,0,0,0,0,20,0,20,0,0,0,0,20
39,dublin,"WILTON TERRACE","Wilton Terrace",53.3324,-6.25272,0,0,OPEN,"2025-02-22 17:36:59",1,0,{},0,20,0,0,0,0,20,0,20,0,0,0,0,20
39,dublin,"WILTON TERRACE","Wilton Terrace",53.3324,-6.25272,0,0,OPEN,"2025-02-22 17:47:05",1,0,{},0,20,0,0,0,0,20,0,20,0,0,0,0,20
39,dublin,"WILTON TERRACE","Wilton Terrace",53.3324,-6.25272,0,0,OPEN,"2025-02-22 17:57:10",1,0,{},0,20,0,0,0,0,20,0,20,0,0,0,0,20
39,dublin,"WILTON TERRACE","Wilton Terrace",53.3324,-6.25272,0,0,OPEN,"2025-02-22 18:01:48",1,0,{},1,19,1,0,0,0,20,1,19,1,0,0,0,20
39,dublin,"WILTON TERRACE","Wilton Terrace",53.3324,-6.25272,0,0,OPEN,"2025-02-22 18:07:16",1,0,{},0,20,0,0,0,0,20,0,20,0,0,0,0,20
39,dublin,"WILTON TERRACE","Wilton Terrace",53.3324,-6.25272,0,0,OPEN,"2025-02-22 18:17:21",1,0,{},0,20,0,0,0,0,20,0,20,0,0,0,0,20
39,dublin,"WILTON TERRACE","Wilton Terrace",53.3324,-6.25272,0,0,OPEN,"2025-02-22 18:27:27",1,0,{},0,20,0,0,0,0,20,0,20,0,0,0,0,20
39,dublin,"WILTON TERRACE","Wilton Terrace",53.3324,-6.25272,0,0,OPEN,"2025-02-22 18:30:25",1,0,{},1,19,1,0,0,0,20,1,19,1,0,0,0,20
39,dublin,"WILTON TERRACE","Wilton Terrace",53.3324,-6.25272,0,0,OPEN,"2025-02-22 18:37:33",1,0,{},1,19,1,0,0,0,20,1,19,1,0,0,0,20
39,dublin,"WILTON TERRACE","Wilton Terrace",53.3324,-6.25272,0,0,OPEN,"2025-02-22 18:44:25",1,0,{},1,19,0,1,0,1,20,1,19,0,1,0,1,20
39,dublin,"WILTON TERRACE","Wilton Terrace",53.3324,-6.25272,0,0,OPEN,"2025-02-22 18:48:42",1,0,{},0,20,0,0,0,0,20,0,20,0,0,0,0,20
39,dublin,"WILTON TERRACE","Wilton Terrace",53.3324,-6.25272,0,0,OPEN,"2025-02-22 18:57:48",1,0,{},0,20,0,0,0,0,20,0,20,0,0,0,0,20
39,dublin,"WILTON TERRACE","Wilton Terrace",53.3324,-6.25272,0,0,OPEN,"2025-02-22 19:07:54",1,0,{},0,20,0,0,0,0,20,0,20,0,0,0,0,20
39,dublin,"WILTON TERRACE","Wilton Terrace",53.3324,-6.25272,0,0,OPEN,"2025-02-22 19:13:37",1,0,{},1,19,0,1,0,1,20,1,19,0,1,0,1,20
39,dublin,"WILTON TERRACE","Wilton Terrace",53.3324,-6.25272,0,0,OPEN,"2025-02-22 19:17:59",1,0,{},1,19,0,1,0,1,20,1,19,0,1,0,1,20
39,dublin,"WILTON TERRACE","Wilton Terrace",53.3324,-6.25272,0,0,OPEN,"2025-02-22 19:28:06",1,0,{},0,20,0,0,0,0,20,0,20,0,0,0,0,20
39,dublin,"WILTON TERRACE","Wilton Terrace",53.3324,-6.25272,0,0,OPEN,"2025-02-22 19:38:11",1,0,{},0,20,0,0,0,0,20,0,20,0,0,0,0,20
39,dublin,"WILTON TERRACE","Wilton Terrace",53.3324,-6.25272,0,0,OPEN,"2025-02-22 19:48:17",1,0,{},0,20,0,0,0,0,20,0,20,0,0,0,0,20
39,dublin,"WILTON TERRACE","Wilton Terrace",53.3324,-6.25272,0,0,OPEN,"2025-02-22 19:59:15",1,0,{},0,20,0,0,0,0,20,0,20,0,0,0,0,20
39,dublin,"WILTON TERRACE","Wilton Terrace",53.3324,-6.25272,0,0,OPEN,"2025-02-22 20:08:29",1,0,{},0,20,0,0,0,0,20,0,20,0,0,0,0,20
39,dublin,"WILTON TERRACE","Wilton Terrace",53.3324,-6.25272,0,0,OPEN,"2025-02-22 20:18:34",1,0,{},0,20,0,0,0,0,20,0,20,0,0,0,0,20
39,dublin,"WILTON TERRACE","Wilton Terrace",53.3324,-6.25272,0,0,OPEN,"2025-02-22 20:20:40",1,0,{},1,19,0,1,0,1,20,1,19,0,1,0,1,20
39,dublin,"WILTON TERRACE","Wilton Terrace",53.3324,-6.25272,0,0,OPEN,"2025-02-22 20:28:40",1,0,{},1,19,0,1,0,1,20,1,19,0,1,0,1,20
39,dublin,"WILTON TERRACE","Wilton Terrace",53.3324,-6.25272,0,0,OPEN,"2025-02-22 20:34:15",1,0,{},0,20,0,0,0,0,20,0,20,0,0,0,0,20
39,dublin,"WILTON TERRACE","Wilton Terrace",53.3324,-6.25272,0,0,OPEN,"2025-02-22 20:38:46",1,0,{},0,20,0,0,0,0,20,0,20,0,0,0,0,20
39,dublin,"WILTON TERRACE","Wilton Terrace",53.3324,-6.25272,0,0,OPEN,"2025-02-22 20:39:32",1,0,{},1,19,1,0,0,0,20,1,19,1,0,0,0,20
39,dublin,"WILTON TERRACE","Wilton Terrace",53.3324,-6.25272,0,0,OPEN,"2025-02-22 20:48:51",1,0,{},1,19,1,0,0,0,20,1,19,1,0,0,0,20
39,dublin,"WILTON TERRACE","Wilton Terrace",53.3324,-6.25272,0,0,OPEN,"2025-02-22 20:58:56",1,0,{},1,19,1,0,0,0,20,1,19,1,0,0,0,20
39,dublin,"WILTON TERRACE","Wilton Terrace",53.3324,-6.25272,0,0,OPEN,"2025-02-22 21:09:02",1,0,{},1,19,1,0,0,0,20,1,19,1,0,0,0,20
39,dublin,"WILTON TERRACE","Wilton Terrace",53.3324,-6.25272,0,0,OPEN,"2025-02-22 21:11:31",1,0,{},2,18,2,0,0,0,20,2,18,2,0,0,0,20
39,dublin,"WILTON TERRACE","Wilton Terrace",53.3324,-6.25272,0,0,OPEN,"2025-02-22 21:19:07",1,0,{},2,18,2,0,0,0,20,2,18,2,0,0,0,20
39,dublin,"WILTON TERRACE","Wilton Terrace",53.3324,-6.25272,0,0,OPEN,"2025-02-22 21:21:43",1,0,{},3,17,3,0,0,0,20,3,17,3,0,0,0,20
39,dublin,"WILTON TERRACE","Wilton Terrace",53.3324,-6.25272,0,0,OPEN,"2025-02-22 21:29:13",1,0,{},4,16,4,0,0,0,20,4,16,4,0,0,0,20
39,dublin,"WILTON TERRACE","Wilton Terrace",53.3324,-6.25272,0,0,OPEN,"2025-02-22 21:39:18",1,0,{},4,16,4,0,0,0,20,4,16,4,0,0,0,20
39,dublin,"WILTON TERRACE","Wilton Terrace",53.3324,-6.25272,0,0,OPEN,"2025-02-22 21:49:23",1,0,{},4,16,4,0,0,0,20,4,16,4,0,0,0,20
39,dublin,"WILTON TERRACE","Wilton Terrace",53.3324,-6.25272,0,0,OPEN,"2025-02-22 21:59:29",1,0,{},4,16,4,0,0,0,20,4,16,4,0,0,0,20
39,dublin,"WILTON TERRACE","Wilton Terrace",53.3324,-6.25272,0,0,OPEN,"2025-02-22 22:06:36",1,0,{},6,14,4,2,0,2,20,6,14,4,2,0,2,20
39,dublin,"WILTON TERRACE","Wilton Terrace",53.3324,-6.25272,0,0,OPEN,"2025-02-22 22:10:22",1,0,{},7,13,5,2,0,2,20,7,13,5,2,0,2,20
39,dublin,"WILTON TERRACE","Wilton Terrace",53.3324,-6.25272,0,0,OPEN,"2025-02-22 22:15:24",1,0,{},6,14,5,1,0,1,20,6,14,5,1,0,1,20
40,dublin,"JERVIS STREET","Jervis Street",53.3483,-6.26665,0,0,OPEN,"2025-02-22 02:54:37",1,0,{},19,2,9,10,0,10,21,19,2,9,10,0,10,21
40,dublin,"JERVIS STREET","Jervis Street",53.3483,-6.26665,0,0,OPEN,"2025-02-22 03:04:41",1,0,{},19,2,9,10,0,10,21,19,2,9,10,0,10,21
40,dublin,"JERVIS STREET","Jervis Street",53.3483,-6.26665,0,0,OPEN,"2025-02-22 03:14:44",1,0,{},19,2,9,10,0,10,21,19,2,9,10,0,10,21
40,dublin,"JERVIS STREET","Jervis Street",53.3483,-6.26665,0,0,OPEN,"2025-02-22 10:12:31",1,0,{},20,1,13,7,0,7,21,20,1,13,7,0,7,21
40,dublin,"JERVIS STREET","Jervis Street",53.3483,-6.26665,0,0,OPEN,"2025-02-22 10:14:52",1,0,{},21,0,13,8,0,8,21,21,0,13,8,0,8,21
40,dublin,"JERVIS STREET","Jervis Street",53.3483,-6.26665,0,0,OPEN,"2025-02-22 10:22:36",1,0,{},21,0,13,8,0,8,21,21,0,13,8,0,8,21
40,dublin,"JERVIS STREET","Jervis Street",53.3483,-6.26665,0,0,OPEN,"2025-02-22 10:32:40",1,0,{},21,0,13,8,0,8,21,21,0,13,8,0,8,21
40,dublin,"JERVIS STREET","Jervis Street",53.3483,-6.26665,0,0,OPEN,"2025-02-22 10:42:45",1,0,{},21,0,13,8,0,8,21,21,0,13,8,0,8,21
40,dublin,"JERVIS STREET","Jervis Street",53.3483,-6.26665,0,0,OPEN,"2025-02-22 10:52:50",1,0,{},21,0,13,8,0,8,21,21,0,13,8,0,8,21
40,dublin,"JERVIS STREET","Jervis Street",53.3483,-6.26665,0,0,OPEN,"2025-02-22 11:02:55",1,0,{},21,0,12,9,0,9,21,21,0,12,9,0,9,21
40,dublin,"JERVIS STREET","Jervis Street",53.3483,-6.26665,0,0,OPEN,"2025-02-22 11:12:59",1,0,{},21,0,12,9,0,9,21,21,0,12,9,0,9,21
40,dublin,"JERVIS STREET","Jervis Street",53.3483,-6.26665,0,0,OPEN,"2025-02-22 11:23:03",1,0,{},21,0,12,9,0,9,21,21,0,12,9,0,9,21
40,dublin,"JERVIS STREET","Jervis Street",53.3483,-6.26665,0,0,OPEN,"2025-02-22 11:27:56",1,0,{},21,0,12,9,0,9,21,21,0,12,9,0,9,21
40,dublin,"JERVIS STREET","Jervis Street",53.3483,-6.26665,0,0,OPEN,"2025-02-22 11:33:07",1,0,{},21,0,12,9,0,9,21,21,0,12,9,0,9,21
40,dublin,"JERVIS STREET","Jervis Street",53.3483,-6.26665,0,0,OPEN,"2025-02-22 11:43:13",1,0,{},21,0,12,9,0,9,21,21,0,12,9,0,9,21
40,dublin,"JERVIS STREET","Jervis Street",53.3483,-6.26665,0,0,OPEN,"2025-02-22 11:45:26",1,0,{},21,0,11,10,0,10,21,21,0,11,10,0,10,21
40,dublin,"JERVIS STREET","Jervis Street",53.3483,-6.26665,0,0,OPEN,"2025-02-22 11:53:24",1,0,{},11,10,4,7,0,7,21,11,10,4,7,0,7,21
40,dublin,"JERVIS STREET","Jervis Street",53.3483,-6.26665,0,0,OPEN,"2025-02-22 11:56:20",1,0,{},11,10,4,7,0,7,21,11,10,4,7,0,7,21
40,dublin,"JERVIS STREET","Jervis Street",53.3483,-6.26665,0,0,OPEN,"2025-02-22 12:00:02",1,0,{},2,19,0,2,0,2,21,2,19,0,2,0,2,21
40,dublin,"JERVIS STREET","Jervis Street",53.3483,-6.26665,0,0,OPEN,"2025-02-22 12:03:33",1,0,{},2,19,0,2,0,2,21,2,19,0,2,0,2,21
40,dublin,"JERVIS STREET","Jervis Street",53.3483,-6.26665,0,0,OPEN,"2025-02-22 12:09:34",1,0,{},3,18,1,2,0,2,21,3,18,1,2,0,2,21
40,dublin,"JERVIS STREET","Jervis Street",53.3483,-6.26665,0,0,OPEN,"2025-02-22 12:13:37",1,0,{},3,18,1,2,0,2,21,3,18,1,2,0,2,21
40,dublin,"JERVIS STREET","Jervis Street",53.3483,-6.26665,0,0,OPEN,"2025-02-22 12:19:43",1,0,{},5,16,2,3,0,3,21,5,16,2,3,0,3,21
40,dublin,"JERVIS STREET","Jervis Street",53.3483,-6.26665,0,0,OPEN,"2025-02-22 12:23:43",1,0,{},5,16,2,3,0,3,21,5,16,2,3,0,3,21
40,dublin,"JERVIS STREET","Jervis Street",53.3483,-6.26665,0,0,OPEN,"2025-02-22 12:33:48",1,0,{},5,16,2,3,0,3,21,5,16,2,3,0,3,21
40,dublin,"JERVIS STREET","Jervis Street",53.3483,-6.26665,0,0,OPEN,"2025-02-22 12:40:15",1,0,{},6,15,2,4,0,4,21,6,15,2,4,0,4,21
40,dublin,"JERVIS STREET","Jervis Street",53.3483,-6.26665,0,0,OPEN,"2025-02-22 12:47:55",1,0,{},5,16,1,4,0,4,21,5,16,1,4,0,4,21
40,dublin,"JERVIS STREET","Jervis Street",53.3483,-6.26665,0,0,OPEN,"2025-02-22 12:50:33",1,0,{},7,14,2,5,0,5,21,7,14,2,5,0,5,21
40,dublin,"JERVIS STREET","Jervis Street",53.3483,-6.26665,0,0,OPEN,"2025-02-22 12:56:19",1,0,{},8,13,2,6,0,6,21,8,13,2,6,0,6,21
40,dublin,"JERVIS STREET","Jervis Street",53.3483,-6.26665,0,0,OPEN,"2025-02-22 13:00:43",1,0,{},6,15,3,3,0,3,21,6,15,3,3,0,3,21
40,dublin,"JERVIS STREET","Jervis Street",53.3483,-6.26665,0,0,OPEN,"2025-02-22 13:04:10",1,0,{},7,14,3,4,0,4,21,7,14,3,4,0,4,21
40,dublin,"JERVIS STREET","Jervis Street",53.3483,-6.26665,0,0,OPEN,"2025-02-22 13:17:49",1,0,{},9,12,3,6,0,6,21,9,12,3,6,0,6,21
40,dublin,"JERVIS STREET","Jervis Street",53.3483,-6.26665,0,0,OPEN,"2025-02-22 13:23:22",1,0,{},7,14,1,6,0,6,21,7,14,1,6,0,6,21
40,dublin,"JERVIS STREET","Jervis Street",53.3483,-6.26665,0,0,OPEN,"2025-02-22 13:25:42",1,0,{},8,13,2,6,0,6,21,8,13,2,6,0,6,21
40,dublin,"JERVIS STREET","Jervis Street",53.3483,-6.26665,0,0,OPEN,"2025-02-22 13:28:45",1,0,{},6,15,1,5,0,5,21,6,15,1,5,0,5,21
40,dublin,"JERVIS STREET","Jervis Street",53.3483,-6.26665,0,0,OPEN,"2025-02-22 13:36:48",1,0,{},8,13,2,6,0,6,21,8,13,2,6,0,6,21
40,dublin,"JERVIS STREET","Jervis Street",53.3483,-6.26665,0,0,OPEN,"2025-02-22 13:42:06",1,0,{},7,14,2,5,0,5,21,7,14,2,5,0,5,21
40,dublin,"JERVIS STREET","Jervis Street",53.3483,-6.26665,0,0,OPEN,"2025-02-22 13:48:27",1,0,{},8,13,2,6,0,6,21,8,13,2,6,0,6,21
40,dublin,"JERVIS STREET","Jervis Street",53.3483,-6.26665,0,0,OPEN,"2025-02-22 13:52:10",1,0,{},13,8,4,9,0,9,21,13,8,4,9,0,9,21
40,dublin,"JERVIS STREET","Jervis Street",53.3483,-6.26665,0,0,OPEN,"2025-02-22 13:54:41",1,0,{},13,8,4,9,0,9,21,13,8,4,9,0,9,21
40,dublin,"JERVIS STREET","Jervis Street",53.3483,-6.26665,0,0,OPEN,"2025-02-22 14:01:00",1,0,{},14,7,4,10,0,10,21,14,7,4,10,0,10,21
40,dublin,"JERVIS STREET","Jervis Street",53.3483,-6.26665,0,0,OPEN,"2025-02-22 14:08:32",1,0,{},15,6,4,11,0,11,21,15,6,4,11,0,11,21
40,dublin,"JERVIS STREET","Jervis Street",53.3483,-6.26665,0,0,OPEN,"2025-02-22 14:11:51",1,0,{},15,6,4,11,0,11,21,15,6,4,11,0,11,21
40,dublin,"JERVIS STREET","Jervis Street",53.3483,-6.26665,0,0,OPEN,"2025-02-22 14:17:15",1,0,{},16,5,4,12,0,12,21,16,5,4,12,0,12,21
40,dublin,"JERVIS STREET","Jervis Street",53.3483,-6.26665,0,0,OPEN,"2025-02-22 14:21:06",1,0,{},15,6,4,11,0,11,21,15,6,4,11,0,11,21
40,dublin,"JERVIS STREET","Jervis Street",53.3483,-6.26665,0,0,OPEN,"2025-02-22 14:27:26",1,0,{},18,3,5,13,0,13,21,18,3,5,13,0,13,21
40,dublin,"JERVIS STREET","Jervis Street",53.3483,-6.26665,0,0,OPEN,"2025-02-22 14:31:04",1,0,{},19,2,6,13,0,13,21,19,2,6,13,0,13,21
40,dublin,"JERVIS STREET","Jervis Street",53.3483,-6.26665,0,0,OPEN,"2025-02-22 14:35:07",1,0,{},19,2,6,13,0,13,21,19,2,6,13,0,13,21
40,dublin,"JERVIS STREET","Jervis Street",53.3483,-6.26665,0,0,OPEN,"2025-02-22 14:42:06",1,0,{},20,1,7,13,0,13,21,20,1,7,13,0,13,21
40,dublin,"JERVIS STREET","Jervis Street",53.3483,-6.26665,0,0,OPEN,"2025-02-22 14:47:00",1,0,{},18,3,6,12,0,12,21,18,3,6,12,0,12,21
40,dublin,"JERVIS STREET","Jervis Street",53.3483,-6.26665,0,0,OPEN,"2025-02-22 14:56:12",1,0,{},17,4,6,11,0,11,21,17,4,6,11,0,11,21
40,dublin,"JERVIS STREET","Jervis Street",53.3483,-6.26665,0,0,OPEN,"2025-02-22 15:05:30",1,0,{},17,4,6,11,0,11,21,17,4,6,11,0,11,21
40,dublin,"JERVIS STREET","Jervis Street",53.3483,-6.26665,0,0,OPEN,"2025-02-22 15:10:09",1,0,{},18,3,7,11,0,11,21,18,3,7,11,0,11,21
40,dublin,"JERVIS STREET","Jervis Street",53.3483,-6.26665,0,0,OPEN,"2025-02-22 15:17:57",1,0,{},20,1,9,11,0,11,21,20,1,9,11,0,11,21
40,dublin,"JERVIS STREET","Jervis Street",53.3483,-6.26665,0,0,OPEN,"2025-02-22 15:22:38",1,0,{},20,1,10,10,0,10,21,20,1,10,10,0,10,21
40,dublin,"JERVIS STREET","Jervis Street",53.3483,-6.26665,0,0,OPEN,"2025-02-22 15:26:56",1,0,{},19,2,10,9,0,9,21,19,2,10,9,0,9,21
40,dublin,"JERVIS STREET","Jervis Street",53.3483,-6.26665,0,0,OPEN,"2025-02-22 15:32:54",1,0,{},20,1,11,9,0,9,21,20,1,11,9,0,9,21
40,dublin,"JERVIS STREET","Jervis Street",53.3483,-6.26665,0,0,OPEN,"2025-02-22 15:36:01",1,0,{},21,0,12,9,0,9,21,21,0,12,9,0,9,21
40,dublin,"JERVIS STREET","Jervis Street",53.3483,-6.26665,0,0,OPEN,"2025-02-22 15:47:33",1,0,{},21,0,12,9,0,9,21,21,0,12,9,0,9,21
40,dublin,"JERVIS STREET","Jervis Street",53.3483,-6.26665,0,0,OPEN,"2025-02-22 15:56:03",1,0,{},18,3,10,8,0,8,21,18,3,10,8,0,8,21
40,dublin,"JERVIS STREET","Jervis Street",53.3483,-6.26665,0,0,OPEN,"2025-02-22 16:06:04",1,0,{},18,3,10,8,0,8,21,18,3,10,8,0,8,21
40,dublin,"JERVIS STREET","Jervis Street",53.3483,-6.26665,0,0,OPEN,"2025-02-22 16:11:32",1,0,{},14,7,7,7,0,7,21,14,7,7,7,0,7,21
40,dublin,"JERVIS STREET","Jervis Street",53.3483,-6.26665,0,0,OPEN,"2025-02-22 16:17:31",1,0,{},13,8,6,7,0,7,21,13,8,6,7,0,7,21
40,dublin,"JERVIS STREET","Jervis Street",53.3483,-6.26665,0,0,OPEN,"2025-02-22 16:26:22",1,0,{},13,8,7,6,0,6,21,13,8,7,6,0,6,21
40,dublin,"JERVIS STREET","Jervis Street",53.3483,-6.26665,0,0,OPEN,"2025-02-22 16:33:05",1,0,{},12,9,6,6,0,6,21,12,9,6,6,0,6,21
40,dublin,"JERVIS STREET","Jervis Street",53.3483,-6.26665,0,0,OPEN,"2025-02-22 16:37:16",1,0,{},13,8,7,6,0,6,21,13,8,7,6,0,6,21
40,dublin,"JERVIS STREET","Jervis Street",53.3483,-6.26665,0,0,OPEN,"2025-02-22 16:41:09",1,0,{},14,7,8,6,0,6,21,14,7,8,6,0,6,21
40,dublin,"JERVIS STREET","Jervis Street",53.3483,-6.26665,0,0,OPEN,"2025-02-22 16:48:21",1,0,{},15,6,9,6,0,6,21,15,6,9,6,0,6,21
40,dublin,"JERVIS STREET","Jervis Street",53.3483,-6.26665,0,0,OPEN,"2025-02-22 16:50:32",1,0,{},16,5,10,6,0,6,21,16,5,10,6,0,6,21
40,dublin,"JERVIS STREET","Jervis Street",53.3483,-6.26665,0,0,OPEN,"2025-02-22 16:56:38",1,0,{},16,5,10,6,0,6,21,16,5,10,6,0,6,21
40,dublin,"JERVIS STREET","Jervis Street",53.3483,-6.26665,0,0,OPEN,"2025-02-22 17:01:59",1,0,{},17,4,11,6,0,6,21,17,4,11,6,0,6,21
40,dublin,"JERVIS STREET","Jervis Street",53.3483,-6.26665,0,0,OPEN,"2025-02-22 17:06:44",1,0,{},17,4,11,6,0,6,21,17,4,11,6,0,6,21
40,dublin,"JERVIS STREET","Jervis Street",53.3483,-6.26665,0,0,OPEN,"2025-02-22 17:17:57",1,0,{},17,4,11,6,0,6,21,17,4,11,6,0,6,21
40,dublin,"JERVIS STREET","Jervis Street",53.3483,-6.26665,0,0,OPEN,"2025-02-22 17:19:14",1,0,{},16,5,10,6,0,6,21,16,5,10,6,0,6,21
40,dublin,"JERVIS STREET","Jervis Street",53.3483,-6.26665,0,0,OPEN,"2025-02-22 17:26:57",1,0,{},16,5,10,6,0,6,21,16,5,10,6,0,6,21
40,dublin,"JERVIS STREET","Jervis Street",53.3483,-6.26665,0,0,OPEN,"2025-02-22 17:32:29",1,0,{},17,4,11,6,0,6,21,17,4,11,6,0,6,21
40,dublin,"JERVIS STREET","Jervis Street",53.3483,-6.26665,0,0,OPEN,"2025-02-22 17:37:02",1,0,{},18,3,12,6,0,6,21,18,3,12,6,0,6,21
40,dublin,"JERVIS STREET","Jervis Street",53.3483,-6.26665,0,0,OPEN,"2025-02-22 17:39:57",1,0,{},16,5,11,5,0,5,21,16,5,11,5,0,5,21
40,dublin,"JERVIS STREET","Jervis Street",53.3483,-6.26665,0,0,OPEN,"2025-02-22 17:48:23",1,0,{},16,5,11,5,0,5,21,16,5,11,5,0,5,21
40,dublin,"JERVIS STREET","Jervis Street",53.3483,-6.26665,0,0,OPEN,"2025-02-22 17:52:36",1,0,{},17,4,12,5,0,5,21,17,4,12,5,0,5,21
40,dublin,"JERVIS STREET","Jervis Street",53.3483,-6.26665,0,0,OPEN,"2025-02-22 17:57:19",1,0,{},17,4,12,5,0,5,21,17,4,12,5,0,5,21
40,dublin,"JERVIS STREET","Jervis Street",53.3483,-6.26665,0,0,OPEN,"2025-02-22 18:00:58",1,0,{},16,5,12,4,0,4,21,16,5,12,4,0,4,21
40,dublin,"JERVIS STREET","Jervis Street",53.3483,-6.26665,0,0,OPEN,"2025-02-22 18:07:25",1,0,{},16,5,12,4,0,4,21,16,5,12,4,0,4,21
40,dublin,"JERVIS STREET","Jervis Street",53.3483,-6.26665,0,0,OPEN,"2025-02-22 18:11:45",1,0,{},18,3,15,3,0,3,21,18,3,15,3,0,3,21
40,dublin,"JERVIS STREET","Jervis Street",53.3483,-6.26665,0,0,OPEN,"2025-02-22 18:17:35",1,0,{},18,3,15,3,0,3,21,18,3,15,3,0,3,21
40,dublin,"JERVIS STREET","Jervis Street",53.3483,-6.26665,0,0,OPEN,"2025-02-22 18:18:45",1,0,{},19,2,15,4,0,4,21,19,2,15,4,0,4,21
40,dublin,"JERVIS STREET","Jervis Street",53.3483,-6.26665,0,0,OPEN,"2025-02-22 18:27:40",1,0,{},19,2,15,4,0,4,21,19,2,15,4,0,4,21
40,dublin,"JERVIS STREET","Jervis Street",53.3483,-6.26665,0,0,OPEN,"2025-02-22 18:39:20",1,0,{},20,1,16,4,0,4,21,20,1,16,4,0,4,21
40,dublin,"JERVIS STREET","Jervis Street",53.3483,-6.26665,0,0,OPEN,"2025-02-22 18:39:56",1,0,{},21,0,17,4,0,4,21,21,0,17,4,0,4,21
40,dublin,"JERVIS STREET","Jervis Street",53.3483,-6.26665,0,0,OPEN,"2025-02-22 18:47:50",1,0,{},21,0,17,4,0,4,21,21,0,17,4,0,4,21
40,dublin,"JERVIS STREET","Jervis Street",53.3483,-6.26665,0,0,OPEN,"2025-02-22 18:57:54",1,0,{},21,0,17,4,0,4,21,21,0,17,4,0,4,21
40,dublin,"JERVIS STREET","Jervis Street",53.3483,-6.26665,0,0,OPEN,"2025-02-22 19:07:59",1,0,{},21,0,17,4,0,4,21,21,0,17,4,0,4,21
40,dublin,"JERVIS STREET","Jervis Street",53.3483,-6.26665,0,0,OPEN,"2025-02-22 19:18:06",1,0,{},21,0,17,4,0,4,21,21,0,17,4,0,4,21
40,dublin,"JERVIS STREET","Jervis Street",53.3483,-6.26665,0,0,OPEN,"2025-02-22 19:29:18",1,0,{},20,1,16,4,0,4,21,20,1,16,4,0,4,21
40,dublin,"JERVIS STREET","Jervis Street",53.3483,-6.26665,0,0,OPEN,"2025-02-22 19:29:40",1,0,{},21,0,17,4,0,4,21,21,0,17,4,0,4,21
40,dublin,"JERVIS STREET","Jervis Street",53.3483,-6.26665,0,0,OPEN,"2025-02-22 19:38:13",1,0,{},21,0,17,4,0,4,21,21,0,17,4,0,4,21
40,dublin,"JERVIS STREET","Jervis Street",53.3483,-6.26665,0,0,OPEN,"2025-02-22 19:48:17",1,0,{},21,0,17,4,0,4,21,21,0,17,4,0,4,21
40,dublin,"JERVIS STREET","Jervis Street",53.3483,-6.26665,0,0,OPEN,"2025-02-22 19:58:21",1,0,{},21,0,17,4,0,4,21,21,0,17,4,0,4,21
40,dublin,"JERVIS STREET","Jervis Street",53.3483,-6.26665,0,0,OPEN,"2025-02-22 20:08:25",1,0,{},21,0,17,4,0,4,21,21,0,17,4,0,4,21
40,dublin,"JERVIS STREET","Jervis Street",53.3483,-6.26665,0,0,OPEN,"2025-02-22 20:18:29",1,0,{},21,0,17,4,0,4,21,21,0,17,4,0,4,21
40,dublin,"JERVIS STREET","Jervis Street",53.3483,-6.26665,0,0,OPEN,"2025-02-22 20:28:33",1,0,{},21,0,17,4,0,4,21,21,0,17,4,0,4,21
40,dublin,"JERVIS STREET","Jervis Street",53.3483,-6.26665,0,0,OPEN,"2025-02-22 20:38:37",1,0,{},21,0,17,4,0,4,21,21,0,17,4,0,4,21
40,dublin,"JERVIS STREET","Jervis Street",53.3483,-6.26665,0,0,OPEN,"2025-02-22 20:48:41",1,0,{},21,0,17,4,0,4,21,21,0,17,4,0,4,21
40,dublin,"JERVIS STREET","Jervis Street",53.3483,-6.26665,0,0,OPEN,"2025-02-22 20:58:45",1,0,{},21,0,17,4,0,4,21,21,0,17,4,0,4,21
40,dublin,"JERVIS STREET","Jervis Street",53.3483,-6.26665,0,0,OPEN,"2025-02-22 21:08:49",1,0,{},20,1,16,4,0,4,21,20,1,16,4,0,4,21
40,dublin,"JERVIS STREET","Jervis Street",53.3483,-6.26665,0,0,OPEN,"2025-02-22 21:18:53",1,0,{},20,1,16,4,0,4,21,20,1,16,4,0,4,21
40,dublin,"JERVIS STREET","Jervis Street",53.3483,-6.26665,0,0,OPEN,"2025-02-22 21:28:57",1,0,{},20,1,16,4,0,4,21,20,1,16,4,0,4,21
40,dublin,"JERVIS STREET","Jervis Street",53.3483,-6.26665,0,0,OPEN,"2025-02-22 21:39:01",1,0,{},20,1,16,4,0,4,21,20,1,16,4,0,4,21
40,dublin,"JERVIS STREET","Jervis Street",53.3483,-6.26665,0,0,OPEN,"2025-02-22 21:41:37",1,0,{},21,0,17,4,0,4,21,21,0,17,4,0,4,21
40,dublin,"JERVIS STREET","Jervis Street",53.3483,-6.26665,0,0,OPEN,"2025-02-22 21:49:05",1,0,{},21,0,17,4,0,4,21,21,0,17,4,0,4,21
40,dublin,"JERVIS STREET","Jervis Street",53.3483,-6.26665,0,0,OPEN,"2025-02-22 21:59:08",1,0,{},21,0,17,4,0,4,21,21,0,17,4,0,4,21
40,dublin,"JERVIS STREET","Jervis Street",53.3483,-6.26665,0,0,OPEN,"2025-02-22 22:02:32",1,0,{},20,1,16,4,0,4,21,20,1,16,4,0,4,21
40,dublin,"JERVIS STREET","Jervis Street",53.3483,-6.26665,0,0,OPEN,"2025-02-22 22:09:14",1,0,{},20,1,16,4,0,4,21,20,1,16,4,0,4,21
41,dublin,"HARCOURT TERRACE","Harcourt Terrace",53.3328,-6.25794,0,0,OPEN,"2025-02-22 02:58:31",1,0,{},6,14,5,1,0,1,20,6,14,5,1,0,1,20
41,dublin,"HARCOURT TERRACE","Harcourt Terrace",53.3328,-6.25794,0,0,OPEN,"2025-02-22 03:08:36",1,0,{},6,14,5,1,0,1,20,6,14,5,1,0,1,20
41,dublin,"HARCOURT TERRACE","Harcourt Terrace",53.3328,-6.25794,0,0,OPEN,"2025-02-22 03:15:56",1,0,{},6,14,5,1,0,1,20,6,14,5,1,0,1,20
41,dublin,"HARCOURT TERRACE","Harcourt Terrace",53.3328,-6.25794,0,0,OPEN,"2025-02-22 10:08:51",1,0,{},4,16,3,1,0,1,20,4,16,3,1,0,1,20
41,dublin,"HARCOURT TERRACE","Harcourt Terrace",53.3328,-6.25794,0,0,OPEN,"2025-02-22 10:18:55",1,0,{},4,16,3,1,0,1,20,4,16,3,1,0,1,20
41,dublin,"HARCOURT TERRACE","Harcourt Terrace",53.3328,-6.25794,0,0,OPEN,"2025-02-22 10:29:00",1,0,{},4,16,3,1,0,1,20,4,16,3,1,0,1,20
41,dublin,"HARCOURT TERRACE","Harcourt Terrace",53.3328,-6.25794,0,0,OPEN,"2025-02-22 10:39:04",1,0,{},4,16,3,1,0,1,20,4,16,3,1,0,1,20
41,dublin,"HARCOURT TERRACE","Harcourt Terrace",53.3328,-6.25794,0,0,OPEN,"2025-02-22 10:48:02",1,0,{},5,15,3,2,0,2,20,5,15,3,2,0,2,20
41,dublin,"HARCOURT TERRACE","Harcourt Terrace",53.3328,-6.25794,0,0,OPEN,"2025-02-22 10:49:09",1,0,{},5,15,3,2,0,2,20,5,15,3,2,0,2,20
41,dublin,"HARCOURT TERRACE","Harcourt Terrace",53.3328,-6.25794,0,0,OPEN,"2025-02-22 10:59:13",1,0,{},5,15,3,2,0,2,20,5,15,3,2,0,2,20
41,dublin,"HARCOURT TERRACE","Harcourt Terrace",53.3328,-6.25794,0,0,OPEN,"2025-02-22 11:09:18",1,0,{},5,15,3,2,0,2,20,5,15,3,2,0,2,20
41,dublin,"HARCOURT TERRACE","Harcourt Terrace",53.3328,-6.25794,0,0,OPEN,"2025-02-22 11:19:37",1,0,{},4,16,2,2,0,2,20,4,16,2,2,0,2,20
41,dublin,"HARCOURT TERRACE","Harcourt Terrace",53.3328,-6.25794,0,0,OPEN,"2025-02-22 11:29:28",1,0,{},4,16,2,2,0,2,20,4,16,2,2,0,2,20
41,dublin,"HARCOURT TERRACE","Harcourt Terrace",53.3328,-6.25794,0,0,OPEN,"2025-02-22 11:39:32",1,0,{},4,16,2,2,0,2,20,4,16,2,2,0,2,20
41,dublin,"HARCOURT TERRACE","Harcourt Terrace",53.3328,-6.25794,0,0,OPEN,"2025-02-22 11:49:36",1,0,{},4,16,2,2,0,2,20,4,16,2,2,0,2,20
41,dublin,"HARCOURT TERRACE","Harcourt Terrace",53.3328,-6.25794,0,0,OPEN,"2025-02-22 11:59:40",1,0,{},4,16,2,2,0,2,20,4,16,2,2,0,2,20
41,dublin,"HARCOURT TERRACE","Harcourt Terrace",53.3328,-6.25794,0,0,OPEN,"2025-02-22 12:09:44",1,0,{},4,16,2,2,0,2,20,4,16,2,2,0,2,20
41,dublin,"HARCOURT TERRACE","Harcourt Terrace",53.3328,-6.25794,0,0,OPEN,"2025-02-22 12:15:05",1,0,{},4,16,2,2,0,2,20,4,16,2,2,0,2,20
41,dublin,"HARCOURT TERRACE","Harcourt Terrace",53.3328,-6.25794,0,0,OPEN,"2025-02-22 12:19:49",1,0,{},4,16,2,2,0,2,20,4,16,2,2,0,2,20
41,dublin,"HARCOURT TERRACE","Harcourt Terrace",53.3328,-6.25794,0,0,OPEN,"2025-02-22 12:29:54",1,0,{},4,16,2,2,0,2,20,4,16,2,2,0,2,20
41,dublin,"HARCOURT TERRACE","Harcourt Terrace",53.3328,-6.25794,0,0,OPEN,"2025-02-22 12:39:58",1,0,{},4,16,2,2,0,2,20,4,16,2,2,0,2,20
41,dublin,"HARCOURT TERRACE","Harcourt Terrace",53.3328,-6.25794,0,0,OPEN,"2025-02-22 12:50:02",1,0,{},4,16,2,2,0,2,20,4,16,2,2,0,2,20
41,dublin,"HARCOURT TERRACE","Harcourt Terrace",53.3328,-6.25794,0,0,OPEN,"2025-02-22 13:00:07",1,0,{},4,16,2,2,0,2,20,4,16,2,2,0,2,20
41,dublin,"HARCOURT TERRACE","Harcourt Terrace",53.3328,-6.25794,0,0,OPEN,"2025-02-22 13:10:11",1,0,{},4,16,2,2,0,2,20,4,16,2,2,0,2,20
41,dublin,"HARCOURT TERRACE","Harcourt Terrace",53.3328,-6.25794,0,0,OPEN,"2025-02-22 13:20:16",1,0,{},4,16,2,2,0,2,20,4,16,2,2,0,2,20
41,dublin,"HARCOURT TERRACE","Harcourt Terrace",53.3328,-6.25794,0,0,OPEN,"2025-02-22 13:30:20",1,0,{},4,16,2,2,0,2,20,4,16,2,2,0,2,20
41,dublin,"HARCOURT TERRACE","Harcourt Terrace",53.3328,-6.25794,0,0,OPEN,"2025-02-22 13:40:24",1,0,{},4,16,2,2,0,2,20,4,16,2,2,0,2,20
41,dublin,"HARCOURT TERRACE","Harcourt Terrace",53.3328,-6.25794,0,0,OPEN,"2025-02-22 13:50:28",1,0,{},4,16,2,2,0,2,20,4,16,2,2,0,2,20
41,dublin,"HARCOURT TERRACE","Harcourt Terrace",53.3328,-6.25794,0,0,OPEN,"2025-02-22 14:00:32",1,0,{},4,16,2,2,0,2,20,4,16,2,2,0,2,20
41,dublin,"HARCOURT TERRACE","Harcourt Terrace",53.3328,-6.25794,0,0,OPEN,"2025-02-22 14:12:41",1,0,{},5,15,3,2,0,2,20,5,15,3,2,0,2,20
41,dublin,"HARCOURT TERRACE","Harcourt Terrace",53.3328,-6.25794,0,0,OPEN,"2025-02-22 14:20:41",1,0,{},5,15,3,2,0,2,20,5,15,3,2,0,2,20
41,dublin,"HARCOURT TERRACE","Harcourt Terrace",53.3328,-6.25794,0,0,OPEN,"2025-02-22 14:30:45",1,0,{},5,15,3,2,0,2,20,5,15,3,2,0,2,20
41,dublin,"HARCOURT TERRACE","Harcourt Terrace",53.3328,-6.25794,0,0,OPEN,"2025-02-22 14:40:49",1,0,{},5,15,3,2,0,2,20,5,15,3,2,0,2,20
41,dublin,"HARCOURT TERRACE","Harcourt Terrace",53.3328,-6.25794,0,0,OPEN,"2025-02-22 14:50:53",1,0,{},5,15,3,2,0,2,20,5,15,3,2,0,2,20
41,dublin,"HARCOURT TERRACE","Harcourt Terrace",53.3328,-6.25794,0,0,OPEN,"2025-02-22 15:00:57",1,0,{},5,15,3,2,0,2,20,5,15,3,2,0,2,20
41,dublin,"HARCOURT TERRACE","Harcourt Terrace",53.3328,-6.25794,0,0,OPEN,"2025-02-22 15:11:01",1,0,{},5,15,3,2,0,2,20,5,15,3,2,0,2,20
41,dublin,"HARCOURT TERRACE","Harcourt Terrace",53.3328,-6.25794,0,0,OPEN,"2025-02-22 15:21:05",1,0,{},5,15,3,2,0,2,20,5,15,3,2,0,2,20
41,dublin,"HARCOURT TERRACE","Harcourt Terrace",53.3328,-6.25794,0,0,OPEN,"2025-02-22 15:31:09",1,0,{},5,15,3,2,0,2,20,5,15,3,2,0,2,20
41,dublin,"HARCOURT TERRACE","Harcourt Terrace",53.3328,-6.25794,0,0,OPEN,"2025-02-22 15:41:13",1,0,{},5,15,3,2,0,2,20,5,15,3,2,0,2,20
41,dublin,"HARCOURT TERRACE","Harcourt Terrace",53.3328,-6.25794,0,0,OPEN,"2025-02-22 15:51:17",1,0,{},5,15,3,2,0,2,20,5,15,3,2,0,2,20
41,dublin,"HARCOURT TERRACE","Harcourt Terrace",53.3328,-6.25794,0,0,OPEN,"2025-02-22 16:01:21",1,0,{},5,15,3,2,0,2,20,5,15,3,2,0,2,20
41,dublin,"HARCOURT TERRACE","Harcourt Terrace",53.3328,-6.25794,0,0,OPEN,"2025-02-22 16:11:25",1,0,{},5,15,3,2,0,2,20,5,15,3,2,0,2,20
41,dublin,"HARCOURT TERRACE","Harcourt Terrace",53.3328,-6.25794,0,0,OPEN,"2025-02-22 16:21:30",1,0,{},5,15,3,2,0,2,20,5,15,3,2,0,2,20
41,dublin,"HARCOURT TERRACE","Harcourt Terrace",53.3328,-6.25794,0,0,OPEN,"2025-02-22 16:31:34",1,0,{},5,15,3,2,0,2,20,5,15,3,2,0,2,20
41,dublin,"HARCOURT TERRACE","Harcourt Terrace",53.3328,-6.25794,0,0,OPEN,"2025-02-22 16:41:39",1,0,{},7,13,5,2,0,2,20,7,13,5,2,0,2,20
41,dublin,"HARCOURT TERRACE","Harcourt Terrace",53.3328,-6.25794,0,0,OPEN,"2025-02-22 16:51:43",1,0,{},7,13,5,2,0,2,20,7,13,5,2,0,2,20
41,dublin,"HARCOURT TERRACE","Harcourt Terrace",53.3328,-6.25794,0,0,OPEN,"2025-02-22 17:01:49",1,0,{},6,14,4,2,0,2,20,6,14,4,2,0,2,20
41,dublin,"HARCOURT TERRACE","Harcourt Terrace",53.3328,-6.25794,0,0,OPEN,"2025-02-22 17:11:53",1,0,{},6,14,4,2,0,2,20,6,14,4,2,0,2,20
41,dublin,"HARCOURT TERRACE","Harcourt Terrace",53.3328,-6.25794,0,0,OPEN,"2025-02-22 17:14:20",1,0,{},5,15,3,2,0,2,20,5,15,3,2,0,2,20
41,dublin,"HARCOURT TERRACE","Harcourt Terrace",53.3328,-6.25794,0,0,OPEN,"2025-02-22 17:21:59",1,0,{},5,15,3,2,0,2,20,5,15,3,2,0,2,20
41,dublin,"HARCOURT TERRACE","Harcourt Terrace",53.3328,-6.25794,0,0,OPEN,"2025-02-22 17:32:03",1,0,{},5,15,3,2,0,2,20,5,15,3,2,0,2,20
41,dublin,"HARCOURT TERRACE","Harcourt Terrace",53.3328,-6.25794,0,0,OPEN,"2025-02-22 17:42:07",1,0,{},5,15,3,2,0,2,20,5,15,3,2,0,2,20
41,dublin,"HARCOURT TERRACE","Harcourt Terrace",53.3328,-6.25794,0,0,OPEN,"2025-02-22 17:52:51",1,0,{},6,14,4,2,0,2,20,6,14,4,2,0,2,20
41,dublin,"HARCOURT TERRACE","Harcourt Terrace",53.3328,-6.25794,0,0,OPEN,"2025-02-22 18:02:15",1,0,{},6,14,4,2,0,2,20,6,14,4,2,0,2,20
41,dublin,"HARCOURT TERRACE","Harcourt Terrace",53.3328,-6.25794,0,0,OPEN,"2025-02-22 18:12:19",1,0,{},6,14,4,2,0,2,20,6,14,4,2,0,2,20
41,dublin,"HARCOURT TERRACE","Harcourt Terrace",53.3328,-6.25794,0,0,OPEN,"2025-02-22 18:22:23",1,0,{},6,14,4,2,0,2,20,6,14,4,2,0,2,20
41,dublin,"HARCOURT TERRACE","Harcourt Terrace",53.3328,-6.25794,0,0,OPEN,"2025-02-22 18:32:27",1,0,{},6,14,4,2,0,2,20,6,14,4,2,0,2,20
41,dublin,"HARCOURT TERRACE","Harcourt Terrace",53.3328,-6.25794,0,0,OPEN,"2025-02-22 18:42:31",1,0,{},6,14,4,2,0,2,20,6,14,4,2,0,2,20
41,dublin,"HARCOURT TERRACE","Harcourt Terrace",53.3328,-6.25794,0,0,OPEN,"2025-02-22 18:52:35",1,0,{},6,14,4,2,0,2,20,6,14,4,2,0,2,20
41,dublin,"HARCOURT TERRACE","Harcourt Terrace",53.3328,-6.25794,0,0,OPEN,"2025-02-22 19:02:40",1,0,{},6,14,4,2,0,2,20,6,14,4,2,0,2,20
41,dublin,"HARCOURT TERRACE","Harcourt Terrace",53.3328,-6.25794,0,0,OPEN,"2025-02-22 19:12:46",1,0,{},6,14,4,2,0,2,20,6,14,4,2,0,2,20
41,dublin,"HARCOURT TERRACE","Harcourt Terrace",53.3328,-6.25794,0,0,OPEN,"2025-02-22 19:22:51",1,0,{},6,14,4,2,0,2,20,6,14,4,2,0,2,20
41,dublin,"HARCOURT TERRACE","Harcourt Terrace",53.3328,-6.25794,0,0,OPEN,"2025-02-22 19:32:55",1,0,{},6,14,4,2,0,2,20,6,14,4,2,0,2,20
41,dublin,"HARCOURT TERRACE","Harcourt Terrace",53.3328,-6.25794,0,0,OPEN,"2025-02-22 19:43:00",1,0,{},6,14,4,2,0,2,20,6,14,4,2,0,2,20
41,dublin,"HARCOURT TERRACE","Harcourt Terrace",53.3328,-6.25794,0,0,OPEN,"2025-02-22 19:53:03",1,0,{},6,14,4,2,0,2,20,6,14,4,2,0,2,20
41,dublin,"HARCOURT TERRACE","Harcourt Terrace",53.3328,-6.25794,0,0,OPEN,"2025-02-22 20:03:08",1,0,{},6,14,4,2,0,2,20,6,14,4,2,0,2,20
41,dublin,"HARCOURT TERRACE","Harcourt Terrace",53.3328,-6.25794,0,0,OPEN,"2025-02-22 20:13:14",1,0,{},5,15,3,2,0,2,20,5,15,3,2,0,2,20
41,dublin,"HARCOURT TERRACE","Harcourt Terrace",53.3328,-6.25794,0,0,OPEN,"2025-02-22 20:23:18",1,0,{},5,15,3,2,0,2,20,5,15,3,2,0,2,20
41,dublin,"HARCOURT TERRACE","Harcourt Terrace",53.3328,-6.25794,0,0,OPEN,"2025-02-22 20:33:22",1,0,{},5,15,3,2,0,2,20,5,15,3,2,0,2,20
41,dublin,"HARCOURT TERRACE","Harcourt Terrace",53.3328,-6.25794,0,0,OPEN,"2025-02-22 20:43:26",1,0,{},5,15,3,2,0,2,20,5,15,3,2,0,2,20
41,dublin,"HARCOURT TERRACE","Harcourt Terrace",53.3328,-6.25794,0,0,OPEN,"2025-02-22 20:53:30",1,0,{},5,15,3,2,0,2,20,5,15,3,2,0,2,20
41,dublin,"HARCOURT TERRACE","Harcourt Terrace",53.3328,-6.25794,0,0,OPEN,"2025-02-22 21:03:34",1,0,{},5,15,3,2,0,2,20,5,15,3,2,0,2,20
41,dublin,"HARCOURT TERRACE","Harcourt Terrace",53.3328,-6.25794,0,0,OPEN,"2025-02-22 21:13:38",1,0,{},5,15,3,2,0,2,20,5,15,3,2,0,2,20
41,dublin,"HARCOURT TERRACE","Harcourt Terrace",53.3328,-6.25794,0,0,OPEN,"2025-02-22 21:23:41",1,0,{},5,15,3,2,0,2,20,5,15,3,2,0,2,20
41,dublin,"HARCOURT TERRACE","Harcourt Terrace",53.3328,-6.25794,0,0,OPEN,"2025-02-22 21:33:45",1,0,{},5,15,3,2,0,2,20,5,15,3,2,0,2,20
41,dublin,"HARCOURT TERRACE","Harcourt Terrace",53.3328,-6.25794,0,0,OPEN,"2025-02-22 21:43:49",1,0,{},5,15,3,2,0,2,20,5,15,3,2,0,2,20
41,dublin,"HARCOURT TERRACE","Harcourt Terrace",53.3328,-6.25794,0,0,OPEN,"2025-02-22 21:53:53",1,0,{},5,15,3,2,0,2,20,5,15,3,2,0,2,20
41,dublin,"HARCOURT TERRACE","Harcourt Terrace",53.3328,-6.25794,0,0,OPEN,"2025-02-22 22:03:56",1,0,{},5,15,3,2,0,2,20,5,15,3,2,0,2,20
41,dublin,"HARCOURT TERRACE","Harcourt Terrace",53.3328,-6.25794,0,0,OPEN,"2025-02-22 22:14:00",1,0,{},5,15,3,2,0,2,20,5,15,3,2,0,2,20
42,dublin,"SMITHFIELD NORTH","Smithfield North",53.3496,-6.2782,0,0,OPEN,"2025-02-22 02:57:27",1,0,{},27,3,20,7,0,7,30,27,3,20,7,0,7,30
42,dublin,"SMITHFIELD NORTH","Smithfield North",53.3496,-6.2782,0,0,OPEN,"2025-02-22 03:07:31",1,0,{},27,3,20,7,0,7,30,27,3,20,7,0,7,30
42,dublin,"SMITHFIELD NORTH","Smithfield North",53.3496,-6.2782,0,0,OPEN,"2025-02-22 10:10:13",1,0,{},30,0,23,7,0,7,30,30,0,23,7,0,7,30
42,dublin,"SMITHFIELD NORTH","Smithfield North",53.3496,-6.2782,0,0,OPEN,"2025-02-22 10:20:17",1,0,{},30,0,23,7,0,7,30,30,0,23,7,0,7,30
42,dublin,"SMITHFIELD NORTH","Smithfield North",53.3496,-6.2782,0,0,OPEN,"2025-02-22 10:30:20",1,0,{},30,0,23,7,0,7,30,30,0,23,7,0,7,30
42,dublin,"SMITHFIELD NORTH","Smithfield North",53.3496,-6.2782,0,0,OPEN,"2025-02-22 10:41:07",1,0,{},30,0,23,7,0,7,30,30,0,23,7,0,7,30
42,dublin,"SMITHFIELD NORTH","Smithfield North",53.3496,-6.2782,0,0,OPEN,"2025-02-22 10:45:29",1,0,{},29,1,22,7,0,7,30,29,1,22,7,0,7,30
42,dublin,"SMITHFIELD NORTH","Smithfield North",53.3496,-6.2782,0,0,OPEN,"2025-02-22 10:53:30",1,0,{},30,0,22,8,0,8,30,30,0,22,8,0,8,30
42,dublin,"SMITHFIELD NORTH","Smithfield North",53.3496,-6.2782,0,0,OPEN,"2025-02-22 10:53:34",1,0,{},30,0,22,8,0,8,30,30,0,22,8,0,8,30
42,dublin,"SMITHFIELD NORTH","Smithfield North",53.3496,-6.2782,0,0,OPEN,"2025-02-22 11:00:33",1,0,{},30,0,22,8,0,8,30,30,0,22,8,0,8,30
42,dublin,"SMITHFIELD NORTH","Smithfield North",53.3496,-6.2782,0,0,OPEN,"2025-02-22 11:12:51",1,0,{},29,1,21,8,0,8,30,29,1,21,8,0,8,30
42,dublin,"SMITHFIELD NORTH","Smithfield North",53.3496,-6.2782,0,0,OPEN,"2025-02-22 11:20:41",1,0,{},29,1,21,8,0,8,30,29,1,21,8,0,8,30
42,dublin,"SMITHFIELD NORTH","Smithfield North",53.3496,-6.2782,0,0,OPEN,"2025-02-22 11:30:45",1,0,{},29,1,21,8,0,8,30,29,1,21,8,0,8,30
42,dublin,"SMITHFIELD NORTH","Smithfield North",53.3496,-6.2782,0,0,OPEN,"2025-02-22 11:40:49",1,0,{},29,1,21,8,0,8,30,29,1,21,8,0,8,30
42,dublin,"SMITHFIELD NORTH","Smithfield North",53.3496,-6.2782,0,0,OPEN,"2025-02-22 11:51:37",1,0,{},27,3,20,7,0,7,30,27,3,20,7,0,7,30
42,dublin,"SMITHFIELD NORTH","Smithfield North",53.3496,-6.2782,0,0,OPEN,"2025-02-22 12:00:59",1,0,{},27,3,20,7,0,7,30,27,3,20,7,0,7,30
42,dublin,"SMITHFIELD NORTH","Smithfield North",53.3496,-6.2782,0,0,OPEN,"2025-02-22 12:12:38",1,0,{},28,2,21,7,0,7,30,28,2,21,7,0,7,30
42,dublin,"SMITHFIELD NORTH","Smithfield North",53.3496,-6.2782,0,0,OPEN,"2025-02-22 12:21:59",1,0,{},27,3,20,7,0,7,30,27,3,20,7,0,7,30
42,dublin,"SMITHFIELD NORTH","Smithfield North",53.3496,-6.2782,0,0,OPEN,"2025-02-22 12:31:13",1,0,{},27,3,20,7,0,7,30,27,3,20,7,0,7,30
42,dublin,"SMITHFIELD NORTH","Smithfield North",53.3496,-6.2782,0,0,OPEN,"2025-02-22 12:38:10",1,0,{},29,1,22,7,0,7,30,29,1,22,7,0,7,30
42,dublin,"SMITHFIELD NORTH","Smithfield North",53.3496,-6.2782,0,0,OPEN,"2025-02-22 12:42:59",1,0,{},29,1,22,7,0,7,30,29,1,22,7,0,7,30
42,dublin,"SMITHFIELD NORTH","Smithfield North",53.3496,-6.2782,0,0,OPEN,"2025-02-22 12:45:40",1,0,{},30,0,22,8,0,8,30,30,0,22,8,0,8,30
42,dublin,"SMITHFIELD NORTH","Smithfield North",53.3496,-6.2782,0,0,OPEN,"2025-02-22 12:51:22",1,0,{},30,0,22,8,0,8,30,30,0,22,8,0,8,30
42,dublin,"SMITHFIELD NORTH","Smithfield North",53.3496,-6.2782,0,0,OPEN,"2025-02-22 13:02:20",1,0,{},28,2,22,6,0,6,30,28,2,22,6,0,6,30
42,dublin,"SMITHFIELD NORTH","Smithfield North",53.3496,-6.2782,0,0,OPEN,"2025-02-22 13:08:25",1,0,{},27,3,21,6,0,6,30,27,3,21,6,0,6,30
42,dublin,"SMITHFIELD NORTH","Smithfield North",53.3496,-6.2782,0,0,OPEN,"2025-02-22 13:11:35",1,0,{},28,2,21,7,0,7,30,28,2,21,7,0,7,30
42,dublin,"SMITHFIELD NORTH","Smithfield North",53.3496,-6.2782,0,0,OPEN,"2025-02-22 13:15:44",1,0,{},27,3,20,7,0,7,30,27,3,20,7,0,7,30
42,dublin,"SMITHFIELD NORTH","Smithfield North",53.3496,-6.2782,0,0,OPEN,"2025-02-22 13:21:41",1,0,{},27,3,20,7,0,7,30,27,3,20,7,0,7,30
42,dublin,"SMITHFIELD NORTH","Smithfield North",53.3496,-6.2782,0,0,OPEN,"2025-02-22 13:25:38",1,0,{},27,3,20,7,0,7,30,27,3,20,7,0,7,30
42,dublin,"SMITHFIELD NORTH","Smithfield North",53.3496,-6.2782,0,0,OPEN,"2025-02-22 13:31:46",1,0,{},27,3,20,7,0,7,30,27,3,20,7,0,7,30
42,dublin,"SMITHFIELD NORTH","Smithfield North",53.3496,-6.2782,0,0,OPEN,"2025-02-22 13:33:36",1,0,{},28,2,20,8,0,8,30,28,2,20,8,0,8,30
42,dublin,"SMITHFIELD NORTH","Smithfield North",53.3496,-6.2782,0,0,OPEN,"2025-02-22 13:41:49",1,0,{},28,2,20,8,0,8,30,28,2,20,8,0,8,30
42,dublin,"SMITHFIELD NORTH","Smithfield North",53.3496,-6.2782,0,0,OPEN,"2025-02-22 13:51:53",1,0,{},28,2,20,8,0,8,30,28,2,20,8,0,8,30
42,dublin,"SMITHFIELD NORTH","Smithfield North",53.3496,-6.2782,0,0,OPEN,"2025-02-22 14:01:56",1,0,{},28,2,20,8,0,8,30,28,2,20,8,0,8,30
42,dublin,"SMITHFIELD NORTH","Smithfield North",53.3496,-6.2782,0,0,OPEN,"2025-02-22 14:07:09",1,0,{},29,1,21,8,0,8,30,29,1,21,8,0,8,30
42,dublin,"SMITHFIELD NORTH","Smithfield North",53.3496,-6.2782,0,0,OPEN,"2025-02-22 14:12:58",1,0,{},30,0,21,9,0,9,30,30,0,21,9,0,9,30
42,dublin,"SMITHFIELD NORTH","Smithfield North",53.3496,-6.2782,0,0,OPEN,"2025-02-22 14:22:03",1,0,{},30,0,21,9,0,9,30,30,0,21,9,0,9,30
42,dublin,"SMITHFIELD NORTH","Smithfield North",53.3496,-6.2782,0,0,OPEN,"2025-02-22 14:27:41",1,0,{},27,3,18,9,0,9,30,27,3,18,9,0,9,30
42,dublin,"SMITHFIELD NORTH","Smithfield North",53.3496,-6.2782,0,0,OPEN,"2025-02-22 14:32:12",1,0,{},27,3,18,9,0,9,30,27,3,18,9,0,9,30
42,dublin,"SMITHFIELD NORTH","Smithfield North",53.3496,-6.2782,0,0,OPEN,"2025-02-22 14:35:43",1,0,{},26,4,18,8,0,8,30,26,4,18,8,0,8,30
42,dublin,"SMITHFIELD NORTH","Smithfield North",53.3496,-6.2782,0,0,OPEN,"2025-02-22 14:42:17",1,0,{},27,3,19,8,0,8,30,27,3,19,8,0,8,30
42,dublin,"SMITHFIELD NORTH","Smithfield North",53.3496,-6.2782,0,0,OPEN,"2025-02-22 14:46:01",1,0,{},26,4,18,8,0,8,30,26,4,18,8,0,8,30
42,dublin,"SMITHFIELD NORTH","Smithfield North",53.3496,-6.2782,0,0,OPEN,"2025-02-22 14:52:23",1,0,{},26,4,18,8,0,8,30,26,4,18,8,0,8,30
42,dublin,"SMITHFIELD NORTH","Smithfield North",53.3496,-6.2782,0,0,OPEN,"2025-02-22 14:55:43",1,0,{},27,3,18,9,0,9,30,27,3,18,9,0,9,30
42,dublin,"SMITHFIELD NORTH","Smithfield North",53.3496,-6.2782,0,0,OPEN,"2025-02-22 15:02:28",1,0,{},27,3,18,9,0,9,30,27,3,18,9,0,9,30
42,dublin,"SMITHFIELD NORTH","Smithfield North",53.3496,-6.2782,0,0,OPEN,"2025-02-22 15:07:45",1,0,{},26,4,17,9,0,9,30,26,4,17,9,0,9,30
42,dublin,"SMITHFIELD NORTH","Smithfield North",53.3496,-6.2782,0,0,OPEN,"2025-02-22 15:12:33",1,0,{},26,4,17,9,0,9,30,26,4,17,9,0,9,30
42,dublin,"SMITHFIELD NORTH","Smithfield North",53.3496,-6.2782,0,0,OPEN,"2025-02-22 15:22:38",1,0,{},27,3,18,9,0,9,30,27,3,18,9,0,9,30
42,dublin,"SMITHFIELD NORTH","Smithfield North",53.3496,-6.2782,0,0,OPEN,"2025-02-22 15:32:43",1,0,{},26,4,17,9,0,9,30,26,4,17,9,0,9,30
42,dublin,"SMITHFIELD NORTH","Smithfield North",53.3496,-6.2782,0,0,OPEN,"2025-02-22 15:38:32",1,0,{},25,5,16,9,0,9,30,25,5,16,9,0,9,30
42,dublin,"SMITHFIELD NORTH","Smithfield North",53.3496,-6.2782,0,0,OPEN,"2025-02-22 15:42:48",1,0,{},25,5,16,9,0,9,30,25,5,16,9,0,9,30
42,dublin,"SMITHFIELD NORTH","Smithfield North",53.3496,-6.2782,0,0,OPEN,"2025-02-22 15:52:54",1,0,{},27,3,18,9,0,9,30,27,3,18,9,0,9,30
42,dublin,"SMITHFIELD NORTH","Smithfield North",53.3496,-6.2782,0,0,OPEN,"2025-02-22 16:02:58",1,0,{},27,3,18,9,0,9,30,27,3,18,9,0,9,30
42,dublin,"SMITHFIELD NORTH","Smithfield North",53.3496,-6.2782,0,0,OPEN,"2025-02-22 16:05:18",1,0,{},28,2,19,9,0,9,30,28,2,19,9,0,9,30
42,dublin,"SMITHFIELD NORTH","Smithfield North",53.3496,-6.2782,0,0,OPEN,"2025-02-22 16:13:03",1,0,{},28,2,19,9,0,9,30,28,2,19,9,0,9,30
42,dublin,"SMITHFIELD NORTH","Smithfield North",53.3496,-6.2782,0,0,OPEN,"2025-02-22 16:16:04",1,0,{},30,0,21,9,0,9,30,30,0,21,9,0,9,30
42,dublin,"SMITHFIELD NORTH","Smithfield North",53.3496,-6.2782,0,0,OPEN,"2025-02-22 16:23:06",1,0,{},30,0,21,9,0,9,30,30,0,21,9,0,9,30
42,dublin,"SMITHFIELD NORTH","Smithfield North",53.3496,-6.2782,0,0,OPEN,"2025-02-22 16:33:10",1,0,{},29,1,20,9,0,9,30,29,1,20,9,0,9,30
42,dublin,"SMITHFIELD NORTH","Smithfield North",53.3496,-6.2782,0,0,OPEN,"2025-02-22 16:43:14",1,0,{},29,1,20,9,0,9,30,29,1,20,9,0,9,30
42,dublin,"SMITHFIELD NORTH","Smithfield North",53.3496,-6.2782,0,0,OPEN,"2025-02-22 16:48:31",1,0,{},30,0,21,9,0,9,30,30,0,21,9,0,9,30
42,dublin,"SMITHFIELD NORTH","Smithfield North",53.3496,-6.2782,0,0,OPEN,"2025-02-22 16:53:18",1,0,{},30,0,21,9,0,9,30,30,0,21,9,0,9,30
42,dublin,"SMITHFIELD NORTH","Smithfield North",53.3496,-6.2782,0,0,OPEN,"2025-02-22 16:57:57",1,0,{},29,1,21,8,0,8,30,29,1,21,8,0,8,30
42,dublin,"SMITHFIELD NORTH","Smithfield North",53.3496,-6.2782,0,0,OPEN,"2025-02-22 17:03:21",1,0,{},29,1,21,8,0,8,30,29,1,21,8,0,8,30
42,dublin,"SMITHFIELD NORTH","Smithfield North",53.3496,-6.2782,0,0,OPEN,"2025-02-22 17:13:29",1,0,{},29,1,22,7,0,7,30,29,1,22,7,0,7,30
42,dublin,"SMITHFIELD NORTH","Smithfield North",53.3496,-6.2782,0,0,OPEN,"2025-02-22 17:26:00",1,0,{},30,0,23,7,0,7,30,30,0,23,7,0,7,30
42,dublin,"SMITHFIELD NORTH","Smithfield North",53.3496,-6.2782,0,0,OPEN,"2025-02-22 17:33:36",1,0,{},30,0,23,7,0,7,30,30,0,23,7,0,7,30
42,dublin,"SMITHFIELD NORTH","Smithfield North",53.3496,-6.2782,0,0,OPEN,"2025-02-22 17:43:39",1,0,{},30,0,23,7,0,7,30,30,0,23,7,0,7,30
42,dublin,"SMITHFIELD NORTH","Smithfield North",53.3496,-6.2782,0,0,OPEN,"2025-02-22 17:53:43",1,0,{},30,0,23,7,0,7,30,30,0,23,7,0,7,30
42,dublin,"SMITHFIELD NORTH","Smithfield North",53.3496,-6.2782,0,0,OPEN,"2025-02-22 18:03:47",1,0,{},30,0,23,7,0,7,30,30,0,23,7,0,7,30
42,dublin,"SMITHFIELD NORTH","Smithfield North",53.3496,-6.2782,0,0,OPEN,"2025-02-22 18:13:50",1,0,{},30,0,23,7,0,7,30,30,0,23,7,0,7,30
42,dublin,"SMITHFIELD NORTH","Smithfield North",53.3496,-6.2782,0,0,OPEN,"2025-02-22 18:23:54",1,0,{},30,0,23,7,0,7,30,30,0,23,7,0,7,30
42,dublin,"SMITHFIELD NORTH","Smithfield North",53.3496,-6.2782,0,0,OPEN,"2025-02-22 18:33:57",1,0,{},30,0,23,7,0,7,30,30,0,23,7,0,7,30
42,dublin,"SMITHFIELD NORTH","Smithfield North",53.3496,-6.2782,0,0,OPEN,"2025-02-22 18:44:01",1,0,{},30,0,23,7,0,7,30,30,0,23,7,0,7,30
42,dublin,"SMITHFIELD NORTH","Smithfield North",53.3496,-6.2782,0,0,OPEN,"2025-02-22 18:54:05",1,0,{},30,0,23,7,0,7,30,30,0,23,7,0,7,30
42,dublin,"SMITHFIELD NORTH","Smithfield North",53.3496,-6.2782,0,0,OPEN,"2025-02-22 19:04:10",1,0,{},30,0,23,7,0,7,30,30,0,23,7,0,7,30
42,dublin,"SMITHFIELD NORTH","Smithfield North",53.3496,-6.2782,0,0,OPEN,"2025-02-22 19:14:13",1,0,{},30,0,23,7,0,7,30,30,0,23,7,0,7,30
42,dublin,"SMITHFIELD NORTH","Smithfield North",53.3496,-6.2782,0,0,OPEN,"2025-02-22 19:14:57",1,0,{},29,1,22,7,0,7,30,29,1,22,7,0,7,30
42,dublin,"SMITHFIELD NORTH","Smithfield North",53.3496,-6.2782,0,0,OPEN,"2025-02-22 19:24:19",1,0,{},28,2,21,7,0,7,30,28,2,21,7,0,7,30
42,dublin,"SMITHFIELD NORTH","Smithfield North",53.3496,-6.2782,0,0,OPEN,"2025-02-22 19:34:26",1,0,{},29,1,21,8,0,8,30,29,1,21,8,0,8,30
42,dublin,"SMITHFIELD NORTH","Smithfield North",53.3496,-6.2782,0,0,OPEN,"2025-02-22 19:44:30",1,0,{},29,1,21,8,0,8,30,29,1,21,8,0,8,30
42,dublin,"SMITHFIELD NORTH","Smithfield North",53.3496,-6.2782,0,0,OPEN,"2025-02-22 19:49:24",1,0,{},29,1,20,9,0,9,30,29,1,20,9,0,9,30
42,dublin,"SMITHFIELD NORTH","Smithfield North",53.3496,-6.2782,0,0,OPEN,"2025-02-22 19:54:36",1,0,{},29,1,20,9,0,9,30,29,1,20,9,0,9,30
42,dublin,"SMITHFIELD NORTH","Smithfield North",53.3496,-6.2782,0,0,OPEN,"2025-02-22 20:04:40",1,0,{},29,1,20,9,0,9,30,29,1,20,9,0,9,30
42,dublin,"SMITHFIELD NORTH","Smithfield North",53.3496,-6.2782,0,0,OPEN,"2025-02-22 20:14:44",1,0,{},29,1,20,9,0,9,30,29,1,20,9,0,9,30
42,dublin,"SMITHFIELD NORTH","Smithfield North",53.3496,-6.2782,0,0,OPEN,"2025-02-22 20:24:48",1,0,{},29,1,20,9,0,9,30,29,1,20,9,0,9,30
42,dublin,"SMITHFIELD NORTH","Smithfield North",53.3496,-6.2782,0,0,OPEN,"2025-02-22 20:34:52",1,0,{},29,1,20,9,0,9,30,29,1,20,9,0,9,30
42,dublin,"SMITHFIELD NORTH","Smithfield North",53.3496,-6.2782,0,0,OPEN,"2025-02-22 20:42:55",1,0,{},30,0,21,9,0,9,30,30,0,21,9,0,9,30
42,dublin,"SMITHFIELD NORTH","Smithfield North",53.3496,-6.2782,0,0,OPEN,"2025-02-22 20:44:56",1,0,{},30,0,21,9,0,9,30,30,0,21,9,0,9,30
42,dublin,"SMITHFIELD NORTH","Smithfield North",53.3496,-6.2782,0,0,OPEN,"2025-02-22 20:54:59",1,0,{},30,0,21,9,0,9,30,30,0,21,9,0,9,30
42,dublin,"SMITHFIELD NORTH","Smithfield North",53.3496,-6.2782,0,0,OPEN,"2025-02-22 21:05:03",1,0,{},30,0,21,9,0,9,30,30,0,21,9,0,9,30
42,dublin,"SMITHFIELD NORTH","Smithfield North",53.3496,-6.2782,0,0,OPEN,"2025-02-22 21:15:06",1,0,{},30,0,21,9,0,9,30,30,0,21,9,0,9,30
42,dublin,"SMITHFIELD NORTH","Smithfield North",53.3496,-6.2782,0,0,OPEN,"2025-02-22 21:25:09",1,0,{},30,0,21,9,0,9,30,30,0,21,9,0,9,30
42,dublin,"SMITHFIELD NORTH","Smithfield North",53.3496,-6.2782,0,0,OPEN,"2025-02-22 21:35:12",1,0,{},30,0,21,9,0,9,30,30,0,21,9,0,9,30
42,dublin,"SMITHFIELD NORTH","Smithfield North",53.3496,-6.2782,0,0,OPEN,"2025-02-22 21:42:51",1,0,{},30,0,21,9,0,9,30,30,0,21,9,0,9,30
42,dublin,"SMITHFIELD NORTH","Smithfield North",53.3496,-6.2782,0,0,OPEN,"2025-02-22 21:46:50",1,0,{},29,1,20,9,0,9,30,29,1,20,9,0,9,30
42,dublin,"SMITHFIELD NORTH","Smithfield North",53.3496,-6.2782,0,0,OPEN,"2025-02-22 21:55:21",1,0,{},29,1,20,9,0,9,30,29,1,20,9,0,9,30
42,dublin,"SMITHFIELD NORTH","Smithfield North",53.3496,-6.2782,0,0,OPEN,"2025-02-22 22:05:25",1,0,{},29,1,20,9,0,9,30,29,1,20,9,0,9,30
42,dublin,"SMITHFIELD NORTH","Smithfield North",53.3496,-6.2782,0,0,OPEN,"2025-02-22 22:15:28",1,0,{},29,1,20,9,0,9,30,29,1,20,9,0,9,30
43,dublin,"PORTOBELLO ROAD","Portobello Road",53.3301,-6.26804,0,0,OPEN,"2025-02-22 02:51:50",1,0,{},15,15,8,7,0,7,30,15,15,8,7,0,7,30
43,dublin,"PORTOBELLO ROAD","Portobello Road",53.3301,-6.26804,0,0,OPEN,"2025-02-22 03:12:01",1,0,{},15,15,8,7,0,7,30,15,15,8,7,0,7,30
43,dublin,"PORTOBELLO ROAD","Portobello Road",53.3301,-6.26804,0,0,OPEN,"2025-02-22 10:13:05",1,0,{},7,23,5,2,0,2,30,7,23,5,2,0,2,30
43,dublin,"PORTOBELLO ROAD","Portobello Road",53.3301,-6.26804,0,0,OPEN,"2025-02-22 10:23:12",1,0,{},6,24,4,2,0,2,30,6,24,4,2,0,2,30
43,dublin,"PORTOBELLO ROAD","Portobello Road",53.3301,-6.26804,0,0,OPEN,"2025-02-22 10:33:20",1,0,{},5,25,3,2,0,2,30,5,25,3,2,0,2,30
43,dublin,"PORTOBELLO ROAD","Portobello Road",53.3301,-6.26804,0,0,OPEN,"2025-02-22 10:36:55",1,0,{},2,28,0,2,0,2,30,2,28,0,2,0,2,30
43,dublin,"PORTOBELLO ROAD","Portobello Road",53.3301,-6.26804,0,0,OPEN,"2025-02-22 10:43:29",1,0,{},2,28,0,2,0,2,30,2,28,0,2,0,2,30
43,dublin,"PORTOBELLO ROAD","Portobello Road",53.3301,-6.26804,0,0,OPEN,"2025-02-22 10:52:33",1,0,{},1,29,0,1,0,1,30,1,29,0,1,0,1,30
43,dublin,"PORTOBELLO ROAD","Portobello Road",53.3301,-6.26804,0,0,OPEN,"2025-02-22 10:53:37",1,0,{},1,29,0,1,0,1,30,1,29,0,1,0,1,30
43,dublin,"PORTOBELLO ROAD","Portobello Road",53.3301,-6.26804,0,0,OPEN,"2025-02-22 11:05:05",1,0,{},3,27,1,2,0,2,30,3,27,1,2,0,2,30
43,dublin,"PORTOBELLO ROAD","Portobello Road",53.3301,-6.26804,0,0,OPEN,"2025-02-22 11:13:48",1,0,{},3,27,1,2,0,2,30,3,27,1,2,0,2,30
43,dublin,"PORTOBELLO ROAD","Portobello Road",53.3301,-6.26804,0,0,OPEN,"2025-02-22 11:26:02",1,0,{},1,29,0,1,0,1,30,1,29,0,1,0,1,30
43,dublin,"PORTOBELLO ROAD","Portobello Road",53.3301,-6.26804,0,0,OPEN,"2025-02-22 11:33:08",1,0,{},14,16,9,5,0,5,30,14,16,9,5,0,5,30
43,dublin,"PORTOBELLO ROAD","Portobello Road",53.3301,-6.26804,0,0,OPEN,"2025-02-22 11:35:39",1,0,{},15,15,8,7,0,7,30,15,15,8,7,0,7,30
43,dublin,"PORTOBELLO ROAD","Portobello Road",53.3301,-6.26804,0,0,OPEN,"2025-02-22 11:40:01",1,0,{},14,16,7,7,0,7,30,14,16,7,7,0,7,30
43,dublin,"PORTOBELLO ROAD","Portobello Road",53.3301,-6.26804,0,0,OPEN,"2025-02-22 11:44:17",1,0,{},14,16,7,7,0,7,30,14,16,7,7,0,7,30
43,dublin,"PORTOBELLO ROAD","Portobello Road",53.3301,-6.26804,0,0,OPEN,"2025-02-22 11:54:23",1,0,{},14,16,7,7,0,7,30,14,16,7,7,0,7,30
43,dublin,"PORTOBELLO ROAD","Portobello Road",53.3301,-6.26804,0,0,OPEN,"2025-02-22 12:02:50",1,0,{},14,16,7,7,0,7,30,14,16,7,7,0,7,30
43,dublin,"PORTOBELLO ROAD","Portobello Road",53.3301,-6.26804,0,0,OPEN,"2025-02-22 12:04:29",1,0,{},14,16,7,7,0,7,30,14,16,7,7,0,7,30
43,dublin,"PORTOBELLO ROAD","Portobello Road",53.3301,-6.26804,0,0,OPEN,"2025-02-22 12:14:35",1,0,{},14,16,7,7,0,7,30,14,16,7,7,0,7,30
43,dublin,"PORTOBELLO ROAD","Portobello Road",53.3301,-6.26804,0,0,OPEN,"2025-02-22 12:27:35",1,0,{},13,17,6,7,0,7,30,13,17,6,7,0,7,30
43,dublin,"PORTOBELLO ROAD","Portobello Road",53.3301,-6.26804,0,0,OPEN,"2025-02-22 12:29:42",1,0,{},13,17,6,7,0,7,30,13,17,6,7,0,7,30
43,dublin,"PORTOBELLO ROAD","Portobello Road",53.3301,-6.26804,0,0,OPEN,"2025-02-22 12:36:30",1,0,{},11,19,4,7,0,7,30,11,19,4,7,0,7,30
43,dublin,"PORTOBELLO ROAD","Portobello Road",53.3301,-6.26804,0,0,OPEN,"2025-02-22 12:45:04",1,0,{},10,20,3,7,0,7,30,10,20,3,7,0,7,30
43,dublin,"PORTOBELLO ROAD","Portobello Road",53.3301,-6.26804,0,0,OPEN,"2025-02-22 12:51:17",1,0,{},9,21,2,7,0,7,30,9,21,2,7,0,7,30
43,dublin,"PORTOBELLO ROAD","Portobello Road",53.3301,-6.26804,0,0,OPEN,"2025-02-22 12:55:08",1,0,{},9,21,2,7,0,7,30,9,21,2,7,0,7,30
43,dublin,"PORTOBELLO ROAD","Portobello Road",53.3301,-6.26804,0,0,OPEN,"2025-02-22 13:01:50",1,0,{},7,23,1,6,0,6,30,7,23,1,6,0,6,30
43,dublin,"PORTOBELLO ROAD","Portobello Road",53.3301,-6.26804,0,0,OPEN,"2025-02-22 13:08:26",1,0,{},5,25,0,5,0,5,30,5,25,0,5,0,5,30
43,dublin,"PORTOBELLO ROAD","Portobello Road",53.3301,-6.26804,0,0,OPEN,"2025-02-22 13:09:15",1,0,{},6,24,1,5,0,5,30,6,24,1,5,0,5,30
43,dublin,"PORTOBELLO ROAD","Portobello Road",53.3301,-6.26804,0,0,OPEN,"2025-02-22 13:15:25",1,0,{},6,24,1,5,0,5,30,6,24,1,5,0,5,30
43,dublin,"PORTOBELLO ROAD","Portobello Road",53.3301,-6.26804,0,0,OPEN,"2025-02-22 13:28:09",1,0,{},5,25,1,4,0,4,30,5,25,1,4,0,4,30
43,dublin,"PORTOBELLO ROAD","Portobello Road",53.3301,-6.26804,0,0,OPEN,"2025-02-22 13:38:26",1,0,{},5,25,1,4,0,4,30,5,25,1,4,0,4,30
43,dublin,"PORTOBELLO ROAD","Portobello Road",53.3301,-6.26804,0,0,OPEN,"2025-02-22 13:40:44",1,0,{},7,23,2,5,0,5,30,7,23,2,5,0,5,30
43,dublin,"PORTOBELLO ROAD","Portobello Road",53.3301,-6.26804,0,0,OPEN,"2025-02-22 13:45:48",1,0,{},7,23,2,5,0,5,30,7,23,2,5,0,5,30
43,dublin,"PORTOBELLO ROAD","Portobello Road",53.3301,-6.26804,0,0,OPEN,"2025-02-22 13:49:07",1,0,{},6,24,1,5,0,5,30,6,24,1,5,0,5,30
43,dublin,"PORTOBELLO ROAD","Portobello Road",53.3301,-6.26804,0,0,OPEN,"2025-02-22 13:55:57",1,0,{},5,25,1,4,0,4,30,5,25,1,4,0,4,30
43,dublin,"PORTOBELLO ROAD","Portobello Road",53.3301,-6.26804,0,0,OPEN,"2025-02-22 14:06:05",1,0,{},3,27,0,3,0,3,30,3,27,0,3,0,3,30
43,dublin,"PORTOBELLO ROAD","Portobello Road",53.3301,-6.26804,0,0,OPEN,"2025-02-22 14:16:11",1,0,{},3,27,0,3,0,3,30,3,27,0,3,0,3,30
43,dublin,"PORTOBELLO ROAD","Portobello Road",53.3301,-6.26804,0,0,OPEN,"2025-02-22 14:21:09",1,0,{},4,26,1,3,0,3,30,4,26,1,3,0,3,30
43,dublin,"PORTOBELLO ROAD","Portobello Road",53.3301,-6.26804,0,0,OPEN,"2025-02-22 14:26:20",1,0,{},2,28,0,2,0,2,30,2,28,0,2,0,2,30
43,dublin,"PORTOBELLO ROAD","Portobello Road",53.3301,-6.26804,0,0,OPEN,"2025-02-22 14:31:28",1,0,{},3,27,1,2,0,2,30,3,27,1,2,0,2,30
43,dublin,"PORTOBELLO ROAD","Portobello Road",53.3301,-6.26804,0,0,OPEN,"2025-02-22 14:36:28",1,0,{},2,28,1,1,0,1,30,2,28,1,1,0,1,30
43,dublin,"PORTOBELLO ROAD","Portobello Road",53.3301,-6.26804,0,0,OPEN,"2025-02-22 14:42:24",1,0,{},3,27,1,2,0,2,30,3,27,1,2,0,2,30
43,dublin,"PORTOBELLO ROAD","Portobello Road",53.3301,-6.26804,0,0,OPEN,"2025-02-22 14:46:34",1,0,{},3,27,1,2,0,2,30,3,27,1,2,0,2,30
43,dublin,"PORTOBELLO ROAD","Portobello Road",53.3301,-6.26804,0,0,OPEN,"2025-02-22 14:56:39",1,0,{},3,27,1,2,0,2,30,3,27,1,2,0,2,30
43,dublin,"PORTOBELLO ROAD","Portobello Road",53.3301,-6.26804,0,0,OPEN,"2025-02-22 15:06:44",1,0,{},3,27,1,2,0,2,30,3,27,1,2,0,2,30
43,dublin,"PORTOBELLO ROAD","Portobello Road",53.3301,-6.26804,0,0,OPEN,"2025-02-22 15:17:48",1,0,{},2,28,1,1,0,1,30,2,28,1,1,0,1,30
43,dublin,"PORTOBELLO ROAD","Portobello Road",53.3301,-6.26804,0,0,OPEN,"2025-02-22 15:26:59",1,0,{},2,28,1,1,0,1,30,2,28,1,1,0,1,30
43,dublin,"PORTOBELLO ROAD","Portobello Road",53.3301,-6.26804,0,0,OPEN,"2025-02-22 15:37:04",1,0,{},2,28,1,1,0,1,30,2,28,1,1,0,1,30
43,dublin,"PORTOBELLO ROAD","Portobello Road",53.3301,-6.26804,0,0,OPEN,"2025-02-22 15:41:46",1,0,{},3,27,2,1,0,1,30,3,27,2,1,0,1,30
43,dublin,"PORTOBELLO ROAD","Portobello Road",53.3301,-6.26804,0,0,OPEN,"2025-02-22 15:47:10",1,0,{},4,26,2,2,0,2,30,4,26,2,2,0,2,30
43,dublin,"PORTOBELLO ROAD","Portobello Road",53.3301,-6.26804,0,0,OPEN,"2025-02-22 15:48:54",1,0,{},3,27,2,1,0,1,30,3,27,2,1,0,1,30
43,dublin,"PORTOBELLO ROAD","Portobello Road",53.3301,-6.26804,0,0,OPEN,"2025-02-22 15:57:17",1,0,{},3,27,2,1,0,1,30,3,27,2,1,0,1,30
43,dublin,"PORTOBELLO ROAD","Portobello Road",53.3301,-6.26804,0,0,OPEN,"2025-02-22 16:00:46",1,0,{},4,26,3,1,0,1,30,4,26,3,1,0,1,30
43,dublin,"PORTOBELLO ROAD","Portobello Road",53.3301,-6.26804,0,0,OPEN,"2025-02-22 16:07:25",1,0,{},6,24,5,1,0,1,30,6,24,5,1,0,1,30
43,dublin,"PORTOBELLO ROAD","Portobello Road",53.3301,-6.26804,0,0,OPEN,"2025-02-22 16:17:32",1,0,{},5,25,4,1,0,1,30,5,25,4,1,0,1,30
43,dublin,"PORTOBELLO ROAD","Portobello Road",53.3301,-6.26804,0,0,OPEN,"2025-02-22 16:22:54",1,0,{},2,28,1,1,0,1,30,2,28,1,1,0,1,30
43,dublin,"PORTOBELLO ROAD","Portobello Road",53.3301,-6.26804,0,0,OPEN,"2025-02-22 16:27:44",1,0,{},2,28,1,1,0,1,30,2,28,1,1,0,1,30
43,dublin,"PORTOBELLO ROAD","Portobello Road",53.3301,-6.26804,0,0,OPEN,"2025-02-22 16:37:49",1,0,{},2,28,1,1,0,1,30,2,28,1,1,0,1,30
43,dublin,"PORTOBELLO ROAD","Portobello Road",53.3301,-6.26804,0,0,OPEN,"2025-02-22 16:47:54",1,0,{},2,28,1,1,0,1,30,2,28,1,1,0,1,30
43,dublin,"PORTOBELLO ROAD","Portobello Road",53.3301,-6.26804,0,0,OPEN,"2025-02-22 16:58:20",1,0,{},2,28,0,2,0,2,30,2,28,0,2,0,2,30
43,dublin,"PORTOBELLO ROAD","Portobello Road",53.3301,-6.26804,0,0,OPEN,"2025-02-22 17:08:09",1,0,{},2,28,0,2,0,2,30,2,28,0,2,0,2,30
43,dublin,"PORTOBELLO ROAD","Portobello Road",53.3301,-6.26804,0,0,OPEN,"2025-02-22 17:12:16",1,0,{},3,27,1,2,0,2,30,3,27,1,2,0,2,30
43,dublin,"PORTOBELLO ROAD","Portobello Road",53.3301,-6.26804,0,0,OPEN,"2025-02-22 17:18:20",1,0,{},2,28,1,1,0,1,30,2,28,1,1,0,1,30
43,dublin,"PORTOBELLO ROAD","Portobello Road",53.3301,-6.26804,0,0,OPEN,"2025-02-22 17:18:58",1,0,{},2,28,1,1,0,1,30,2,28,1,1,0,1,30
43,dublin,"PORTOBELLO ROAD","Portobello Road",53.3301,-6.26804,0,0,OPEN,"2025-02-22 17:28:23",1,0,{},2,28,1,1,0,1,30,2,28,1,1,0,1,30
43,dublin,"PORTOBELLO ROAD","Portobello Road",53.3301,-6.26804,0,0,OPEN,"2025-02-22 17:38:29",1,0,{},2,28,1,1,0,1,30,2,28,1,1,0,1,30
43,dublin,"PORTOBELLO ROAD","Portobello Road",53.3301,-6.26804,0,0,OPEN,"2025-02-22 17:47:33",1,0,{},3,27,2,1,0,1,30,3,27,2,1,0,1,30
43,dublin,"PORTOBELLO ROAD","Portobello Road",53.3301,-6.26804,0,0,OPEN,"2025-02-22 17:48:35",1,0,{},3,27,2,1,0,1,30,3,27,2,1,0,1,30
43,dublin,"PORTOBELLO ROAD","Portobello Road",53.3301,-6.26804,0,0,OPEN,"2025-02-22 17:58:40",1,0,{},3,27,2,1,0,1,30,3,27,2,1,0,1,30
43,dublin,"PORTOBELLO ROAD","Portobello Road",53.3301,-6.26804,0,0,OPEN,"2025-02-22 18:05:25",1,0,{},4,26,3,1,0,1,30,4,26,3,1,0,1,30
43,dublin,"PORTOBELLO ROAD","Portobello Road",53.3301,-6.26804,0,0,OPEN,"2025-02-22 18:08:49",1,0,{},3,27,2,1,0,1,30,3,27,2,1,0,1,30
43,dublin,"PORTOBELLO ROAD","Portobello Road",53.3301,-6.26804,0,0,OPEN,"2025-02-22 18:16:59",1,0,{},4,26,2,2,0,2,30,4,26,2,2,0,2,30
43,dublin,"PORTOBELLO ROAD","Portobello Road",53.3301,-6.26804,0,0,OPEN,"2025-02-22 18:18:52",1,0,{},4,26,2,2,0,2,30,4,26,2,2,0,2,30
43,dublin,"PORTOBELLO ROAD","Portobello Road",53.3301,-6.26804,0,0,OPEN,"2025-02-22 18:28:58",1,0,{},4,26,2,2,0,2,30,4,26,2,2,0,2,30
43,dublin,"PORTOBELLO ROAD","Portobello Road",53.3301,-6.26804,0,0,OPEN,"2025-02-22 18:39:03",1,0,{},4,26,2,2,0,2,30,4,26,2,2,0,2,30
43,dublin,"PORTOBELLO ROAD","Portobello Road",53.3301,-6.26804,0,0,OPEN,"2025-02-22 18:49:12",1,0,{},3,27,1,2,0,2,30,3,27,1,2,0,2,30
43,dublin,"PORTOBELLO ROAD","Portobello Road",53.3301,-6.26804,0,0,OPEN,"2025-02-22 18:59:19",1,0,{},3,27,0,3,0,3,30,3,27,0,3,0,3,30
43,dublin,"PORTOBELLO ROAD","Portobello Road",53.3301,-6.26804,0,0,OPEN,"2025-02-22 19:09:27",1,0,{},2,28,0,2,0,2,30,2,28,0,2,0,2,30
43,dublin,"PORTOBELLO ROAD","Portobello Road",53.3301,-6.26804,0,0,OPEN,"2025-02-22 19:18:01",1,0,{},2,28,0,2,0,2,30,2,28,0,2,0,2,30
43,dublin,"PORTOBELLO ROAD","Portobello Road",53.3301,-6.26804,0,0,OPEN,"2025-02-22 19:19:36",1,0,{},2,28,0,2,0,2,30,2,28,0,2,0,2,30
43,dublin,"PORTOBELLO ROAD","Portobello Road",53.3301,-6.26804,0,0,OPEN,"2025-02-22 19:31:28",1,0,{},3,27,0,3,0,3,30,3,27,0,3,0,3,30
43,dublin,"PORTOBELLO ROAD","Portobello Road",53.3301,-6.26804,0,0,OPEN,"2025-02-22 19:39:47",1,0,{},3,27,0,3,0,3,30,3,27,0,3,0,3,30
43,dublin,"PORTOBELLO ROAD","Portobello Road",53.3301,-6.26804,0,0,OPEN,"2025-02-22 19:51:23",1,0,{},2,28,0,2,0,2,30,2,28,0,2,0,2,30
43,dublin,"PORTOBELLO ROAD","Portobello Road",53.3301,-6.26804,0,0,OPEN,"2025-02-22 20:03:26",1,0,{},1,29,0,1,0,1,30,1,29,0,1,0,1,30
43,dublin,"PORTOBELLO ROAD","Portobello Road",53.3301,-6.26804,0,0,OPEN,"2025-02-22 20:10:17",1,0,{},0,30,0,0,0,0,30,0,30,0,0,0,0,30
43,dublin,"PORTOBELLO ROAD","Portobello Road",53.3301,-6.26804,0,0,OPEN,"2025-02-22 20:20:13",1,0,{},0,30,0,0,0,0,30,0,30,0,0,0,0,30
43,dublin,"PORTOBELLO ROAD","Portobello Road",53.3301,-6.26804,0,0,OPEN,"2025-02-22 20:30:18",1,0,{},0,30,0,0,0,0,30,0,30,0,0,0,0,30
43,dublin,"PORTOBELLO ROAD","Portobello Road",53.3301,-6.26804,0,0,OPEN,"2025-02-22 20:40:23",1,0,{},0,30,0,0,0,0,30,0,30,0,0,0,0,30
43,dublin,"PORTOBELLO ROAD","Portobello Road",53.3301,-6.26804,0,0,OPEN,"2025-02-22 20:50:29",1,0,{},0,30,0,0,0,0,30,0,30,0,0,0,0,30
43,dublin,"PORTOBELLO ROAD","Portobello Road",53.3301,-6.26804,0,0,OPEN,"2025-02-22 21:00:34",1,0,{},0,30,0,0,0,0,30,0,30,0,0,0,0,30
43,dublin,"PORTOBELLO ROAD","Portobello Road",53.3301,-6.26804,0,0,OPEN,"2025-02-22 21:10:39",1,0,{},0,30,0,0,0,0,30,0,30,0,0,0,0,30
43,dublin,"PORTOBELLO ROAD","Portobello Road",53.3301,-6.26804,0,0,OPEN,"2025-02-22 21:20:45",1,0,{},0,30,0,0,0,0,30,0,30,0,0,0,0,30
43,dublin,"PORTOBELLO ROAD","Portobello Road",53.3301,-6.26804,0,0,OPEN,"2025-02-22 21:30:50",1,0,{},0,30,0,0,0,0,30,0,30,0,0,0,0,30
43,dublin,"PORTOBELLO ROAD","Portobello Road",53.3301,-6.26804,0,0,OPEN,"2025-02-22 21:40:55",1,0,{},0,30,0,0,0,0,30,0,30,0,0,0,0,30
43,dublin,"PORTOBELLO ROAD","Portobello Road",53.3301,-6.26804,0,0,OPEN,"2025-02-22 21:51:01",1,0,{},0,30,0,0,0,0,30,0,30,0,0,0,0,30
43,dublin,"PORTOBELLO ROAD","Portobello Road",53.3301,-6.26804,0,0,OPEN,"2025-02-22 22:01:06",1,0,{},0,30,0,0,0,0,30,0,30,0,0,0,0,30
43,dublin,"PORTOBELLO ROAD","Portobello Road",53.3301,-6.26804,0,0,OPEN,"2025-02-22 22:11:11",1,0,{},0,30,0,0,0,0,30,0,30,0,0,0,0,30
44,dublin,"UPPER SHERRARD STREET","Upper Sherrard Street",53.3584,-6.26064,0,0,OPEN,"2025-02-22 02:59:05",1,0,{},10,20,6,4,0,4,30,10,20,6,4,0,4,30
44,dublin,"UPPER SHERRARD STREET","Upper Sherrard Street",53.3584,-6.26064,0,0,OPEN,"2025-02-22 03:11:11",1,0,{},10,20,6,4,0,4,30,10,20,6,4,0,4,30
44,dublin,"UPPER SHERRARD STREET","Upper Sherrard Street",53.3584,-6.26064,0,0,OPEN,"2025-02-22 10:12:53",1,0,{},1,29,1,0,0,0,30,1,29,1,0,0,0,30
44,dublin,"UPPER SHERRARD STREET","Upper Sherrard Street",53.3584,-6.26064,0,0,OPEN,"2025-02-22 10:23:01",1,0,{},0,30,0,0,0,0,30,0,30,0,0,0,0,30
44,dublin,"UPPER SHERRARD STREET","Upper Sherrard Street",53.3584,-6.26064,0,0,OPEN,"2025-02-22 10:33:06",1,0,{},0,30,0,0,0,0,30,0,30,0,0,0,0,30
44,dublin,"UPPER SHERRARD STREET","Upper Sherrard Street",53.3584,-6.26064,0,0,OPEN,"2025-02-22 10:43:11",1,0,{},0,30,0,0,0,0,30,0,30,0,0,0,0,30
44,dublin,"UPPER SHERRARD STREET","Upper Sherrard Street",53.3584,-6.26064,0,0,OPEN,"2025-02-22 10:53:17",1,0,{},0,30,0,0,0,0,30,0,30,0,0,0,0,30
44,dublin,"UPPER SHERRARD STREET","Upper Sherrard Street",53.3584,-6.26064,0,0,OPEN,"2025-02-22 11:03:22",1,0,{},0,30,0,0,0,0,30,0,30,0,0,0,0,30
44,dublin,"UPPER SHERRARD STREET","Upper Sherrard Street",53.3584,-6.26064,0,0,OPEN,"2025-02-22 11:07:32",1,0,{},1,29,1,0,0,0,30,1,29,1,0,0,0,30
44,dublin,"UPPER SHERRARD STREET","Upper Sherrard Street",53.3584,-6.26064,0,0,OPEN,"2025-02-22 11:13:29",1,0,{},1,29,1,0,0,0,30,1,29,1,0,0,0,30
44,dublin,"UPPER SHERRARD STREET","Upper Sherrard Street",53.3584,-6.26064,0,0,OPEN,"2025-02-22 11:23:35",1,0,{},1,29,1,0,0,0,30,1,29,1,0,0,0,30
44,dublin,"UPPER SHERRARD STREET","Upper Sherrard Street",53.3584,-6.26064,0,0,OPEN,"2025-02-22 11:37:38",1,0,{},0,30,0,0,0,0,30,0,30,0,0,0,0,30
44,dublin,"UPPER SHERRARD STREET","Upper Sherrard Street",53.3584,-6.26064,0,0,OPEN,"2025-02-22 11:47:55",1,0,{},1,29,1,0,0,0,30,1,29,1,0,0,0,30
44,dublin,"UPPER SHERRARD STREET","Upper Sherrard Street",53.3584,-6.26064,0,0,OPEN,"2025-02-22 11:53:51",1,0,{},1,29,1,0,0,0,30,1,29,1,0,0,0,30
44,dublin,"UPPER SHERRARD STREET","Upper Sherrard Street",53.3584,-6.26064,0,0,OPEN,"2025-02-22 12:03:57",1,0,{},1,29,1,0,0,0,30,1,29,1,0,0,0,30
44,dublin,"UPPER SHERRARD STREET","Upper Sherrard Street",53.3584,-6.26064,0,0,OPEN,"2025-02-22 12:14:02",1,0,{},1,29,1,0,0,0,30,1,29,1,0,0,0,30
44,dublin,"UPPER SHERRARD STREET","Upper Sherrard Street",53.3584,-6.26064,0,0,OPEN,"2025-02-22 12:24:08",1,0,{},1,29,1,0,0,0,30,1,29,1,0,0,0,30
44,dublin,"UPPER SHERRARD STREET","Upper Sherrard Street",53.3584,-6.26064,0,0,OPEN,"2025-02-22 12:33:15",1,0,{},0,30,0,0,0,0,30,0,30,0,0,0,0,30
44,dublin,"UPPER SHERRARD STREET","Upper Sherrard Street",53.3584,-6.26064,0,0,OPEN,"2025-02-22 12:34:14",1,0,{},0,30,0,0,0,0,30,0,30,0,0,0,0,30
44,dublin,"UPPER SHERRARD STREET","Upper Sherrard Street",53.3584,-6.26064,0,0,OPEN,"2025-02-22 12:44:19",1,0,{},0,30,0,0,0,0,30,0,30,0,0,0,0,30
44,dublin,"UPPER SHERRARD STREET","Upper Sherrard Street",53.3584,-6.26064,0,0,OPEN,"2025-02-22 12:54:24",1,0,{},0,30,0,0,0,0,30,0,30,0,0,0,0,30
44,dublin,"UPPER SHERRARD STREET","Upper Sherrard Street",53.3584,-6.26064,0,0,OPEN,"2025-02-22 13:04:30",1,0,{},0,30,0,0,0,0,30,0,30,0,0,0,0,30
44,dublin,"UPPER SHERRARD STREET","Upper Sherrard Street",53.3584,-6.26064,0,0,OPEN,"2025-02-22 13:14:35",1,0,{},0,30,0,0,0,0,30,0,30,0,0,0,0,30
44,dublin,"UPPER SHERRARD STREET","Upper Sherrard Street",53.3584,-6.26064,0,0,OPEN,"2025-02-22 13:24:41",1,0,{},0,30,0,0,0,0,30,0,30,0,0,0,0,30
44,dublin,"UPPER SHERRARD STREET","Upper Sherrard Street",53.3584,-6.26064,0,0,OPEN,"2025-02-22 13:34:46",1,0,{},0,30,0,0,0,0,30,0,30,0,0,0,0,30
44,dublin,"UPPER SHERRARD STREET","Upper Sherrard Street",53.3584,-6.26064,0,0,OPEN,"2025-02-22 13:44:51",1,0,{},0,30,0,0,0,0,30,0,30,0,0,0,0,30
44,dublin,"UPPER SHERRARD STREET","Upper Sherrard Street",53.3584,-6.26064,0,0,OPEN,"2025-02-22 13:54:56",1,0,{},0,30,0,0,0,0,30,0,30,0,0,0,0,30
44,dublin,"UPPER SHERRARD STREET","Upper Sherrard Street",53.3584,-6.26064,0,0,OPEN,"2025-02-22 14:05:02",1,0,{},0,30,0,0,0,0,30,0,30,0,0,0,0,30
44,dublin,"UPPER SHERRARD STREET","Upper Sherrard Street",53.3584,-6.26064,0,0,OPEN,"2025-02-22 14:15:07",1,0,{},0,30,0,0,0,0,30,0,30,0,0,0,0,30
44,dublin,"UPPER SHERRARD STREET","Upper Sherrard Street",53.3584,-6.26064,0,0,OPEN,"2025-02-22 14:25:13",1,0,{},0,30,0,0,0,0,30,0,30,0,0,0,0,30
44,dublin,"UPPER SHERRARD STREET","Upper Sherrard Street",53.3584,-6.26064,0,0,OPEN,"2025-02-22 14:35:18",1,0,{},0,30,0,0,0,0,30,0,30,0,0,0,0,30
44,dublin,"UPPER SHERRARD STREET","Upper Sherrard Street",53.3584,-6.26064,0,0,OPEN,"2025-02-22 14:45:23",1,0,{},0,30,0,0,0,0,30,0,30,0,0,0,0,30
44,dublin,"UPPER SHERRARD STREET","Upper Sherrard Street",53.3584,-6.26064,0,0,OPEN,"2025-02-22 14:55:28",1,0,{},0,30,0,0,0,0,30,0,30,0,0,0,0,30
44,dublin,"UPPER SHERRARD STREET","Upper Sherrard Street",53.3584,-6.26064,0,0,OPEN,"2025-02-22 15:05:34",1,0,{},0,30,0,0,0,0,30,0,30,0,0,0,0,30
44,dublin,"UPPER SHERRARD STREET","Upper Sherrard Street",53.3584,-6.26064,0,0,OPEN,"2025-02-22 15:15:39",1,0,{},0,30,0,0,0,0,30,0,30,0,0,0,0,30
44,dublin,"UPPER SHERRARD STREET","Upper Sherrard Street",53.3584,-6.26064,0,0,OPEN,"2025-02-22 15:25:44",1,0,{},0,30,0,0,0,0,30,0,30,0,0,0,0,30
44,dublin,"UPPER SHERRARD STREET","Upper Sherrard Street",53.3584,-6.26064,0,0,OPEN,"2025-02-22 15:35:50",1,0,{},0,30,0,0,0,0,30,0,30,0,0,0,0,30
44,dublin,"UPPER SHERRARD STREET","Upper Sherrard Street",53.3584,-6.26064,0,0,OPEN,"2025-02-22 15:38:50",1,0,{},1,29,0,1,0,1,30,1,29,0,1,0,1,30
44,dublin,"UPPER SHERRARD STREET","Upper Sherrard Street",53.3584,-6.26064,0,0,OPEN,"2025-02-22 15:45:55",1,0,{},1,29,0,1,0,1,30,1,29,0,1,0,1,30
44,dublin,"UPPER SHERRARD STREET","Upper Sherrard Street",53.3584,-6.26064,0,0,OPEN,"2025-02-22 15:48:36",1,0,{},2,28,1,1,0,1,30,2,28,1,1,0,1,30
44,dublin,"UPPER SHERRARD STREET","Upper Sherrard Street",53.3584,-6.26064,0,0,OPEN,"2025-02-22 15:56:01",1,0,{},2,28,1,1,0,1,30,2,28,1,1,0,1,30
44,dublin,"UPPER SHERRARD STREET","Upper Sherrard Street",53.3584,-6.26064,0,0,OPEN,"2025-02-22 16:03:13",1,0,{},1,29,0,1,0,1,30,1,29,0,1,0,1,30
44,dublin,"UPPER SHERRARD STREET","Upper Sherrard Street",53.3584,-6.26064,0,0,OPEN,"2025-02-22 16:06:09",1,0,{},1,29,0,1,0,1,30,1,29,0,1,0,1,30
44,dublin,"UPPER SHERRARD STREET","Upper Sherrard Street",53.3584,-6.26064,0,0,OPEN,"2025-02-22 16:08:59",1,0,{},0,30,0,0,0,0,30,0,30,0,0,0,0,30
44,dublin,"UPPER SHERRARD STREET","Upper Sherrard Street",53.3584,-6.26064,0,0,OPEN,"2025-02-22 16:16:15",1,0,{},0,30,0,0,0,0,30,0,30,0,0,0,0,30
44,dublin,"UPPER SHERRARD STREET","Upper Sherrard Street",53.3584,-6.26064,0,0,OPEN,"2025-02-22 16:20:52",1,0,{},1,29,0,1,0,1,30,1,29,0,1,0,1,30
44,dublin,"UPPER SHERRARD STREET","Upper Sherrard Street",53.3584,-6.26064,0,0,OPEN,"2025-02-22 16:26:21",1,0,{},1,29,0,1,0,1,30,1,29,0,1,0,1,30
44,dublin,"UPPER SHERRARD STREET","Upper Sherrard Street",53.3584,-6.26064,0,0,OPEN,"2025-02-22 16:32:00",1,0,{},2,28,1,1,0,1,30,2,28,1,1,0,1,30
44,dublin,"UPPER SHERRARD STREET","Upper Sherrard Street",53.3584,-6.26064,0,0,OPEN,"2025-02-22 16:36:28",1,0,{},2,28,1,1,0,1,30,2,28,1,1,0,1,30
44,dublin,"UPPER SHERRARD STREET","Upper Sherrard Street",53.3584,-6.26064,0,0,OPEN,"2025-02-22 16:42:20",1,0,{},1,29,0,1,0,1,30,1,29,0,1,0,1,30
44,dublin,"UPPER SHERRARD STREET","Upper Sherrard Street",53.3584,-6.26064,0,0,OPEN,"2025-02-22 16:46:34",1,0,{},1,29,0,1,0,1,30,1,29,0,1,0,1,30
44,dublin,"UPPER SHERRARD STREET","Upper Sherrard Street",53.3584,-6.26064,0,0,OPEN,"2025-02-22 16:48:54",1,0,{},2,28,1,1,0,1,30,2,28,1,1,0,1,30
44,dublin,"UPPER SHERRARD STREET","Upper Sherrard Street",53.3584,-6.26064,0,0,OPEN,"2025-02-22 16:57:34",1,0,{},0,30,0,0,0,0,30,0,30,0,0,0,0,30
44,dublin,"UPPER SHERRARD STREET","Upper Sherrard Street",53.3584,-6.26064,0,0,OPEN,"2025-02-22 17:06:47",1,0,{},0,30,0,0,0,0,30,0,30,0,0,0,0,30
44,dublin,"UPPER SHERRARD STREET","Upper Sherrard Street",53.3584,-6.26064,0,0,OPEN,"2025-02-22 17:16:52",1,0,{},0,30,0,0,0,0,30,0,30,0,0,0,0,30
44,dublin,"UPPER SHERRARD STREET","Upper Sherrard Street",53.3584,-6.26064,0,0,OPEN,"2025-02-22 17:26:57",1,0,{},0,30,0,0,0,0,30,0,30,0,0,0,0,30
44,dublin,"UPPER SHERRARD STREET","Upper Sherrard Street",53.3584,-6.26064,0,0,OPEN,"2025-02-22 17:37:04",1,0,{},1,29,0,1,0,1,30,1,29,0,1,0,1,30
44,dublin,"UPPER SHERRARD STREET","Upper Sherrard Street",53.3584,-6.26064,0,0,OPEN,"2025-02-22 17:47:10",1,0,{},1,29,0,1,0,1,30,1,29,0,1,0,1,30
44,dublin,"UPPER SHERRARD STREET","Upper Sherrard Street",53.3584,-6.26064,0,0,OPEN,"2025-02-22 17:57:16",1,0,{},0,30,0,0,0,0,30,0,30,0,0,0,0,30
44,dublin,"UPPER SHERRARD STREET","Upper Sherrard Street",53.3584,-6.26064,0,0,OPEN,"2025-02-22 18:07:21",1,0,{},0,30,0,0,0,0,30,0,30,0,0,0,0,30
44,dublin,"UPPER SHERRARD STREET","Upper Sherrard Street",53.3584,-6.26064,0,0,OPEN,"2025-02-22 18:17:26",1,0,{},0,30,0,0,0,0,30,0,30,0,0,0,0,30
44,dublin,"UPPER SHERRARD STREET","Upper Sherrard Street",53.3584,-6.26064,0,0,OPEN,"2025-02-22 18:27:32",1,0,{},0,30,0,0,0,0,30,0,30,0,0,0,0,30
44,dublin,"UPPER SHERRARD STREET","Upper Sherrard Street",53.3584,-6.26064,0,0,OPEN,"2025-02-22 18:37:37",1,0,{},0,30,0,0,0,0,30,0,30,0,0,0,0,30
44,dublin,"UPPER SHERRARD STREET","Upper Sherrard Street",53.3584,-6.26064,0,0,OPEN,"2025-02-22 18:47:42",1,0,{},0,30,0,0,0,0,30,0,30,0,0,0,0,30
44,dublin,"UPPER SHERRARD STREET","Upper Sherrard Street",53.3584,-6.26064,0,0,OPEN,"2025-02-22 18:57:47",1,0,{},0,30,0,0,0,0,30,0,30,0,0,0,0,30
44,dublin,"UPPER SHERRARD STREET","Upper Sherrard Street",53.3584,-6.26064,0,0,OPEN,"2025-02-22 19:07:53",1,0,{},0,30,0,0,0,0,30,0,30,0,0,0,0,30
44,dublin,"UPPER SHERRARD STREET","Upper Sherrard Street",53.3584,-6.26064,0,0,OPEN,"2025-02-22 19:17:59",1,0,{},0,30,0,0,0,0,30,0,30,0,0,0,0,30
44,dublin,"UPPER SHERRARD STREET","Upper Sherrard Street",53.3584,-6.26064,0,0,OPEN,"2025-02-22 19:21:02",1,0,{},1,29,1,0,0,0,30,1,29,1,0,0,0,30
44,dublin,"UPPER SHERRARD STREET","Upper Sherrard Street",53.3584,-6.26064,0,0,OPEN,"2025-02-22 19:28:05",1,0,{},1,29,1,0,0,0,30,1,29,1,0,0,0,30
44,dublin,"UPPER SHERRARD STREET","Upper Sherrard Street",53.3584,-6.26064,0,0,OPEN,"2025-02-22 19:38:11",1,0,{},2,28,2,0,0,0,30,2,28,2,0,0,0,30
44,dublin,"UPPER SHERRARD STREET","Upper Sherrard Street",53.3584,-6.26064,0,0,OPEN,"2025-02-22 19:48:56",1,0,{},0,30,0,0,0,0,30,0,30,0,0,0,0,30
44,dublin,"UPPER SHERRARD STREET","Upper Sherrard Street",53.3584,-6.26064,0,0,OPEN,"2025-02-22 19:58:26",1,0,{},1,29,0,1,0,1,30,1,29,0,1,0,1,30
44,dublin,"UPPER SHERRARD STREET","Upper Sherrard Street",53.3584,-6.26064,0,0,OPEN,"2025-02-22 20:08:31",1,0,{},1,29,0,1,0,1,30,1,29,0,1,0,1,30
44,dublin,"UPPER SHERRARD STREET","Upper Sherrard Street",53.3584,-6.26064,0,0,OPEN,"2025-02-22 20:18:36",1,0,{},1,29,0,1,0,1,30,1,29,0,1,0,1,30
44,dublin,"UPPER SHERRARD STREET","Upper Sherrard Street",53.3584,-6.26064,0,0,OPEN,"2025-02-22 20:24:12",1,0,{},2,28,1,1,0,1,30,2,28,1,1,0,1,30
44,dublin,"UPPER SHERRARD STREET","Upper Sherrard Street",53.3584,-6.26064,0,0,OPEN,"2025-02-22 20:28:41",1,0,{},3,27,2,1,0,1,30,3,27,2,1,0,1,30
44,dublin,"UPPER SHERRARD STREET","Upper Sherrard Street",53.3584,-6.26064,0,0,OPEN,"2025-02-22 20:38:47",1,0,{},4,26,3,1,0,1,30,4,26,3,1,0,1,30
44,dublin,"UPPER SHERRARD STREET","Upper Sherrard Street",53.3584,-6.26064,0,0,OPEN,"2025-02-22 20:48:52",1,0,{},4,26,3,1,0,1,30,4,26,3,1,0,1,30
44,dublin,"UPPER SHERRARD STREET","Upper Sherrard Street",53.3584,-6.26064,0,0,OPEN,"2025-02-22 20:58:59",1,0,{},3,27,2,1,0,1,30,3,27,2,1,0,1,30
44,dublin,"UPPER SHERRARD STREET","Upper Sherrard Street",53.3584,-6.26064,0,0,OPEN,"2025-02-22 21:09:04",1,0,{},3,27,2,1,0,1,30,3,27,2,1,0,1,30
44,dublin,"UPPER SHERRARD STREET","Upper Sherrard Street",53.3584,-6.26064,0,0,OPEN,"2025-02-22 21:19:10",1,0,{},3,27,2,1,0,1,30,3,27,2,1,0,1,30
44,dublin,"UPPER SHERRARD STREET","Upper Sherrard Street",53.3584,-6.26064,0,0,OPEN,"2025-02-22 21:29:15",1,0,{},3,27,2,1,0,1,30,3,27,2,1,0,1,30
44,dublin,"UPPER SHERRARD STREET","Upper Sherrard Street",53.3584,-6.26064,0,0,OPEN,"2025-02-22 21:39:21",1,0,{},3,27,2,1,0,1,30,3,27,2,1,0,1,30
44,dublin,"UPPER SHERRARD STREET","Upper Sherrard Street",53.3584,-6.26064,0,0,OPEN,"2025-02-22 21:40:19",1,0,{},4,26,3,1,0,1,30,4,26,3,1,0,1,30
44,dublin,"UPPER SHERRARD STREET","Upper Sherrard Street",53.3584,-6.26064,0,0,OPEN,"2025-02-22 21:49:27",1,0,{},4,26,3,1,0,1,30,4,26,3,1,0,1,30
44,dublin,"UPPER SHERRARD STREET","Upper Sherrard Street",53.3584,-6.26064,0,0,OPEN,"2025-02-22 21:59:32",1,0,{},4,26,3,1,0,1,30,4,26,3,1,0,1,30
44,dublin,"UPPER SHERRARD STREET","Upper Sherrard Street",53.3584,-6.26064,0,0,OPEN,"2025-02-22 22:09:37",1,0,{},4,26,3,1,0,1,30,4,26,3,1,0,1,30
45,dublin,"DEVERELL PLACE","Deverell Place",53.3515,-6.25527,0,0,OPEN,"2025-02-22 02:59:34",1,0,{},26,4,20,6,0,6,30,26,4,20,6,0,6,30
45,dublin,"DEVERELL PLACE","Deverell Place",53.3515,-6.25527,0,0,OPEN,"2025-02-22 03:09:38",1,0,{},26,4,20,6,0,6,30,26,4,20,6,0,6,30
45,dublin,"DEVERELL PLACE","Deverell Place",53.3515,-6.25527,0,0,OPEN,"2025-02-22 10:08:22",1,0,{},26,4,20,6,0,6,30,26,4,20,6,0,6,30
45,dublin,"DEVERELL PLACE","Deverell Place",53.3515,-6.25527,0,0,OPEN,"2025-02-22 10:18:26",1,0,{},26,4,20,6,0,6,30,26,4,20,6,0,6,30
45,dublin,"DEVERELL PLACE","Deverell Place",53.3515,-6.25527,0,0,OPEN,"2025-02-22 10:28:30",1,0,{},26,4,20,6,0,6,30,26,4,20,6,0,6,30
45,dublin,"DEVERELL PLACE","Deverell Place",53.3515,-6.25527,0,0,OPEN,"2025-02-22 10:33:40",1,0,{},25,5,19,6,0,6,30,25,5,19,6,0,6,30
45,dublin,"DEVERELL PLACE","Deverell Place",53.3515,-6.25527,0,0,OPEN,"2025-02-22 10:38:36",1,0,{},25,5,19,6,0,6,30,25,5,19,6,0,6,30
45,dublin,"DEVERELL PLACE","Deverell Place",53.3515,-6.25527,0,0,OPEN,"2025-02-22 10:52:27",1,0,{},25,5,19,6,0,6,30,25,5,19,6,0,6,30
45,dublin,"DEVERELL PLACE","Deverell Place",53.3515,-6.25527,0,0,OPEN,"2025-02-22 10:58:45",1,0,{},25,5,19,6,0,6,30,25,5,19,6,0,6,30
45,dublin,"DEVERELL PLACE","Deverell Place",53.3515,-6.25527,0,0,OPEN,"2025-02-22 11:08:49",1,0,{},25,5,19,6,0,6,30,25,5,19,6,0,6,30
45,dublin,"DEVERELL PLACE","Deverell Place",53.3515,-6.25527,0,0,OPEN,"2025-02-22 11:18:52",1,0,{},25,5,19,6,0,6,30,25,5,19,6,0,6,30
45,dublin,"DEVERELL PLACE","Deverell Place",53.3515,-6.25527,0,0,OPEN,"2025-02-22 11:33:25",1,0,{},25,5,19,6,0,6,30,25,5,19,6,0,6,30
45,dublin,"DEVERELL PLACE","Deverell Place",53.3515,-6.25527,0,0,OPEN,"2025-02-22 11:39:01",1,0,{},25,5,19,6,0,6,30,25,5,19,6,0,6,30
45,dublin,"DEVERELL PLACE","Deverell Place",53.3515,-6.25527,0,0,OPEN,"2025-02-22 11:51:56",1,0,{},26,4,20,6,0,6,30,26,4,20,6,0,6,30
45,dublin,"DEVERELL PLACE","Deverell Place",53.3515,-6.25527,0,0,OPEN,"2025-02-22 12:02:14",1,0,{},27,3,20,7,0,7,30,27,3,20,7,0,7,30
45,dublin,"DEVERELL PLACE","Deverell Place",53.3515,-6.25527,0,0,OPEN,"2025-02-22 12:09:15",1,0,{},27,3,20,7,0,7,30,27,3,20,7,0,7,30
45,dublin,"DEVERELL PLACE","Deverell Place",53.3515,-6.25527,0,0,OPEN,"2025-02-22 12:19:19",1,0,{},27,3,20,7,0,7,30,27,3,20,7,0,7,30
45,dublin,"DEVERELL PLACE","Deverell Place",53.3515,-6.25527,0,0,OPEN,"2025-02-22 12:24:59",1,0,{},26,4,20,6,0,6,30,26,4,20,6,0,6,30
45,dublin,"DEVERELL PLACE","Deverell Place",53.3515,-6.25527,0,0,OPEN,"2025-02-22 12:29:25",1,0,{},26,4,20,6,0,6,30,26,4,20,6,0,6,30
45,dublin,"DEVERELL PLACE","Deverell Place",53.3515,-6.25527,0,0,OPEN,"2025-02-22 12:37:02",1,0,{},26,4,20,6,0,6,30,26,4,20,6,0,6,30
45,dublin,"DEVERELL PLACE","Deverell Place",53.3515,-6.25527,0,0,OPEN,"2025-02-22 12:39:34",1,0,{},25,5,20,5,0,5,30,25,5,20,5,0,5,30
45,dublin,"DEVERELL PLACE","Deverell Place",53.3515,-6.25527,0,0,OPEN,"2025-02-22 12:50:04",1,0,{},24,6,20,4,0,4,30,24,6,20,4,0,4,30
45,dublin,"DEVERELL PLACE","Deverell Place",53.3515,-6.25527,0,0,OPEN,"2025-02-22 12:56:57",1,0,{},23,7,20,3,0,3,30,23,7,20,3,0,3,30
45,dublin,"DEVERELL PLACE","Deverell Place",53.3515,-6.25527,0,0,OPEN,"2025-02-22 12:59:43",1,0,{},23,7,20,3,0,3,30,23,7,20,3,0,3,30
45,dublin,"DEVERELL PLACE","Deverell Place",53.3515,-6.25527,0,0,OPEN,"2025-02-22 13:09:47",1,0,{},23,7,20,3,0,3,30,23,7,20,3,0,3,30
45,dublin,"DEVERELL PLACE","Deverell Place",53.3515,-6.25527,0,0,OPEN,"2025-02-22 13:16:19",1,0,{},24,6,21,3,0,3,30,24,6,21,3,0,3,30
45,dublin,"DEVERELL PLACE","Deverell Place",53.3515,-6.25527,0,0,OPEN,"2025-02-22 13:20:03",1,0,{},23,7,21,2,0,2,30,23,7,21,2,0,2,30
45,dublin,"DEVERELL PLACE","Deverell Place",53.3515,-6.25527,0,0,OPEN,"2025-02-22 13:27:36",1,0,{},25,5,21,4,0,4,30,25,5,21,4,0,4,30
45,dublin,"DEVERELL PLACE","Deverell Place",53.3515,-6.25527,0,0,OPEN,"2025-02-22 13:29:57",1,0,{},25,5,21,4,0,4,30,25,5,21,4,0,4,30
45,dublin,"DEVERELL PLACE","Deverell Place",53.3515,-6.25527,0,0,OPEN,"2025-02-22 13:40:03",1,0,{},24,6,20,4,0,4,30,24,6,20,4,0,4,30
45,dublin,"DEVERELL PLACE","Deverell Place",53.3515,-6.25527,0,0,OPEN,"2025-02-22 13:50:06",1,0,{},24,6,20,4,0,4,30,24,6,20,4,0,4,30
45,dublin,"DEVERELL PLACE","Deverell Place",53.3515,-6.25527,0,0,OPEN,"2025-02-22 14:00:11",1,0,{},25,5,21,4,0,4,30,25,5,21,4,0,4,30
45,dublin,"DEVERELL PLACE","Deverell Place",53.3515,-6.25527,0,0,OPEN,"2025-02-22 14:10:14",1,0,{},25,5,21,4,0,4,30,25,5,21,4,0,4,30
45,dublin,"DEVERELL PLACE","Deverell Place",53.3515,-6.25527,0,0,OPEN,"2025-02-22 14:20:18",1,0,{},25,5,21,4,0,4,30,25,5,21,4,0,4,30
45,dublin,"DEVERELL PLACE","Deverell Place",53.3515,-6.25527,0,0,OPEN,"2025-02-22 14:30:22",1,0,{},25,5,21,4,0,4,30,25,5,21,4,0,4,30
45,dublin,"DEVERELL PLACE","Deverell Place",53.3515,-6.25527,0,0,OPEN,"2025-02-22 14:35:31",1,0,{},27,3,21,6,0,6,30,27,3,21,6,0,6,30
45,dublin,"DEVERELL PLACE","Deverell Place",53.3515,-6.25527,0,0,OPEN,"2025-02-22 14:41:31",1,0,{},27,3,21,6,0,6,30,27,3,21,6,0,6,30
45,dublin,"DEVERELL PLACE","Deverell Place",53.3515,-6.25527,0,0,OPEN,"2025-02-22 14:50:32",1,0,{},27,3,21,6,0,6,30,27,3,21,6,0,6,30
45,dublin,"DEVERELL PLACE","Deverell Place",53.3515,-6.25527,0,0,OPEN,"2025-02-22 15:00:52",1,0,{},28,2,21,7,0,7,30,28,2,21,7,0,7,30
45,dublin,"DEVERELL PLACE","Deverell Place",53.3515,-6.25527,0,0,OPEN,"2025-02-22 15:10:40",1,0,{},28,2,21,7,0,7,30,28,2,21,7,0,7,30
45,dublin,"DEVERELL PLACE","Deverell Place",53.3515,-6.25527,0,0,OPEN,"2025-02-22 15:18:32",1,0,{},27,3,20,7,0,7,30,27,3,20,7,0,7,30
45,dublin,"DEVERELL PLACE","Deverell Place",53.3515,-6.25527,0,0,OPEN,"2025-02-22 15:20:46",1,0,{},27,3,20,7,0,7,30,27,3,20,7,0,7,30
45,dublin,"DEVERELL PLACE","Deverell Place",53.3515,-6.25527,0,0,OPEN,"2025-02-22 15:27:35",1,0,{},28,2,20,8,0,8,30,28,2,20,8,0,8,30
45,dublin,"DEVERELL PLACE","Deverell Place",53.3515,-6.25527,0,0,OPEN,"2025-02-22 15:30:51",1,0,{},28,2,20,8,0,8,30,28,2,20,8,0,8,30
45,dublin,"DEVERELL PLACE","Deverell Place",53.3515,-6.25527,0,0,OPEN,"2025-02-22 15:40:55",1,0,{},28,2,20,8,0,8,30,28,2,20,8,0,8,30
45,dublin,"DEVERELL PLACE","Deverell Place",53.3515,-6.25527,0,0,OPEN,"2025-02-22 15:50:58",1,0,{},28,2,20,8,0,8,30,28,2,20,8,0,8,30
45,dublin,"DEVERELL PLACE","Deverell Place",53.3515,-6.25527,0,0,OPEN,"2025-02-22 16:01:03",1,0,{},29,1,21,8,0,8,30,29,1,21,8,0,8,30
45,dublin,"DEVERELL PLACE","Deverell Place",53.3515,-6.25527,0,0,OPEN,"2025-02-22 16:11:06",1,0,{},29,1,21,8,0,8,30,29,1,21,8,0,8,30
45,dublin,"DEVERELL PLACE","Deverell Place",53.3515,-6.25527,0,0,OPEN,"2025-02-22 16:14:34",1,0,{},30,0,21,9,0,9,30,30,0,21,9,0,9,30
45,dublin,"DEVERELL PLACE","Deverell Place",53.3515,-6.25527,0,0,OPEN,"2025-02-22 16:21:09",1,0,{},30,0,21,9,0,9,30,30,0,21,9,0,9,30
45,dublin,"DEVERELL PLACE","Deverell Place",53.3515,-6.25527,0,0,OPEN,"2025-02-22 16:31:13",1,0,{},30,0,21,9,0,9,30,30,0,21,9,0,9,30
45,dublin,"DEVERELL PLACE","Deverell Place",53.3515,-6.25527,0,0,OPEN,"2025-02-22 16:41:16",1,0,{},30,0,21,9,0,9,30,30,0,21,9,0,9,30
45,dublin,"DEVERELL PLACE","Deverell Place",53.3515,-6.25527,0,0,OPEN,"2025-02-22 16:51:20",1,0,{},30,0,21,9,0,9,30,30,0,21,9,0,9,30
45,dublin,"DEVERELL PLACE","Deverell Place",53.3515,-6.25527,0,0,OPEN,"2025-02-22 17:01:42",1,0,{},30,0,20,10,0,10,30,30,0,20,10,0,10,30
45,dublin,"DEVERELL PLACE","Deverell Place",53.3515,-6.25527,0,0,OPEN,"2025-02-22 17:11:30",1,0,{},30,0,20,10,0,10,30,30,0,20,10,0,10,30
45,dublin,"DEVERELL PLACE","Deverell Place",53.3515,-6.25527,0,0,OPEN,"2025-02-22 17:21:33",1,0,{},30,0,20,10,0,10,30,30,0,20,10,0,10,30
45,dublin,"DEVERELL PLACE","Deverell Place",53.3515,-6.25527,0,0,OPEN,"2025-02-22 17:31:37",1,0,{},30,0,20,10,0,10,30,30,0,20,10,0,10,30
45,dublin,"DEVERELL PLACE","Deverell Place",53.3515,-6.25527,0,0,OPEN,"2025-02-22 17:36:19",1,0,{},30,0,20,10,0,10,30,30,0,20,10,0,10,30
45,dublin,"DEVERELL PLACE","Deverell Place",53.3515,-6.25527,0,0,OPEN,"2025-02-22 17:41:40",1,0,{},30,0,20,10,0,10,30,30,0,20,10,0,10,30
45,dublin,"DEVERELL PLACE","Deverell Place",53.3515,-6.25527,0,0,OPEN,"2025-02-22 17:51:43",1,0,{},30,0,20,10,0,10,30,30,0,20,10,0,10,30
45,dublin,"DEVERELL PLACE","Deverell Place",53.3515,-6.25527,0,0,OPEN,"2025-02-22 17:55:08",1,0,{},29,1,19,10,0,10,30,29,1,19,10,0,10,30
45,dublin,"DEVERELL PLACE","Deverell Place",53.3515,-6.25527,0,0,OPEN,"2025-02-22 18:01:49",1,0,{},29,1,19,10,0,10,30,29,1,19,10,0,10,30
45,dublin,"DEVERELL PLACE","Deverell Place",53.3515,-6.25527,0,0,OPEN,"2025-02-22 18:11:53",1,0,{},28,2,18,10,0,10,30,28,2,18,10,0,10,30
45,dublin,"DEVERELL PLACE","Deverell Place",53.3515,-6.25527,0,0,OPEN,"2025-02-22 18:21:57",1,0,{},28,2,18,10,0,10,30,28,2,18,10,0,10,30
45,dublin,"DEVERELL PLACE","Deverell Place",53.3515,-6.25527,0,0,OPEN,"2025-02-22 18:32:01",1,0,{},28,2,18,10,0,10,30,28,2,18,10,0,10,30
45,dublin,"DEVERELL PLACE","Deverell Place",53.3515,-6.25527,0,0,OPEN,"2025-02-22 18:42:04",1,0,{},28,2,18,10,0,10,30,28,2,18,10,0,10,30
45,dublin,"DEVERELL PLACE","Deverell Place",53.3515,-6.25527,0,0,OPEN,"2025-02-22 18:52:08",1,0,{},28,2,18,10,0,10,30,28,2,18,10,0,10,30
45,dublin,"DEVERELL PLACE","Deverell Place",53.3515,-6.25527,0,0,OPEN,"2025-02-22 19:02:13",1,0,{},28,2,18,10,0,10,30,28,2,18,10,0,10,30
45,dublin,"DEVERELL PLACE","Deverell Place",53.3515,-6.25527,0,0,OPEN,"2025-02-22 19:12:17",1,0,{},28,2,18,10,0,10,30,28,2,18,10,0,10,30
45,dublin,"DEVERELL PLACE","Deverell Place",53.3515,-6.25527,0,0,OPEN,"2025-02-22 19:22:21",1,0,{},28,2,18,10,0,10,30,28,2,18,10,0,10,30
45,dublin,"DEVERELL PLACE","Deverell Place",53.3515,-6.25527,0,0,OPEN,"2025-02-22 19:32:25",1,0,{},28,2,18,10,0,10,30,28,2,18,10,0,10,30
45,dublin,"DEVERELL PLACE","Deverell Place",53.3515,-6.25527,0,0,OPEN,"2025-02-22 19:38:29",1,0,{},28,2,18,10,0,10,30,28,2,18,10,0,10,30
45,dublin,"DEVERELL PLACE","Deverell Place",53.3515,-6.25527,0,0,OPEN,"2025-02-22 19:43:27",1,0,{},28,2,18,10,0,10,30,28,2,18,10,0,10,30
45,dublin,"DEVERELL PLACE","Deverell Place",53.3515,-6.25527,0,0,OPEN,"2025-02-22 19:52:34",1,0,{},28,2,18,10,0,10,30,28,2,18,10,0,10,30
45,dublin,"DEVERELL PLACE","Deverell Place",53.3515,-6.25527,0,0,OPEN,"2025-02-22 20:02:38",1,0,{},28,2,18,10,0,10,30,28,2,18,10,0,10,30
45,dublin,"DEVERELL PLACE","Deverell Place",53.3515,-6.25527,0,0,OPEN,"2025-02-22 20:12:41",1,0,{},28,2,18,10,0,10,30,28,2,18,10,0,10,30
45,dublin,"DEVERELL PLACE","Deverell Place",53.3515,-6.25527,0,0,OPEN,"2025-02-22 20:22:44",1,0,{},28,2,18,10,0,10,30,28,2,18,10,0,10,30
45,dublin,"DEVERELL PLACE","Deverell Place",53.3515,-6.25527,0,0,OPEN,"2025-02-22 20:33:59",1,0,{},27,3,17,10,0,10,30,27,3,17,10,0,10,30
45,dublin,"DEVERELL PLACE","Deverell Place",53.3515,-6.25527,0,0,OPEN,"2025-02-22 20:42:54",1,0,{},27,3,17,10,0,10,30,27,3,17,10,0,10,30
45,dublin,"DEVERELL PLACE","Deverell Place",53.3515,-6.25527,0,0,OPEN,"2025-02-22 20:52:58",1,0,{},27,3,17,10,0,10,30,27,3,17,10,0,10,30
45,dublin,"DEVERELL PLACE","Deverell Place",53.3515,-6.25527,0,0,OPEN,"2025-02-22 21:03:01",1,0,{},27,3,17,10,0,10,30,27,3,17,10,0,10,30
45,dublin,"DEVERELL PLACE","Deverell Place",53.3515,-6.25527,0,0,OPEN,"2025-02-22 21:14:11",1,0,{},27,3,17,10,0,10,30,27,3,17,10,0,10,30
45,dublin,"DEVERELL PLACE","Deverell Place",53.3515,-6.25527,0,0,OPEN,"2025-02-22 21:17:23",1,0,{},28,2,18,10,0,10,30,28,2,18,10,0,10,30
45,dublin,"DEVERELL PLACE","Deverell Place",53.3515,-6.25527,0,0,OPEN,"2025-02-22 21:23:10",1,0,{},28,2,18,10,0,10,30,28,2,18,10,0,10,30
45,dublin,"DEVERELL PLACE","Deverell Place",53.3515,-6.25527,0,0,OPEN,"2025-02-22 21:33:12",1,0,{},28,2,18,10,0,10,30,28,2,18,10,0,10,30
45,dublin,"DEVERELL PLACE","Deverell Place",53.3515,-6.25527,0,0,OPEN,"2025-02-22 21:43:16",1,0,{},28,2,18,10,0,10,30,28,2,18,10,0,10,30
45,dublin,"DEVERELL PLACE","Deverell Place",53.3515,-6.25527,0,0,OPEN,"2025-02-22 21:53:20",1,0,{},29,1,19,10,0,10,30,29,1,19,10,0,10,30
45,dublin,"DEVERELL PLACE","Deverell Place",53.3515,-6.25527,0,0,OPEN,"2025-02-22 22:03:25",1,0,{},30,0,19,11,0,11,30,30,0,19,11,0,11,30
45,dublin,"DEVERELL PLACE","Deverell Place",53.3515,-6.25527,0,0,OPEN,"2025-02-22 22:13:29",1,0,{},30,0,19,11,0,11,30,30,0,19,11,0,11,30
47,dublin,"HERBERT STREET","Herbert Street",53.3357,-6.24551,0,0,OPEN,"2025-02-22 02:59:31",1,0,{},0,40,0,0,0,0,40,0,40,0,0,0,0,40
47,dublin,"HERBERT STREET","Herbert Street",53.3357,-6.24551,0,0,OPEN,"2025-02-22 03:09:37",1,0,{},0,40,0,0,0,0,40,0,40,0,0,0,0,40
47,dublin,"HERBERT STREET","Herbert Street",53.3357,-6.24551,0,0,OPEN,"2025-02-22 10:10:19",1,0,{},0,40,0,0,0,0,40,0,40,0,0,0,0,40
47,dublin,"HERBERT STREET","Herbert Street",53.3357,-6.24551,0,0,OPEN,"2025-02-22 10:20:23",1,0,{},0,40,0,0,0,0,40,0,40,0,0,0,0,40
47,dublin,"HERBERT STREET","Herbert Street",53.3357,-6.24551,0,0,OPEN,"2025-02-22 10:30:28",1,0,{},0,40,0,0,0,0,40,0,40,0,0,0,0,40
47,dublin,"HERBERT STREET","Herbert Street",53.3357,-6.24551,0,0,OPEN,"2025-02-22 10:40:32",1,0,{},0,40,0,0,0,0,40,0,40,0,0,0,0,40
47,dublin,"HERBERT STREET","Herbert Street",53.3357,-6.24551,0,0,OPEN,"2025-02-22 10:48:18",1,0,{},1,39,1,0,0,0,40,1,39,1,0,0,0,40
47,dublin,"HERBERT STREET","Herbert Street",53.3357,-6.24551,0,0,OPEN,"2025-02-22 10:50:36",1,0,{},1,39,1,0,0,0,40,1,39,1,0,0,0,40
47,dublin,"HERBERT STREET","Herbert Street",53.3357,-6.24551,0,0,OPEN,"2025-02-22 11:00:40",1,0,{},1,39,1,0,0,0,40,1,39,1,0,0,0,40
47,dublin,"HERBERT STREET","Herbert Street",53.3357,-6.24551,0,0,OPEN,"2025-02-22 11:10:44",1,0,{},1,39,1,0,0,0,40,1,39,1,0,0,0,40
47,dublin,"HERBERT STREET","Herbert Street",53.3357,-6.24551,0,0,OPEN,"2025-02-22 11:20:48",1,0,{},1,39,1,0,0,0,40,1,39,1,0,0,0,40
47,dublin,"HERBERT STREET","Herbert Street",53.3357,-6.24551,0,0,OPEN,"2025-02-22 11:30:53",1,0,{},1,39,1,0,0,0,40,1,39,1,0,0,0,40
47,dublin,"HERBERT STREET","Herbert Street",53.3357,-6.24551,0,0,OPEN,"2025-02-22 11:40:57",1,0,{},1,39,1,0,0,0,40,1,39,1,0,0,0,40
47,dublin,"HERBERT STREET","Herbert Street",53.3357,-6.24551,0,0,OPEN,"2025-02-22 11:51:00",1,0,{},1,39,1,0,0,0,40,1,39,1,0,0,0,40
47,dublin,"HERBERT STREET","Herbert Street",53.3357,-6.24551,0,0,OPEN,"2025-02-22 12:01:04",1,0,{},1,39,1,0,0,0,40,1,39,1,0,0,0,40
47,dublin,"HERBERT STREET","Herbert Street",53.3357,-6.24551,0,0,OPEN,"2025-02-22 12:11:08",1,0,{},1,39,1,0,0,0,40,1,39,1,0,0,0,40
47,dublin,"HERBERT STREET","Herbert Street",53.3357,-6.24551,0,0,OPEN,"2025-02-22 12:21:13",1,0,{},1,39,1,0,0,0,40,1,39,1,0,0,0,40
47,dublin,"HERBERT STREET","Herbert Street",53.3357,-6.24551,0,0,OPEN,"2025-02-22 12:31:17",1,0,{},1,39,1,0,0,0,40,1,39,1,0,0,0,40
47,dublin,"HERBERT STREET","Herbert Street",53.3357,-6.24551,0,0,OPEN,"2025-02-22 12:41:21",1,0,{},1,39,1,0,0,0,40,1,39,1,0,0,0,40
47,dublin,"HERBERT STREET","Herbert Street",53.3357,-6.24551,0,0,OPEN,"2025-02-22 12:47:35",1,0,{},0,40,0,0,0,0,40,0,40,0,0,0,0,40
47,dublin,"HERBERT STREET","Herbert Street",53.3357,-6.24551,0,0,OPEN,"2025-02-22 12:51:26",1,0,{},0,40,0,0,0,0,40,0,40,0,0,0,0,40
47,dublin,"HERBERT STREET","Herbert Street",53.3357,-6.24551,0,0,OPEN,"2025-02-22 13:01:31",1,0,{},0,40,0,0,0,0,40,0,40,0,0,0,0,40
47,dublin,"HERBERT STREET","Herbert Street",53.3357,-6.24551,0,0,OPEN,"2025-02-22 13:11:35",1,0,{},0,40,0,0,0,0,40,0,40,0,0,0,0,40
47,dublin,"HERBERT STREET","Herbert Street",53.3357,-6.24551,0,0,OPEN,"2025-02-22 13:21:39",1,0,{},0,40,0,0,0,0,40,0,40,0,0,0,0,40
47,dublin,"HERBERT STREET","Herbert Street",53.3357,-6.24551,0,0,OPEN,"2025-02-22 13:31:43",1,0,{},0,40,0,0,0,0,40,0,40,0,0,0,0,40
47,dublin,"HERBERT STREET","Herbert Street",53.3357,-6.24551,0,0,OPEN,"2025-02-22 13:41:47",1,0,{},0,40,0,0,0,0,40,0,40,0,0,0,0,40
47,dublin,"HERBERT STREET","Herbert Street",53.3357,-6.24551,0,0,OPEN,"2025-02-22 13:51:51",1,0,{},0,40,0,0,0,0,40,0,40,0,0,0,0,40
47,dublin,"HERBERT STREET","Herbert Street",53.3357,-6.24551,0,0,OPEN,"2025-02-22 14:01:55",1,0,{},0,40,0,0,0,0,40,0,40,0,0,0,0,40
47,dublin,"HERBERT STREET","Herbert Street",53.3357,-6.24551,0,0,OPEN,"2025-02-22 14:11:59",1,0,{},0,40,0,0,0,0,40,0,40,0,0,0,0,40
47,dublin,"HERBERT STREET","Herbert Street",53.3357,-6.24551,0,0,OPEN,"2025-02-22 14:22:03",1,0,{},0,40,0,0,0,0,40,0,40,0,0,0,0,40
47,dublin,"HERBERT STREET","Herbert Street",53.3357,-6.24551,0,0,OPEN,"2025-02-22 14:32:07",1,0,{},0,40,0,0,0,0,40,0,40,0,0,0,0,40
47,dublin,"HERBERT STREET","Herbert Street",53.3357,-6.24551,0,0,OPEN,"2025-02-22 14:42:11",1,0,{},0,40,0,0,0,0,40,0,40,0,0,0,0,40
47,dublin,"HERBERT STREET","Herbert Street",53.3357,-6.24551,0,0,OPEN,"2025-02-22 14:52:16",1,0,{},0,40,0,0,0,0,40,0,40,0,0,0,0,40
47,dublin,"HERBERT STREET","Herbert Street",53.3357,-6.24551,0,0,OPEN,"2025-02-22 15:02:20",1,0,{},0,40,0,0,0,0,40,0,40,0,0,0,0,40
47,dublin,"HERBERT STREET","Herbert Street",53.3357,-6.24551,0,0,OPEN,"2025-02-22 15:12:25",1,0,{},0,40,0,0,0,0,40,0,40,0,0,0,0,40
47,dublin,"HERBERT STREET","Herbert Street",53.3357,-6.24551,0,0,OPEN,"2025-02-22 15:22:29",1,0,{},0,40,0,0,0,0,40,0,40,0,0,0,0,40
47,dublin,"HERBERT STREET","Herbert Street",53.3357,-6.24551,0,0,OPEN,"2025-02-22 15:32:33",1,0,{},0,40,0,0,0,0,40,0,40,0,0,0,0,40
47,dublin,"HERBERT STREET","Herbert Street",53.3357,-6.24551,0,0,OPEN,"2025-02-22 15:42:37",1,0,{},0,40,0,0,0,0,40,0,40,0,0,0,0,40
47,dublin,"HERBERT STREET","Herbert Street",53.3357,-6.24551,0,0,OPEN,"2025-02-22 15:52:41",1,0,{},0,40,0,0,0,0,40,0,40,0,0,0,0,40
47,dublin,"HERBERT STREET","Herbert Street",53.3357,-6.24551,0,0,OPEN,"2025-02-22 15:55:45",1,0,{},1,39,1,0,0,0,40,1,39,1,0,0,0,40
47,dublin,"HERBERT STREET","Herbert Street",53.3357,-6.24551,0,0,OPEN,"2025-02-22 16:02:45",1,0,{},1,39,1,0,0,0,40,1,39,1,0,0,0,40
47,dublin,"HERBERT STREET","Herbert Street",53.3357,-6.24551,0,0,OPEN,"2025-02-22 16:12:49",1,0,{},1,39,1,0,0,0,40,1,39,1,0,0,0,40
47,dublin,"HERBERT STREET","Herbert Street",53.3357,-6.24551,0,0,OPEN,"2025-02-22 16:22:52",1,0,{},1,39,1,0,0,0,40,1,39,1,0,0,0,40
47,dublin,"HERBERT STREET","Herbert Street",53.3357,-6.24551,0,0,OPEN,"2025-02-22 16:32:57",1,0,{},1,39,1,0,0,0,40,1,39,1,0,0,0,40
47,dublin,"HERBERT STREET","Herbert Street",53.3357,-6.24551,0,0,OPEN,"2025-02-22 16:43:01",1,0,{},1,39,1,0,0,0,40,1,39,1,0,0,0,40
47,dublin,"HERBERT STREET","Herbert Street",53.3357,-6.24551,0,0,OPEN,"2025-02-22 16:53:05",1,0,{},1,39,1,0,0,0,40,1,39,1,0,0,0,40
47,dublin,"HERBERT STREET","Herbert Street",53.3357,-6.24551,0,0,OPEN,"2025-02-22 17:03:09",1,0,{},1,39,1,0,0,0,40,1,39,1,0,0,0,40
47,dublin,"HERBERT STREET","Herbert Street",53.3357,-6.24551,0,0,OPEN,"2025-02-22 17:13:13",1,0,{},1,39,1,0,0,0,40,1,39,1,0,0,0,40
47,dublin,"HERBERT STREET","Herbert Street",53.3357,-6.24551,0,0,OPEN,"2025-02-22 17:23:18",1,0,{},2,38,2,0,0,0,40,2,38,2,0,0,0,40
47,dublin,"HERBERT STREET","Herbert Street",53.3357,-6.24551,0,0,OPEN,"2025-02-22 17:23:45",1,0,{},4,36,2,2,0,2,40,4,36,2,2,0,2,40
47,dublin,"HERBERT STREET","Herbert Street",53.3357,-6.24551,0,0,OPEN,"2025-02-22 17:33:21",1,0,{},4,36,2,2,0,2,40,4,36,2,2,0,2,40
47,dublin,"HERBERT STREET","Herbert Street",53.3357,-6.24551,0,0,OPEN,"2025-02-22 17:38:23",1,0,{},5,35,3,2,0,2,40,5,35,3,2,0,2,40
47,dublin,"HERBERT STREET","Herbert Street",53.3357,-6.24551,0,0,OPEN,"2025-02-22 17:43:27",1,0,{},5,35,3,2,0,2,40,5,35,3,2,0,2,40
47,dublin,"HERBERT STREET","Herbert Street",53.3357,-6.24551,0,0,OPEN,"2025-02-22 17:53:31",1,0,{},5,35,3,2,0,2,40,5,35,3,2,0,2,40
47,dublin,"HERBERT STREET","Herbert Street",53.3357,-6.24551,0,0,OPEN,"2025-02-22 18:03:35",1,0,{},5,35,3,2,0,2,40,5,35,3,2,0,2,40
47,dublin,"HERBERT STREET","Herbert Street",53.3357,-6.24551,0,0,OPEN,"2025-02-22 18:13:39",1,0,{},5,35,3,2,0,2,40,5,35,3,2,0,2,40
47,dublin,"HERBERT STREET","Herbert Street",53.3357,-6.24551,0,0,OPEN,"2025-02-22 18:23:43",1,0,{},5,35,3,2,0,2,40,5,35,3,2,0,2,40
47,dublin,"HERBERT STREET","Herbert Street",53.3357,-6.24551,0,0,OPEN,"2025-02-22 18:33:48",1,0,{},5,35,3,2,0,2,40,5,35,3,2,0,2,40
47,dublin,"HERBERT STREET","Herbert Street",53.3357,-6.24551,0,0,OPEN,"2025-02-22 18:43:53",1,0,{},5,35,3,2,0,2,40,5,35,3,2,0,2,40
47,dublin,"HERBERT STREET","Herbert Street",53.3357,-6.24551,0,0,OPEN,"2025-02-22 18:53:57",1,0,{},5,35,3,2,0,2,40,5,35,3,2,0,2,40
47,dublin,"HERBERT STREET","Herbert Street",53.3357,-6.24551,0,0,OPEN,"2025-02-22 19:04:03",1,0,{},5,35,3,2,0,2,40,5,35,3,2,0,2,40
47,dublin,"HERBERT STREET","Herbert Street",53.3357,-6.24551,0,0,OPEN,"2025-02-22 19:14:07",1,0,{},5,35,3,2,0,2,40,5,35,3,2,0,2,40
47,dublin,"HERBERT STREET","Herbert Street",53.3357,-6.24551,0,0,OPEN,"2025-02-22 19:24:12",1,0,{},6,34,4,2,0,2,40,6,34,4,2,0,2,40
47,dublin,"HERBERT STREET","Herbert Street",53.3357,-6.24551,0,0,OPEN,"2025-02-22 19:34:16",1,0,{},6,34,4,2,0,2,40,6,34,4,2,0,2,40
47,dublin,"HERBERT STREET","Herbert Street",53.3357,-6.24551,0,0,OPEN,"2025-02-22 19:44:20",1,0,{},6,34,4,2,0,2,40,6,34,4,2,0,2,40
47,dublin,"HERBERT STREET","Herbert Street",53.3357,-6.24551,0,0,OPEN,"2025-02-22 19:54:24",1,0,{},6,34,4,2,0,2,40,6,34,4,2,0,2,40
47,dublin,"HERBERT STREET","Herbert Street",53.3357,-6.24551,0,0,OPEN,"2025-02-22 20:04:28",1,0,{},6,34,4,2,0,2,40,6,34,4,2,0,2,40
47,dublin,"HERBERT STREET","Herbert Street",53.3357,-6.24551,0,0,OPEN,"2025-02-22 20:14:32",1,0,{},6,34,4,2,0,2,40,6,34,4,2,0,2,40
47,dublin,"HERBERT STREET","Herbert Street",53.3357,-6.24551,0,0,OPEN,"2025-02-22 20:24:36",1,0,{},6,34,4,2,0,2,40,6,34,4,2,0,2,40
47,dublin,"HERBERT STREET","Herbert Street",53.3357,-6.24551,0,0,OPEN,"2025-02-22 20:34:40",1,0,{},6,34,4,2,0,2,40,6,34,4,2,0,2,40
47,dublin,"HERBERT STREET","Herbert Street",53.3357,-6.24551,0,0,OPEN,"2025-02-22 20:44:44",1,0,{},6,34,4,2,0,2,40,6,34,4,2,0,2,40
47,dublin,"HERBERT STREET","Herbert Street",53.3357,-6.24551,0,0,OPEN,"2025-02-22 20:54:48",1,0,{},6,34,4,2,0,2,40,6,34,4,2,0,2,40
47,dublin,"HERBERT STREET","Herbert Street",53.3357,-6.24551,0,0,OPEN,"2025-02-22 21:04:53",1,0,{},6,34,4,2,0,2,40,6,34,4,2,0,2,40
47,dublin,"HERBERT STREET","Herbert Street",53.3357,-6.24551,0,0,OPEN,"2025-02-22 21:14:57",1,0,{},6,34,4,2,0,2,40,6,34,4,2,0,2,40
47,dublin,"HERBERT STREET","Herbert Street",53.3357,-6.24551,0,0,OPEN,"2025-02-22 21:25:01",1,0,{},6,34,4,2,0,2,40,6,34,4,2,0,2,40
47,dublin,"HERBERT STREET","Herbert Street",53.3357,-6.24551,0,0,OPEN,"2025-02-22 21:35:05",1,0,{},6,34,4,2,0,2,40,6,34,4,2,0,2,40
47,dublin,"HERBERT STREET","Herbert Street",53.3357,-6.24551,0,0,OPEN,"2025-02-22 21:45:09",1,0,{},6,34,4,2,0,2,40,6,34,4,2,0,2,40
47,dublin,"HERBERT STREET","Herbert Street",53.3357,-6.24551,0,0,OPEN,"2025-02-22 21:55:14",1,0,{},6,34,4,2,0,2,40,6,34,4,2,0,2,40
47,dublin,"HERBERT STREET","Herbert Street",53.3357,-6.24551,0,0,OPEN,"2025-02-22 22:05:18",1,0,{},6,34,4,2,0,2,40,6,34,4,2,0,2,40
47,dublin,"HERBERT STREET","Herbert Street",53.3357,-6.24551,0,0,OPEN,"2025-02-22 22:15:22",1,0,{},6,34,4,2,0,2,40,6,34,4,2,0,2,40
48,dublin,"EXCISE WALK","Excise Walk",53.3478,-6.24424,0,0,OPEN,"2025-02-22 03:01:02",1,0,{},3,37,2,1,0,1,40,3,37,2,1,0,1,40
48,dublin,"EXCISE WALK","Excise Walk",53.3478,-6.24424,0,0,OPEN,"2025-02-22 03:11:06",1,0,{},3,37,2,1,0,1,40,3,37,2,1,0,1,40
48,dublin,"EXCISE WALK","Excise Walk",53.3478,-6.24424,0,0,OPEN,"2025-02-22 10:09:46",1,0,{},0,40,0,0,0,0,40,0,40,0,0,0,0,40
48,dublin,"EXCISE WALK","Excise Walk",53.3478,-6.24424,0,0,OPEN,"2025-02-22 10:19:49",1,0,{},0,40,0,0,0,0,40,0,40,0,0,0,0,40
48,dublin,"EXCISE WALK","Excise Walk",53.3478,-6.24424,0,0,OPEN,"2025-02-22 10:29:52",1,0,{},0,40,0,0,0,0,40,0,40,0,0,0,0,40
48,dublin,"EXCISE WALK","Excise Walk",53.3478,-6.24424,0,0,OPEN,"2025-02-22 10:39:55",1,0,{},0,40,0,0,0,0,40,0,40,0,0,0,0,40
48,dublin,"EXCISE WALK","Excise Walk",53.3478,-6.24424,0,0,OPEN,"2025-02-22 10:44:50",1,0,{},1,39,0,1,0,1,40,1,39,0,1,0,1,40
48,dublin,"EXCISE WALK","Excise Walk",53.3478,-6.24424,0,0,OPEN,"2025-02-22 10:49:59",1,0,{},1,39,0,1,0,1,40,1,39,0,1,0,1,40
48,dublin,"EXCISE WALK","Excise Walk",53.3478,-6.24424,0,0,OPEN,"2025-02-22 11:00:03",1,0,{},1,39,0,1,0,1,40,1,39,0,1,0,1,40
48,dublin,"EXCISE WALK","Excise Walk",53.3478,-6.24424,0,0,OPEN,"2025-02-22 11:10:06",1,0,{},2,38,0,2,0,2,40,2,38,0,2,0,2,40
48,dublin,"EXCISE WALK","Excise Walk",53.3478,-6.24424,0,0,OPEN,"2025-02-22 11:17:47",1,0,{},1,39,0,1,0,1,40,1,39,0,1,0,1,40
48,dublin,"EXCISE WALK","Excise Walk",53.3478,-6.24424,0,0,OPEN,"2025-02-22 11:20:11",1,0,{},1,39,0,1,0,1,40,1,39,0,1,0,1,40
48,dublin,"EXCISE WALK","Excise Walk",53.3478,-6.24424,0,0,OPEN,"2025-02-22 11:30:21",1,0,{},2,38,1,1,0,1,40,2,38,1,1,0,1,40
48,dublin,"EXCISE WALK","Excise Walk",53.3478,-6.24424,0,0,OPEN,"2025-02-22 11:40:18",1,0,{},2,38,1,1,0,1,40,2,38,1,1,0,1,40
48,dublin,"EXCISE WALK","Excise Walk",53.3478,-6.24424,0,0,OPEN,"2025-02-22 11:50:21",1,0,{},2,38,1,1,0,1,40,2,38,1,1,0,1,40
48,dublin,"EXCISE WALK","Excise Walk",53.3478,-6.24424,0,0,OPEN,"2025-02-22 11:58:08",1,0,{},2,38,2,0,0,0,40,2,38,2,0,0,0,40
48,dublin,"EXCISE WALK","Excise Walk",53.3478,-6.24424,0,0,OPEN,"2025-02-22 12:00:26",1,0,{},2,38,2,0,0,0,40,2,38,2,0,0,0,40
48,dublin,"EXCISE WALK","Excise Walk",53.3478,-6.24424,0,0,OPEN,"2025-02-22 12:10:29",1,0,{},2,38,2,0,0,0,40,2,38,2,0,0,0,40
48,dublin,"EXCISE WALK","Excise Walk",53.3478,-6.24424,0,0,OPEN,"2025-02-22 12:17:30",1,0,{},1,39,1,0,0,0,40,1,39,1,0,0,0,40
48,dublin,"EXCISE WALK","Excise Walk",53.3478,-6.24424,0,0,OPEN,"2025-02-22 12:20:34",1,0,{},1,39,1,0,0,0,40,1,39,1,0,0,0,40
48,dublin,"EXCISE WALK","Excise Walk",53.3478,-6.24424,0,0,OPEN,"2025-02-22 12:30:37",1,0,{},1,39,1,0,0,0,40,1,39,1,0,0,0,40
48,dublin,"EXCISE WALK","Excise Walk",53.3478,-6.24424,0,0,OPEN,"2025-02-22 12:43:22",1,0,{},2,38,1,1,0,1,40,2,38,1,1,0,1,40
48,dublin,"EXCISE WALK","Excise Walk",53.3478,-6.24424,0,0,OPEN,"2025-02-22 12:45:47",1,0,{},4,36,2,2,0,2,40,4,36,2,2,0,2,40
48,dublin,"EXCISE WALK","Excise Walk",53.3478,-6.24424,0,0,OPEN,"2025-02-22 12:53:08",1,0,{},5,35,3,2,0,2,40,5,35,3,2,0,2,40
48,dublin,"EXCISE WALK","Excise Walk",53.3478,-6.24424,0,0,OPEN,"2025-02-22 12:57:25",1,0,{},4,36,3,1,0,1,40,4,36,3,1,0,1,40
48,dublin,"EXCISE WALK","Excise Walk",53.3478,-6.24424,0,0,OPEN,"2025-02-22 13:00:49",1,0,{},4,36,3,1,0,1,40,4,36,3,1,0,1,40
48,dublin,"EXCISE WALK","Excise Walk",53.3478,-6.24424,0,0,OPEN,"2025-02-22 13:07:40",1,0,{},2,38,1,1,0,1,40,2,38,1,1,0,1,40
48,dublin,"EXCISE WALK","Excise Walk",53.3478,-6.24424,0,0,OPEN,"2025-02-22 13:10:55",1,0,{},2,38,1,1,0,1,40,2,38,1,1,0,1,40
48,dublin,"EXCISE WALK","Excise Walk",53.3478,-6.24424,0,0,OPEN,"2025-02-22 13:20:58",1,0,{},2,38,1,1,0,1,40,2,38,1,1,0,1,40
48,dublin,"EXCISE WALK","Excise Walk",53.3478,-6.24424,0,0,OPEN,"2025-02-22 13:31:01",1,0,{},2,38,1,1,0,1,40,2,38,1,1,0,1,40
48,dublin,"EXCISE WALK","Excise Walk",53.3478,-6.24424,0,0,OPEN,"2025-02-22 13:37:49",1,0,{},3,37,1,2,0,2,40,3,37,1,2,0,2,40
48,dublin,"EXCISE WALK","Excise Walk",53.3478,-6.24424,0,0,OPEN,"2025-02-22 13:41:05",1,0,{},3,37,1,2,0,2,40,3,37,1,2,0,2,40
48,dublin,"EXCISE WALK","Excise Walk",53.3478,-6.24424,0,0,OPEN,"2025-02-22 13:51:08",1,0,{},3,37,1,2,0,2,40,3,37,1,2,0,2,40
48,dublin,"EXCISE WALK","Excise Walk",53.3478,-6.24424,0,0,OPEN,"2025-02-22 14:01:12",1,0,{},2,38,1,1,0,1,40,2,38,1,1,0,1,40
48,dublin,"EXCISE WALK","Excise Walk",53.3478,-6.24424,0,0,OPEN,"2025-02-22 14:11:16",1,0,{},2,38,1,1,0,1,40,2,38,1,1,0,1,40
48,dublin,"EXCISE WALK","Excise Walk",53.3478,-6.24424,0,0,OPEN,"2025-02-22 14:22:31",1,0,{},3,37,2,1,0,1,40,3,37,2,1,0,1,40
48,dublin,"EXCISE WALK","Excise Walk",53.3478,-6.24424,0,0,OPEN,"2025-02-22 14:31:22",1,0,{},3,37,2,1,0,1,40,3,37,2,1,0,1,40
48,dublin,"EXCISE WALK","Excise Walk",53.3478,-6.24424,0,0,OPEN,"2025-02-22 14:37:53",1,0,{},4,36,2,2,0,2,40,4,36,2,2,0,2,40
48,dublin,"EXCISE WALK","Excise Walk",53.3478,-6.24424,0,0,OPEN,"2025-02-22 14:41:26",1,0,{},3,37,1,2,0,2,40,3,37,1,2,0,2,40
48,dublin,"EXCISE WALK","Excise Walk",53.3478,-6.24424,0,0,OPEN,"2025-02-22 14:51:29",1,0,{},3,37,1,2,0,2,40,3,37,1,2,0,2,40
48,dublin,"EXCISE WALK","Excise Walk",53.3478,-6.24424,0,0,OPEN,"2025-02-22 15:01:32",1,0,{},3,37,1,2,0,2,40,3,37,1,2,0,2,40
48,dublin,"EXCISE WALK","Excise Walk",53.3478,-6.24424,0,0,OPEN,"2025-02-22 15:11:35",1,0,{},3,37,1,2,0,2,40,3,37,1,2,0,2,40
48,dublin,"EXCISE WALK","Excise Walk",53.3478,-6.24424,0,0,OPEN,"2025-02-22 15:21:38",1,0,{},3,37,1,2,0,2,40,3,37,1,2,0,2,40
48,dublin,"EXCISE WALK","Excise Walk",53.3478,-6.24424,0,0,OPEN,"2025-02-22 15:31:42",1,0,{},3,37,1,2,0,2,40,3,37,1,2,0,2,40
48,dublin,"EXCISE WALK","Excise Walk",53.3478,-6.24424,0,0,OPEN,"2025-02-22 15:41:44",1,0,{},3,37,1,2,0,2,40,3,37,1,2,0,2,40
48,dublin,"EXCISE WALK","Excise Walk",53.3478,-6.24424,0,0,OPEN,"2025-02-22 15:47:02",1,0,{},2,38,0,2,0,2,40,2,38,0,2,0,2,40
48,dublin,"EXCISE WALK","Excise Walk",53.3478,-6.24424,0,0,OPEN,"2025-02-22 15:51:50",1,0,{},2,38,0,2,0,2,40,2,38,0,2,0,2,40
48,dublin,"EXCISE WALK","Excise Walk",53.3478,-6.24424,0,0,OPEN,"2025-02-22 16:01:55",1,0,{},3,37,0,3,0,3,40,3,37,0,3,0,3,40
48,dublin,"EXCISE WALK","Excise Walk",53.3478,-6.24424,0,0,OPEN,"2025-02-22 16:11:59",1,0,{},2,38,0,2,0,2,40,2,38,0,2,0,2,40
48,dublin,"EXCISE WALK","Excise Walk",53.3478,-6.24424,0,0,OPEN,"2025-02-22 16:22:02",1,0,{},2,38,0,2,0,2,40,2,38,0,2,0,2,40
48,dublin,"EXCISE WALK","Excise Walk",53.3478,-6.24424,0,0,OPEN,"2025-02-22 16:24:03",1,0,{},3,37,0,3,0,3,40,3,37,0,3,0,3,40
48,dublin,"EXCISE WALK","Excise Walk",53.3478,-6.24424,0,0,OPEN,"2025-02-22 16:32:05",1,0,{},3,37,0,3,0,3,40,3,37,0,3,0,3,40
48,dublin,"EXCISE WALK","Excise Walk",53.3478,-6.24424,0,0,OPEN,"2025-02-22 16:43:30",1,0,{},3,37,0,3,0,3,40,3,37,0,3,0,3,40
48,dublin,"EXCISE WALK","Excise Walk",53.3478,-6.24424,0,0,OPEN,"2025-02-22 16:43:54",1,0,{},2,38,0,2,0,2,40,2,38,0,2,0,2,40
48,dublin,"EXCISE WALK","Excise Walk",53.3478,-6.24424,0,0,OPEN,"2025-02-22 16:52:56",1,0,{},1,39,0,1,0,1,40,1,39,0,1,0,1,40
48,dublin,"EXCISE WALK","Excise Walk",53.3478,-6.24424,0,0,OPEN,"2025-02-22 17:02:18",1,0,{},1,39,0,1,0,1,40,1,39,0,1,0,1,40
48,dublin,"EXCISE WALK","Excise Walk",53.3478,-6.24424,0,0,OPEN,"2025-02-22 17:07:27",1,0,{},1,39,1,0,0,0,40,1,39,1,0,0,0,40
48,dublin,"EXCISE WALK","Excise Walk",53.3478,-6.24424,0,0,OPEN,"2025-02-22 17:12:22",1,0,{},1,39,1,0,0,0,40,1,39,1,0,0,0,40
48,dublin,"EXCISE WALK","Excise Walk",53.3478,-6.24424,0,0,OPEN,"2025-02-22 17:15:40",1,0,{},2,38,1,1,0,1,40,2,38,1,1,0,1,40
48,dublin,"EXCISE WALK","Excise Walk",53.3478,-6.24424,0,0,OPEN,"2025-02-22 17:22:27",1,0,{},2,38,1,1,0,1,40,2,38,1,1,0,1,40
48,dublin,"EXCISE WALK","Excise Walk",53.3478,-6.24424,0,0,OPEN,"2025-02-22 17:32:31",1,0,{},1,39,1,0,0,0,40,1,39,1,0,0,0,40
48,dublin,"EXCISE WALK","Excise Walk",53.3478,-6.24424,0,0,OPEN,"2025-02-22 17:36:56",1,0,{},2,38,2,0,0,0,40,2,38,2,0,0,0,40
48,dublin,"EXCISE WALK","Excise Walk",53.3478,-6.24424,0,0,OPEN,"2025-02-22 17:42:34",1,0,{},2,38,2,0,0,0,40,2,38,2,0,0,0,40
48,dublin,"EXCISE WALK","Excise Walk",53.3478,-6.24424,0,0,OPEN,"2025-02-22 17:46:30",1,0,{},2,38,2,0,0,0,40,2,38,2,0,0,0,40
48,dublin,"EXCISE WALK","Excise Walk",53.3478,-6.24424,0,0,OPEN,"2025-02-22 17:52:39",1,0,{},2,38,2,0,0,0,40,2,38,2,0,0,0,40
48,dublin,"EXCISE WALK","Excise Walk",53.3478,-6.24424,0,0,OPEN,"2025-02-22 17:57:22",1,0,{},3,37,2,1,0,1,40,3,37,2,1,0,1,40
48,dublin,"EXCISE WALK","Excise Walk",53.3478,-6.24424,0,0,OPEN,"2025-02-22 18:02:42",1,0,{},3,37,2,1,0,1,40,3,37,2,1,0,1,40
48,dublin,"EXCISE WALK","Excise Walk",53.3478,-6.24424,0,0,OPEN,"2025-02-22 18:12:45",1,0,{},3,37,2,1,0,1,40,3,37,2,1,0,1,40
48,dublin,"EXCISE WALK","Excise Walk",53.3478,-6.24424,0,0,OPEN,"2025-02-22 18:22:48",1,0,{},3,37,2,1,0,1,40,3,37,2,1,0,1,40
48,dublin,"EXCISE WALK","Excise Walk",53.3478,-6.24424,0,0,OPEN,"2025-02-22 18:25:53",1,0,{},4,36,3,1,0,1,40,4,36,3,1,0,1,40
48,dublin,"EXCISE WALK","Excise Walk",53.3478,-6.24424,0,0,OPEN,"2025-02-22 18:32:52",1,0,{},4,36,3,1,0,1,40,4,36,3,1,0,1,40
48,dublin,"EXCISE WALK","Excise Walk",53.3478,-6.24424,0,0,OPEN,"2025-02-22 18:42:55",1,0,{},4,36,3,1,0,1,40,4,36,3,1,0,1,40
48,dublin,"EXCISE WALK","Excise Walk",53.3478,-6.24424,0,0,OPEN,"2025-02-22 18:46:09",1,0,{},5,35,3,2,0,2,40,5,35,3,2,0,2,40
48,dublin,"EXCISE WALK","Excise Walk",53.3478,-6.24424,0,0,OPEN,"2025-02-22 18:53:00",1,0,{},4,36,3,1,0,1,40,4,36,3,1,0,1,40
48,dublin,"EXCISE WALK","Excise Walk",53.3478,-6.24424,0,0,OPEN,"2025-02-22 19:03:03",1,0,{},4,36,3,1,0,1,40,4,36,3,1,0,1,40
48,dublin,"EXCISE WALK","Excise Walk",53.3478,-6.24424,0,0,OPEN,"2025-02-22 19:13:12",1,0,{},6,34,3,3,0,3,40,6,34,3,3,0,3,40
48,dublin,"EXCISE WALK","Excise Walk",53.3478,-6.24424,0,0,OPEN,"2025-02-22 19:23:14",1,0,{},6,34,3,3,0,3,40,6,34,3,3,0,3,40
48,dublin,"EXCISE WALK","Excise Walk",53.3478,-6.24424,0,0,OPEN,"2025-02-22 19:33:17",1,0,{},6,34,3,3,0,3,40,6,34,3,3,0,3,40
48,dublin,"EXCISE WALK","Excise Walk",53.3478,-6.24424,0,0,OPEN,"2025-02-22 19:43:20",1,0,{},6,34,3,3,0,3,40,6,34,3,3,0,3,40
48,dublin,"EXCISE WALK","Excise Walk",53.3478,-6.24424,0,0,OPEN,"2025-02-22 19:53:23",1,0,{},6,34,3,3,0,3,40,6,34,3,3,0,3,40
48,dublin,"EXCISE WALK","Excise Walk",53.3478,-6.24424,0,0,OPEN,"2025-02-22 20:03:26",1,0,{},6,34,3,3,0,3,40,6,34,3,3,0,3,40
48,dublin,"EXCISE WALK","Excise Walk",53.3478,-6.24424,0,0,OPEN,"2025-02-22 20:04:41",1,0,{},5,35,3,2,0,2,40,5,35,3,2,0,2,40
48,dublin,"EXCISE WALK","Excise Walk",53.3478,-6.24424,0,0,OPEN,"2025-02-22 20:13:31",1,0,{},5,35,3,2,0,2,40,5,35,3,2,0,2,40
48,dublin,"EXCISE WALK","Excise Walk",53.3478,-6.24424,0,0,OPEN,"2025-02-22 20:23:35",1,0,{},5,35,3,2,0,2,40,5,35,3,2,0,2,40
48,dublin,"EXCISE WALK","Excise Walk",53.3478,-6.24424,0,0,OPEN,"2025-02-22 20:33:38",1,0,{},5,35,3,2,0,2,40,5,35,3,2,0,2,40
48,dublin,"EXCISE WALK","Excise Walk",53.3478,-6.24424,0,0,OPEN,"2025-02-22 20:43:41",1,0,{},5,35,3,2,0,2,40,5,35,3,2,0,2,40
48,dublin,"EXCISE WALK","Excise Walk",53.3478,-6.24424,0,0,OPEN,"2025-02-22 20:53:47",1,0,{},3,37,2,1,0,1,40,3,37,2,1,0,1,40
48,dublin,"EXCISE WALK","Excise Walk",53.3478,-6.24424,0,0,OPEN,"2025-02-22 21:03:50",1,0,{},3,37,2,1,0,1,40,3,37,2,1,0,1,40
48,dublin,"EXCISE WALK","Excise Walk",53.3478,-6.24424,0,0,OPEN,"2025-02-22 21:13:53",1,0,{},3,37,2,1,0,1,40,3,37,2,1,0,1,40
48,dublin,"EXCISE WALK","Excise Walk",53.3478,-6.24424,0,0,OPEN,"2025-02-22 21:23:55",1,0,{},3,37,2,1,0,1,40,3,37,2,1,0,1,40
48,dublin,"EXCISE WALK","Excise Walk",53.3478,-6.24424,0,0,OPEN,"2025-02-22 21:33:58",1,0,{},3,37,2,1,0,1,40,3,37,2,1,0,1,40
48,dublin,"EXCISE WALK","Excise Walk",53.3478,-6.24424,0,0,OPEN,"2025-02-22 21:44:01",1,0,{},3,37,2,1,0,1,40,3,37,2,1,0,1,40
48,dublin,"EXCISE WALK","Excise Walk",53.3478,-6.24424,0,0,OPEN,"2025-02-22 21:54:04",1,0,{},3,37,2,1,0,1,40,3,37,2,1,0,1,40
48,dublin,"EXCISE WALK","Excise Walk",53.3478,-6.24424,0,0,OPEN,"2025-02-22 22:04:07",1,0,{},3,37,2,1,0,1,40,3,37,2,1,0,1,40
48,dublin,"EXCISE WALK","Excise Walk",53.3478,-6.24424,0,0,OPEN,"2025-02-22 22:14:10",1,0,{},3,37,2,1,0,1,40,3,37,2,1,0,1,40
49,dublin,"GUILD STREET","Guild Street",53.3479,-6.24093,0,0,OPEN,"2025-02-22 02:53:58",1,0,{},20,20,10,10,0,10,40,20,20,10,10,0,10,40
49,dublin,"GUILD STREET","Guild Street",53.3479,-6.24093,0,0,OPEN,"2025-02-22 03:14:09",1,0,{},20,20,10,10,0,10,40,20,20,10,10,0,10,40
49,dublin,"GUILD STREET","Guild Street",53.3479,-6.24093,0,0,OPEN,"2025-02-22 10:11:25",1,0,{},21,19,11,10,0,10,40,21,19,11,10,0,10,40
49,dublin,"GUILD STREET","Guild Street",53.3479,-6.24093,0,0,OPEN,"2025-02-22 10:21:29",1,0,{},21,19,11,10,0,10,40,21,19,11,10,0,10,40
49,dublin,"GUILD STREET","Guild Street",53.3479,-6.24093,0,0,OPEN,"2025-02-22 10:33:08",1,0,{},20,20,11,9,0,9,40,20,20,11,9,0,9,40
49,dublin,"GUILD STREET","Guild Street",53.3479,-6.24093,0,0,OPEN,"2025-02-22 10:38:19",1,0,{},19,21,10,9,0,9,40,19,21,10,9,0,9,40
49,dublin,"GUILD STREET","Guild Street",53.3479,-6.24093,0,0,OPEN,"2025-02-22 10:41:41",1,0,{},19,21,10,9,0,9,40,19,21,10,9,0,9,40
49,dublin,"GUILD STREET","Guild Street",53.3479,-6.24093,0,0,OPEN,"2025-02-22 10:46:31",1,0,{},17,23,9,8,0,8,40,17,23,9,8,0,8,40
49,dublin,"GUILD STREET","Guild Street",53.3479,-6.24093,0,0,OPEN,"2025-02-22 10:51:45",1,0,{},17,23,9,8,0,8,40,17,23,9,8,0,8,40
49,dublin,"GUILD STREET","Guild Street",53.3479,-6.24093,0,0,OPEN,"2025-02-22 11:02:11",1,0,{},16,24,9,7,0,7,40,16,24,9,7,0,7,40
49,dublin,"GUILD STREET","Guild Street",53.3479,-6.24093,0,0,OPEN,"2025-02-22 11:11:54",1,0,{},16,24,9,7,0,7,40,16,24,9,7,0,7,40
49,dublin,"GUILD STREET","Guild Street",53.3479,-6.24093,0,0,OPEN,"2025-02-22 11:22:46",1,0,{},16,24,9,7,0,7,40,16,24,9,7,0,7,40
49,dublin,"GUILD STREET","Guild Street",53.3479,-6.24093,0,0,OPEN,"2025-02-22 11:28:16",1,0,{},15,25,8,7,0,7,40,15,25,8,7,0,7,40
49,dublin,"GUILD STREET","Guild Street",53.3479,-6.24093,0,0,OPEN,"2025-02-22 11:32:06",1,0,{},15,25,8,7,0,7,40,15,25,8,7,0,7,40
49,dublin,"GUILD STREET","Guild Street",53.3479,-6.24093,0,0,OPEN,"2025-02-22 11:37:00",1,0,{},14,26,7,7,0,7,40,14,26,7,7,0,7,40
49,dublin,"GUILD STREET","Guild Street",53.3479,-6.24093,0,0,OPEN,"2025-02-22 11:42:11",1,0,{},13,27,7,6,0,6,40,13,27,7,6,0,6,40
49,dublin,"GUILD STREET","Guild Street",53.3479,-6.24093,0,0,OPEN,"2025-02-22 11:46:27",1,0,{},12,28,7,5,0,5,40,12,28,7,5,0,5,40
49,dublin,"GUILD STREET","Guild Street",53.3479,-6.24093,0,0,OPEN,"2025-02-22 11:52:17",1,0,{},11,29,6,5,0,5,40,11,29,6,5,0,5,40
49,dublin,"GUILD STREET","Guild Street",53.3479,-6.24093,0,0,OPEN,"2025-02-22 12:02:20",1,0,{},11,29,6,5,0,5,40,11,29,6,5,0,5,40
49,dublin,"GUILD STREET","Guild Street",53.3479,-6.24093,0,0,OPEN,"2025-02-22 12:04:59",1,0,{},12,28,7,5,0,5,40,12,28,7,5,0,5,40
49,dublin,"GUILD STREET","Guild Street",53.3479,-6.24093,0,0,OPEN,"2025-02-22 12:12:25",1,0,{},11,29,7,4,0,4,40,11,29,7,4,0,4,40
49,dublin,"GUILD STREET","Guild Street",53.3479,-6.24093,0,0,OPEN,"2025-02-22 12:18:28",1,0,{},10,30,7,3,0,3,40,10,30,7,3,0,3,40
49,dublin,"GUILD STREET","Guild Street",53.3479,-6.24093,0,0,OPEN,"2025-02-22 12:22:30",1,0,{},11,29,8,3,0,3,40,11,29,8,3,0,3,40
49,dublin,"GUILD STREET","Guild Street",53.3479,-6.24093,0,0,OPEN,"2025-02-22 12:32:36",1,0,{},10,30,7,3,0,3,40,10,30,7,3,0,3,40
49,dublin,"GUILD STREET","Guild Street",53.3479,-6.24093,0,0,OPEN,"2025-02-22 12:42:39",1,0,{},10,30,7,3,0,3,40,10,30,7,3,0,3,40
49,dublin,"GUILD STREET","Guild Street",53.3479,-6.24093,0,0,OPEN,"2025-02-22 12:52:43",1,0,{},10,30,7,3,0,3,40,10,30,7,3,0,3,40
49,dublin,"GUILD STREET","Guild Street",53.3479,-6.24093,0,0,OPEN,"2025-02-22 12:54:11",1,0,{},11,29,8,3,0,3,40,11,29,8,3,0,3,40
49,dublin,"GUILD STREET","Guild Street",53.3479,-6.24093,0,0,OPEN,"2025-02-22 13:02:48",1,0,{},10,30,8,2,0,2,40,10,30,8,2,0,2,40
49,dublin,"GUILD STREET","Guild Street",53.3479,-6.24093,0,0,OPEN,"2025-02-22 13:12:52",1,0,{},11,29,9,2,0,2,40,11,29,9,2,0,2,40
49,dublin,"GUILD STREET","Guild Street",53.3479,-6.24093,0,0,OPEN,"2025-02-22 13:22:54",1,0,{},11,29,9,2,0,2,40,11,29,9,2,0,2,40
49,dublin,"GUILD STREET","Guild Street",53.3479,-6.24093,0,0,OPEN,"2025-02-22 13:28:08",1,0,{},10,30,8,2,0,2,40,10,30,8,2,0,2,40
49,dublin,"GUILD STREET","Guild Street",53.3479,-6.24093,0,0,OPEN,"2025-02-22 13:32:59",1,0,{},10,30,8,2,0,2,40,10,30,8,2,0,2,40
49,dublin,"GUILD STREET","Guild Street",53.3479,-6.24093,0,0,OPEN,"2025-02-22 13:43:02",1,0,{},10,30,8,2,0,2,40,10,30,8,2,0,2,40
49,dublin,"GUILD STREET","Guild Street",53.3479,-6.24093,0,0,OPEN,"2025-02-22 13:53:05",1,0,{},10,30,8,2,0,2,40,10,30,8,2,0,2,40
49,dublin,"GUILD STREET","Guild Street",53.3479,-6.24093,0,0,OPEN,"2025-02-22 14:03:11",1,0,{},9,31,7,2,0,2,40,9,31,7,2,0,2,40
49,dublin,"GUILD STREET","Guild Street",53.3479,-6.24093,0,0,OPEN,"2025-02-22 14:05:22",1,0,{},10,30,8,2,0,2,40,10,30,8,2,0,2,40
49,dublin,"GUILD STREET","Guild Street",53.3479,-6.24093,0,0,OPEN,"2025-02-22 14:13:15",1,0,{},10,30,8,2,0,2,40,10,30,8,2,0,2,40
49,dublin,"GUILD STREET","Guild Street",53.3479,-6.24093,0,0,OPEN,"2025-02-22 14:23:20",1,0,{},9,31,7,2,0,2,40,9,31,7,2,0,2,40
49,dublin,"GUILD STREET","Guild Street",53.3479,-6.24093,0,0,OPEN,"2025-02-22 14:33:23",1,0,{},9,31,7,2,0,2,40,9,31,7,2,0,2,40
49,dublin,"GUILD STREET","Guild Street",53.3479,-6.24093,0,0,OPEN,"2025-02-22 14:34:05",1,0,{},8,32,7,1,0,1,40,8,32,7,1,0,1,40
49,dublin,"GUILD STREET","Guild Street",53.3479,-6.24093,0,0,OPEN,"2025-02-22 14:43:29",1,0,{},7,33,6,1,0,1,40,7,33,6,1,0,1,40
49,dublin,"GUILD STREET","Guild Street",53.3479,-6.24093,0,0,OPEN,"2025-02-22 14:47:31",1,0,{},6,34,5,1,0,1,40,6,34,5,1,0,1,40
49,dublin,"GUILD STREET","Guild Street",53.3479,-6.24093,0,0,OPEN,"2025-02-22 14:53:34",1,0,{},6,34,5,1,0,1,40,6,34,5,1,0,1,40
49,dublin,"GUILD STREET","Guild Street",53.3479,-6.24093,0,0,OPEN,"2025-02-22 15:03:37",1,0,{},6,34,5,1,0,1,40,6,34,5,1,0,1,40
49,dublin,"GUILD STREET","Guild Street",53.3479,-6.24093,0,0,OPEN,"2025-02-22 15:15:24",1,0,{},5,35,4,1,0,1,40,5,35,4,1,0,1,40
49,dublin,"GUILD STREET","Guild Street",53.3479,-6.24093,0,0,OPEN,"2025-02-22 15:23:45",1,0,{},5,35,4,1,0,1,40,5,35,4,1,0,1,40
49,dublin,"GUILD STREET","Guild Street",53.3479,-6.24093,0,0,OPEN,"2025-02-22 15:32:37",1,0,{},6,34,4,2,0,2,40,6,34,4,2,0,2,40
49,dublin,"GUILD STREET","Guild Street",53.3479,-6.24093,0,0,OPEN,"2025-02-22 15:33:47",1,0,{},6,34,4,2,0,2,40,6,34,4,2,0,2,40
49,dublin,"GUILD STREET","Guild Street",53.3479,-6.24093,0,0,OPEN,"2025-02-22 15:45:33",1,0,{},7,33,4,3,0,3,40,7,33,4,3,0,3,40
49,dublin,"GUILD STREET","Guild Street",53.3479,-6.24093,0,0,OPEN,"2025-02-22 15:57:30",1,0,{},6,34,3,3,0,3,40,6,34,3,3,0,3,40
49,dublin,"GUILD STREET","Guild Street",53.3479,-6.24093,0,0,OPEN,"2025-02-22 16:04:00",1,0,{},6,34,3,3,0,3,40,6,34,3,3,0,3,40
49,dublin,"GUILD STREET","Guild Street",53.3479,-6.24093,0,0,OPEN,"2025-02-22 16:14:02",1,0,{},6,34,3,3,0,3,40,6,34,3,3,0,3,40
49,dublin,"GUILD STREET","Guild Street",53.3479,-6.24093,0,0,OPEN,"2025-02-22 16:24:06",1,0,{},6,34,3,3,0,3,40,6,34,3,3,0,3,40
49,dublin,"GUILD STREET","Guild Street",53.3479,-6.24093,0,0,OPEN,"2025-02-22 16:30:50",1,0,{},5,35,3,2,0,2,40,5,35,3,2,0,2,40
49,dublin,"GUILD STREET","Guild Street",53.3479,-6.24093,0,0,OPEN,"2025-02-22 16:36:10",1,0,{},4,36,2,2,0,2,40,4,36,2,2,0,2,40
49,dublin,"GUILD STREET","Guild Street",53.3479,-6.24093,0,0,OPEN,"2025-02-22 16:42:40",1,0,{},7,33,4,3,0,3,40,7,33,4,3,0,3,40
49,dublin,"GUILD STREET","Guild Street",53.3479,-6.24093,0,0,OPEN,"2025-02-22 16:44:18",1,0,{},7,33,4,3,0,3,40,7,33,4,3,0,3,40
49,dublin,"GUILD STREET","Guild Street",53.3479,-6.24093,0,0,OPEN,"2025-02-22 16:54:24",1,0,{},6,34,3,3,0,3,40,6,34,3,3,0,3,40
49,dublin,"GUILD STREET","Guild Street",53.3479,-6.24093,0,0,OPEN,"2025-02-22 17:04:27",1,0,{},6,34,3,3,0,3,40,6,34,3,3,0,3,40
49,dublin,"GUILD STREET","Guild Street",53.3479,-6.24093,0,0,OPEN,"2025-02-22 17:11:00",1,0,{},5,35,2,3,0,3,40,5,35,2,3,0,3,40
49,dublin,"GUILD STREET","Guild Street",53.3479,-6.24093,0,0,OPEN,"2025-02-22 17:14:31",1,0,{},5,35,2,3,0,3,40,5,35,2,3,0,3,40
49,dublin,"GUILD STREET","Guild Street",53.3479,-6.24093,0,0,OPEN,"2025-02-22 17:20:54",1,0,{},4,36,1,3,0,3,40,4,36,1,3,0,3,40
49,dublin,"GUILD STREET","Guild Street",53.3479,-6.24093,0,0,OPEN,"2025-02-22 17:24:36",1,0,{},4,36,1,3,0,3,40,4,36,1,3,0,3,40
49,dublin,"GUILD STREET","Guild Street",53.3479,-6.24093,0,0,OPEN,"2025-02-22 17:37:49",1,0,{},4,36,1,3,0,3,40,4,36,1,3,0,3,40
49,dublin,"GUILD STREET","Guild Street",53.3479,-6.24093,0,0,OPEN,"2025-02-22 17:46:37",1,0,{},3,37,0,3,0,3,40,3,37,0,3,0,3,40
49,dublin,"GUILD STREET","Guild Street",53.3479,-6.24093,0,0,OPEN,"2025-02-22 17:50:42",1,0,{},2,38,0,2,0,2,40,2,38,0,2,0,2,40
49,dublin,"GUILD STREET","Guild Street",53.3479,-6.24093,0,0,OPEN,"2025-02-22 17:54:48",1,0,{},2,38,0,2,0,2,40,2,38,0,2,0,2,40
49,dublin,"GUILD STREET","Guild Street",53.3479,-6.24093,0,0,OPEN,"2025-02-22 18:08:15",1,0,{},1,39,0,1,0,1,40,1,39,0,1,0,1,40
49,dublin,"GUILD STREET","Guild Street",53.3479,-6.24093,0,0,OPEN,"2025-02-22 18:14:56",1,0,{},1,39,0,1,0,1,40,1,39,0,1,0,1,40
49,dublin,"GUILD STREET","Guild Street",53.3479,-6.24093,0,0,OPEN,"2025-02-22 18:25:21",1,0,{},0,40,0,0,0,0,40,0,40,0,0,0,0,40
49,dublin,"GUILD STREET","Guild Street",53.3479,-6.24093,0,0,OPEN,"2025-02-22 18:35:04",1,0,{},0,40,0,0,0,0,40,0,40,0,0,0,0,40
49,dublin,"GUILD STREET","Guild Street",53.3479,-6.24093,0,0,OPEN,"2025-02-22 18:45:07",1,0,{},0,40,0,0,0,0,40,0,40,0,0,0,0,40
49,dublin,"GUILD STREET","Guild Street",53.3479,-6.24093,0,0,OPEN,"2025-02-22 18:55:11",1,0,{},1,39,1,0,0,0,40,1,39,1,0,0,0,40
49,dublin,"GUILD STREET","Guild Street",53.3479,-6.24093,0,0,OPEN,"2025-02-22 19:07:18",1,0,{},3,37,2,1,0,1,40,3,37,2,1,0,1,40
49,dublin,"GUILD STREET","Guild Street",53.3479,-6.24093,0,0,OPEN,"2025-02-22 19:15:20",1,0,{},3,37,2,1,0,1,40,3,37,2,1,0,1,40
49,dublin,"GUILD STREET","Guild Street",53.3479,-6.24093,0,0,OPEN,"2025-02-22 19:22:39",1,0,{},4,36,3,1,0,1,40,4,36,3,1,0,1,40
49,dublin,"GUILD STREET","Guild Street",53.3479,-6.24093,0,0,OPEN,"2025-02-22 19:25:24",1,0,{},4,36,3,1,0,1,40,4,36,3,1,0,1,40
49,dublin,"GUILD STREET","Guild Street",53.3479,-6.24093,0,0,OPEN,"2025-02-22 19:33:45",1,0,{},5,35,4,1,0,1,40,5,35,4,1,0,1,40
49,dublin,"GUILD STREET","Guild Street",53.3479,-6.24093,0,0,OPEN,"2025-02-22 19:35:29",1,0,{},5,35,4,1,0,1,40,5,35,4,1,0,1,40
49,dublin,"GUILD STREET","Guild Street",53.3479,-6.24093,0,0,OPEN,"2025-02-22 19:45:31",1,0,{},5,35,4,1,0,1,40,5,35,4,1,0,1,40
49,dublin,"GUILD STREET","Guild Street",53.3479,-6.24093,0,0,OPEN,"2025-02-22 19:55:35",1,0,{},5,35,4,1,0,1,40,5,35,4,1,0,1,40
49,dublin,"GUILD STREET","Guild Street",53.3479,-6.24093,0,0,OPEN,"2025-02-22 20:05:38",1,0,{},5,35,4,1,0,1,40,5,35,4,1,0,1,40
49,dublin,"GUILD STREET","Guild Street",53.3479,-6.24093,0,0,OPEN,"2025-02-22 20:15:41",1,0,{},5,35,4,1,0,1,40,5,35,4,1,0,1,40
49,dublin,"GUILD STREET","Guild Street",53.3479,-6.24093,0,0,OPEN,"2025-02-22 20:22:34",1,0,{},6,34,5,1,0,1,40,6,34,5,1,0,1,40
49,dublin,"GUILD STREET","Guild Street",53.3479,-6.24093,0,0,OPEN,"2025-02-22 20:28:38",1,0,{},7,33,6,1,0,1,40,7,33,6,1,0,1,40
49,dublin,"GUILD STREET","Guild Street",53.3479,-6.24093,0,0,OPEN,"2025-02-22 20:38:54",1,0,{},9,31,8,1,0,1,40,9,31,8,1,0,1,40
49,dublin,"GUILD STREET","Guild Street",53.3479,-6.24093,0,0,OPEN,"2025-02-22 20:46:12",1,0,{},10,30,8,2,0,2,40,10,30,8,2,0,2,40
49,dublin,"GUILD STREET","Guild Street",53.3479,-6.24093,0,0,OPEN,"2025-02-22 20:55:57",1,0,{},10,30,8,2,0,2,40,10,30,8,2,0,2,40
49,dublin,"GUILD STREET","Guild Street",53.3479,-6.24093,0,0,OPEN,"2025-02-22 21:07:04",1,0,{},11,29,9,2,0,2,40,11,29,9,2,0,2,40
49,dublin,"GUILD STREET","Guild Street",53.3479,-6.24093,0,0,OPEN,"2025-02-22 21:09:34",1,0,{},12,28,10,2,0,2,40,12,28,10,2,0,2,40
49,dublin,"GUILD STREET","Guild Street",53.3479,-6.24093,0,0,OPEN,"2025-02-22 21:16:03",1,0,{},12,28,10,2,0,2,40,12,28,10,2,0,2,40
49,dublin,"GUILD STREET","Guild Street",53.3479,-6.24093,0,0,OPEN,"2025-02-22 21:22:36",1,0,{},13,27,11,2,0,2,40,13,27,11,2,0,2,40
49,dublin,"GUILD STREET","Guild Street",53.3479,-6.24093,0,0,OPEN,"2025-02-22 21:29:28",1,0,{},15,24,12,3,0,3,40,15,24,12,3,0,3,40
49,dublin,"GUILD STREET","Guild Street",53.3479,-6.24093,0,0,OPEN,"2025-02-22 21:34:08",1,0,{},15,25,12,3,0,3,40,15,25,12,3,0,3,40
49,dublin,"GUILD STREET","Guild Street",53.3479,-6.24093,0,0,OPEN,"2025-02-22 21:36:11",1,0,{},15,25,12,3,0,3,40,15,25,12,3,0,3,40
49,dublin,"GUILD STREET","Guild Street",53.3479,-6.24093,0,0,OPEN,"2025-02-22 21:46:14",1,0,{},15,25,12,3,0,3,40,15,25,12,3,0,3,40
49,dublin,"GUILD STREET","Guild Street",53.3479,-6.24093,0,0,OPEN,"2025-02-22 21:56:17",1,0,{},15,25,12,3,0,3,40,15,25,12,3,0,3,40
49,dublin,"GUILD STREET","Guild Street",53.3479,-6.24093,0,0,OPEN,"2025-02-22 22:06:20",1,0,{},15,25,12,3,0,3,40,15,25,12,3,0,3,40
49,dublin,"GUILD STREET","Guild Street",53.3479,-6.24093,0,0,OPEN,"2025-02-22 22:16:23",1,0,{},15,25,12,3,0,3,40,15,25,12,3,0,3,40
50,dublin,"GEORGES LANE","George's Lane",53.3502,-6.2797,0,0,OPEN,"2025-02-22 03:00:52",1,0,{},29,11,17,12,0,12,40,29,11,17,12,0,12,40
50,dublin,"GEORGES LANE","George's Lane",53.3502,-6.2797,0,0,OPEN,"2025-02-22 03:10:55",1,0,{},29,11,17,12,0,12,40,29,11,17,12,0,12,40
50,dublin,"GEORGES LANE","George's Lane",53.3502,-6.2797,0,0,OPEN,"2025-02-22 10:10:12",1,0,{},28,12,15,13,0,13,40,28,12,15,13,0,13,40
50,dublin,"GEORGES LANE","George's Lane",53.3502,-6.2797,0,0,OPEN,"2025-02-22 10:17:05",1,0,{},28,12,15,13,0,13,40,28,12,15,13,0,13,40
50,dublin,"GEORGES LANE","George's Lane",53.3502,-6.2797,0,0,OPEN,"2025-02-22 10:24:37",1,0,{},28,12,15,13,0,13,40,28,12,15,13,0,13,40
50,dublin,"GEORGES LANE","George's Lane",53.3502,-6.2797,0,0,OPEN,"2025-02-22 10:34:42",1,0,{},28,12,15,13,0,13,40,28,12,15,13,0,13,40
50,dublin,"GEORGES LANE","George's Lane",53.3502,-6.2797,0,0,OPEN,"2025-02-22 10:41:31",1,0,{},27,13,14,13,0,13,40,27,13,14,13,0,13,40
50,dublin,"GEORGES LANE","George's Lane",53.3502,-6.2797,0,0,OPEN,"2025-02-22 10:47:12",1,0,{},26,14,13,13,0,13,40,26,14,13,13,0,13,40
50,dublin,"GEORGES LANE","George's Lane",53.3502,-6.2797,0,0,OPEN,"2025-02-22 10:51:36",1,0,{},27,13,13,14,0,14,40,27,13,13,14,0,14,40
50,dublin,"GEORGES LANE","George's Lane",53.3502,-6.2797,0,0,OPEN,"2025-02-22 10:54:58",1,0,{},27,13,13,14,0,14,40,27,13,13,14,0,14,40
50,dublin,"GEORGES LANE","George's Lane",53.3502,-6.2797,0,0,OPEN,"2025-02-22 11:05:03",1,0,{},27,13,13,14,0,14,40,27,13,13,14,0,14,40
50,dublin,"GEORGES LANE","George's Lane",53.3502,-6.2797,0,0,OPEN,"2025-02-22 11:09:38",1,0,{},28,12,14,14,0,14,40,28,12,14,14,0,14,40
50,dublin,"GEORGES LANE","George's Lane",53.3502,-6.2797,0,0,OPEN,"2025-02-22 11:15:08",1,0,{},29,11,14,15,0,15,40,29,11,14,15,0,15,40
50,dublin,"GEORGES LANE","George's Lane",53.3502,-6.2797,0,0,OPEN,"2025-02-22 11:25:13",1,0,{},29,11,14,15,0,15,40,29,11,14,15,0,15,40
50,dublin,"GEORGES LANE","George's Lane",53.3502,-6.2797,0,0,OPEN,"2025-02-22 11:37:17",1,0,{},27,13,13,14,0,14,40,27,13,13,14,0,14,40
50,dublin,"GEORGES LANE","George's Lane",53.3502,-6.2797,0,0,OPEN,"2025-02-22 11:45:27",1,0,{},27,13,13,14,0,14,40,27,13,13,14,0,14,40
50,dublin,"GEORGES LANE","George's Lane",53.3502,-6.2797,0,0,OPEN,"2025-02-22 11:51:31",1,0,{},26,14,12,14,0,14,40,26,14,12,14,0,14,40
50,dublin,"GEORGES LANE","George's Lane",53.3502,-6.2797,0,0,OPEN,"2025-02-22 11:55:35",1,0,{},26,14,12,14,0,14,40,26,14,12,14,0,14,40
50,dublin,"GEORGES LANE","George's Lane",53.3502,-6.2797,0,0,OPEN,"2025-02-22 12:05:41",1,0,{},26,14,12,14,0,14,40,26,14,12,14,0,14,40
50,dublin,"GEORGES LANE","George's Lane",53.3502,-6.2797,0,0,OPEN,"2025-02-22 12:13:07",1,0,{},21,19,12,9,0,9,40,21,19,12,9,0,9,40
50,dublin,"GEORGES LANE","George's Lane",53.3502,-6.2797,0,0,OPEN,"2025-02-22 12:15:52",1,0,{},21,19,12,9,0,9,40,21,19,12,9,0,9,40
50,dublin,"GEORGES LANE","George's Lane",53.3502,-6.2797,0,0,OPEN,"2025-02-22 12:23:16",1,0,{},21,19,13,8,0,8,40,21,19,13,8,0,8,40
50,dublin,"GEORGES LANE","George's Lane",53.3502,-6.2797,0,0,OPEN,"2025-02-22 12:26:00",1,0,{},21,19,13,8,0,8,40,21,19,13,8,0,8,40
50,dublin,"GEORGES LANE","George's Lane",53.3502,-6.2797,0,0,OPEN,"2025-02-22 12:30:51",1,0,{},20,20,13,7,0,7,40,20,20,13,7,0,7,40
50,dublin,"GEORGES LANE","George's Lane",53.3502,-6.2797,0,0,OPEN,"2025-02-22 12:36:07",1,0,{},20,20,13,7,0,7,40,20,20,13,7,0,7,40
50,dublin,"GEORGES LANE","George's Lane",53.3502,-6.2797,0,0,OPEN,"2025-02-22 12:43:05",1,0,{},21,19,13,8,0,8,40,21,19,13,8,0,8,40
50,dublin,"GEORGES LANE","George's Lane",53.3502,-6.2797,0,0,OPEN,"2025-02-22 12:46:14",1,0,{},21,19,13,8,0,8,40,21,19,13,8,0,8,40
50,dublin,"GEORGES LANE","George's Lane",53.3502,-6.2797,0,0,OPEN,"2025-02-22 12:51:34",1,0,{},22,18,14,8,0,8,40,22,18,14,8,0,8,40
50,dublin,"GEORGES LANE","George's Lane",53.3502,-6.2797,0,0,OPEN,"2025-02-22 12:56:21",1,0,{},23,17,14,9,0,9,40,23,17,14,9,0,9,40
50,dublin,"GEORGES LANE","George's Lane",53.3502,-6.2797,0,0,OPEN,"2025-02-22 13:06:27",1,0,{},23,17,14,9,0,9,40,23,17,14,9,0,9,40
50,dublin,"GEORGES LANE","George's Lane",53.3502,-6.2797,0,0,OPEN,"2025-02-22 13:10:47",1,0,{},21,19,13,8,0,8,40,21,19,13,8,0,8,40
50,dublin,"GEORGES LANE","George's Lane",53.3502,-6.2797,0,0,OPEN,"2025-02-22 13:16:33",1,0,{},21,19,13,8,0,8,40,21,19,13,8,0,8,40
50,dublin,"GEORGES LANE","George's Lane",53.3502,-6.2797,0,0,OPEN,"2025-02-22 13:21:02",1,0,{},21,19,14,7,0,7,40,21,19,14,7,0,7,40
50,dublin,"GEORGES LANE","George's Lane",53.3502,-6.2797,0,0,OPEN,"2025-02-22 13:26:40",1,0,{},21,19,14,7,0,7,40,21,19,14,7,0,7,40
50,dublin,"GEORGES LANE","George's Lane",53.3502,-6.2797,0,0,OPEN,"2025-02-22 13:30:06",1,0,{},21,19,14,7,0,7,40,21,19,14,7,0,7,40
50,dublin,"GEORGES LANE","George's Lane",53.3502,-6.2797,0,0,OPEN,"2025-02-22 13:36:45",1,0,{},21,19,14,7,0,7,40,21,19,14,7,0,7,40
50,dublin,"GEORGES LANE","George's Lane",53.3502,-6.2797,0,0,OPEN,"2025-02-22 13:46:50",1,0,{},21,19,14,7,0,7,40,21,19,14,7,0,7,40
50,dublin,"GEORGES LANE","George's Lane",53.3502,-6.2797,0,0,OPEN,"2025-02-22 13:53:30",1,0,{},19,21,12,7,0,7,40,19,21,12,7,0,7,40
50,dublin,"GEORGES LANE","George's Lane",53.3502,-6.2797,0,0,OPEN,"2025-02-22 13:58:13",1,0,{},17,23,10,7,0,7,40,17,23,10,7,0,7,40
50,dublin,"GEORGES LANE","George's Lane",53.3502,-6.2797,0,0,OPEN,"2025-02-22 14:07:07",1,0,{},17,23,10,7,0,7,40,17,23,10,7,0,7,40
50,dublin,"GEORGES LANE","George's Lane",53.3502,-6.2797,0,0,OPEN,"2025-02-22 14:11:48",1,0,{},16,24,10,6,0,6,40,16,24,10,6,0,6,40
50,dublin,"GEORGES LANE","George's Lane",53.3502,-6.2797,0,0,OPEN,"2025-02-22 14:17:14",1,0,{},17,23,10,7,0,7,40,17,23,10,7,0,7,40
50,dublin,"GEORGES LANE","George's Lane",53.3502,-6.2797,0,0,OPEN,"2025-02-22 14:27:23",1,0,{},16,24,9,7,0,7,40,16,24,9,7,0,7,40
50,dublin,"GEORGES LANE","George's Lane",53.3502,-6.2797,0,0,OPEN,"2025-02-22 14:37:29",1,0,{},16,24,9,7,0,7,40,16,24,9,7,0,7,40
50,dublin,"GEORGES LANE","George's Lane",53.3502,-6.2797,0,0,OPEN,"2025-02-22 14:47:34",1,0,{},16,24,9,7,0,7,40,16,24,9,7,0,7,40
50,dublin,"GEORGES LANE","George's Lane",53.3502,-6.2797,0,0,OPEN,"2025-02-22 14:49:20",1,0,{},15,25,8,7,0,7,40,15,25,8,7,0,7,40
50,dublin,"GEORGES LANE","George's Lane",53.3502,-6.2797,0,0,OPEN,"2025-02-22 14:57:42",1,0,{},15,25,8,7,0,7,40,15,25,8,7,0,7,40
50,dublin,"GEORGES LANE","George's Lane",53.3502,-6.2797,0,0,OPEN,"2025-02-22 15:07:47",1,0,{},15,25,8,7,0,7,40,15,25,8,7,0,7,40
50,dublin,"GEORGES LANE","George's Lane",53.3502,-6.2797,0,0,OPEN,"2025-02-22 15:17:53",1,0,{},15,25,8,7,0,7,40,15,25,8,7,0,7,40
50,dublin,"GEORGES LANE","George's Lane",53.3502,-6.2797,0,0,OPEN,"2025-02-22 15:22:23",1,0,{},16,24,9,7,0,7,40,16,24,9,7,0,7,40
50,dublin,"GEORGES LANE","George's Lane",53.3502,-6.2797,0,0,OPEN,"2025-02-22 15:27:58",1,0,{},16,24,9,7,0,7,40,16,24,9,7,0,7,40
50,dublin,"GEORGES LANE","George's Lane",53.3502,-6.2797,0,0,OPEN,"2025-02-22 15:38:05",1,0,{},15,25,8,7,0,7,40,15,25,8,7,0,7,40
50,dublin,"GEORGES LANE","George's Lane",53.3502,-6.2797,0,0,OPEN,"2025-02-22 15:41:35",1,0,{},14,26,8,6,0,6,40,14,26,8,6,0,6,40
50,dublin,"GEORGES LANE","George's Lane",53.3502,-6.2797,0,0,OPEN,"2025-02-22 15:48:15",1,0,{},14,26,8,6,0,6,40,14,26,8,6,0,6,40
50,dublin,"GEORGES LANE","George's Lane",53.3502,-6.2797,0,0,OPEN,"2025-02-22 15:58:24",1,0,{},13,27,7,6,0,6,40,13,27,7,6,0,6,40
50,dublin,"GEORGES LANE","George's Lane",53.3502,-6.2797,0,0,OPEN,"2025-02-22 16:02:30",1,0,{},12,28,6,6,0,6,40,12,28,6,6,0,6,40
50,dublin,"GEORGES LANE","George's Lane",53.3502,-6.2797,0,0,OPEN,"2025-02-22 16:08:27",1,0,{},12,28,6,6,0,6,40,12,28,6,6,0,6,40
50,dublin,"GEORGES LANE","George's Lane",53.3502,-6.2797,0,0,OPEN,"2025-02-22 16:18:32",1,0,{},12,28,6,6,0,6,40,12,28,6,6,0,6,40
50,dublin,"GEORGES LANE","George's Lane",53.3502,-6.2797,0,0,OPEN,"2025-02-22 16:28:38",1,0,{},12,28,6,6,0,6,40,12,28,6,6,0,6,40
50,dublin,"GEORGES LANE","George's Lane",53.3502,-6.2797,0,0,OPEN,"2025-02-22 16:38:43",1,0,{},12,28,6,6,0,6,40,12,28,6,6,0,6,40
50,dublin,"GEORGES LANE","George's Lane",53.3502,-6.2797,0,0,OPEN,"2025-02-22 16:46:51",1,0,{},11,29,5,6,0,6,40,11,29,5,6,0,6,40
50,dublin,"GEORGES LANE","George's Lane",53.3502,-6.2797,0,0,OPEN,"2025-02-22 16:52:52",1,0,{},12,28,6,6,0,6,40,12,28,6,6,0,6,40
50,dublin,"GEORGES LANE","George's Lane",53.3502,-6.2797,0,0,OPEN,"2025-02-22 16:56:55",1,0,{},13,27,6,7,0,7,40,13,27,6,7,0,7,40
50,dublin,"GEORGES LANE","George's Lane",53.3502,-6.2797,0,0,OPEN,"2025-02-22 17:01:36",1,0,{},14,26,7,7,0,7,40,14,26,7,7,0,7,40
50,dublin,"GEORGES LANE","George's Lane",53.3502,-6.2797,0,0,OPEN,"2025-02-22 17:09:03",1,0,{},14,26,7,7,0,7,40,14,26,7,7,0,7,40
50,dublin,"GEORGES LANE","George's Lane",53.3502,-6.2797,0,0,OPEN,"2025-02-22 17:14:45",1,0,{},15,25,8,7,0,7,40,15,25,8,7,0,7,40
50,dublin,"GEORGES LANE","George's Lane",53.3502,-6.2797,0,0,OPEN,"2025-02-22 17:19:09",1,0,{},15,25,8,7,0,7,40,15,25,8,7,0,7,40
50,dublin,"GEORGES LANE","George's Lane",53.3502,-6.2797,0,0,OPEN,"2025-02-22 17:27:15",1,0,{},15,25,8,7,0,7,40,15,25,8,7,0,7,40
50,dublin,"GEORGES LANE","George's Lane",53.3502,-6.2797,0,0,OPEN,"2025-02-22 17:32:25",1,0,{},14,26,7,7,0,7,40,14,26,7,7,0,7,40
50,dublin,"GEORGES LANE","George's Lane",53.3502,-6.2797,0,0,OPEN,"2025-02-22 17:39:22",1,0,{},14,26,7,7,0,7,40,14,26,7,7,0,7,40
50,dublin,"GEORGES LANE","George's Lane",53.3502,-6.2797,0,0,OPEN,"2025-02-22 17:44:46",1,0,{},15,25,7,8,0,8,40,15,25,7,8,0,8,40
50,dublin,"GEORGES LANE","George's Lane",53.3502,-6.2797,0,0,OPEN,"2025-02-22 17:53:17",1,0,{},16,24,8,8,0,8,40,16,24,8,8,0,8,40
50,dublin,"GEORGES LANE","George's Lane",53.3502,-6.2797,0,0,OPEN,"2025-02-22 17:58:11",1,0,{},15,25,7,8,0,8,40,15,25,7,8,0,8,40
50,dublin,"GEORGES LANE","George's Lane",53.3502,-6.2797,0,0,OPEN,"2025-02-22 17:59:39",1,0,{},15,25,7,8,0,8,40,15,25,7,8,0,8,40
50,dublin,"GEORGES LANE","George's Lane",53.3502,-6.2797,0,0,OPEN,"2025-02-22 18:03:51",1,0,{},16,24,8,8,0,8,40,16,24,8,8,0,8,40
50,dublin,"GEORGES LANE","George's Lane",53.3502,-6.2797,0,0,OPEN,"2025-02-22 18:09:45",1,0,{},16,24,8,8,0,8,40,16,24,8,8,0,8,40
50,dublin,"GEORGES LANE","George's Lane",53.3502,-6.2797,0,0,OPEN,"2025-02-22 18:19:50",1,0,{},16,24,8,8,0,8,40,16,24,8,8,0,8,40
50,dublin,"GEORGES LANE","George's Lane",53.3502,-6.2797,0,0,OPEN,"2025-02-22 18:29:56",1,0,{},16,24,8,8,0,8,40,16,24,8,8,0,8,40
50,dublin,"GEORGES LANE","George's Lane",53.3502,-6.2797,0,0,OPEN,"2025-02-22 18:38:37",1,0,{},15,25,6,9,0,9,40,15,25,6,9,0,9,40
50,dublin,"GEORGES LANE","George's Lane",53.3502,-6.2797,0,0,OPEN,"2025-02-22 18:40:19",1,0,{},16,24,7,9,0,9,40,16,24,7,9,0,9,40
50,dublin,"GEORGES LANE","George's Lane",53.3502,-6.2797,0,0,OPEN,"2025-02-22 18:50:11",1,0,{},16,24,7,9,0,9,40,16,24,7,9,0,9,40
50,dublin,"GEORGES LANE","George's Lane",53.3502,-6.2797,0,0,OPEN,"2025-02-22 19:01:19",1,0,{},18,22,8,10,0,10,40,18,22,8,10,0,10,40
50,dublin,"GEORGES LANE","George's Lane",53.3502,-6.2797,0,0,OPEN,"2025-02-22 19:04:42",1,0,{},19,21,9,10,0,10,40,19,21,9,10,0,10,40
50,dublin,"GEORGES LANE","George's Lane",53.3502,-6.2797,0,0,OPEN,"2025-02-22 19:10:26",1,0,{},20,20,10,10,0,10,40,20,20,10,10,0,10,40
50,dublin,"GEORGES LANE","George's Lane",53.3502,-6.2797,0,0,OPEN,"2025-02-22 19:22:47",1,0,{},18,22,8,10,0,10,40,18,22,8,10,0,10,40
50,dublin,"GEORGES LANE","George's Lane",53.3502,-6.2797,0,0,OPEN,"2025-02-22 19:31:01",1,0,{},19,21,9,10,0,10,40,19,21,9,10,0,10,40
50,dublin,"GEORGES LANE","George's Lane",53.3502,-6.2797,0,0,OPEN,"2025-02-22 19:40:46",1,0,{},19,21,9,10,0,10,40,19,21,9,10,0,10,40
50,dublin,"GEORGES LANE","George's Lane",53.3502,-6.2797,0,0,OPEN,"2025-02-22 19:46:39",1,0,{},20,20,9,11,0,11,40,20,20,9,11,0,11,40
50,dublin,"GEORGES LANE","George's Lane",53.3502,-6.2797,0,0,OPEN,"2025-02-22 19:50:54",1,0,{},20,20,9,11,0,11,40,20,20,9,11,0,11,40
50,dublin,"GEORGES LANE","George's Lane",53.3502,-6.2797,0,0,OPEN,"2025-02-22 19:55:48",1,0,{},20,20,9,11,0,11,40,20,20,9,11,0,11,40
50,dublin,"GEORGES LANE","George's Lane",53.3502,-6.2797,0,0,OPEN,"2025-02-22 20:01:00",1,0,{},20,20,9,11,0,11,40,20,20,9,11,0,11,40
50,dublin,"GEORGES LANE","George's Lane",53.3502,-6.2797,0,0,OPEN,"2025-02-22 20:11:06",1,0,{},20,20,9,11,0,11,40,20,20,9,11,0,11,40
50,dublin,"GEORGES LANE","George's Lane",53.3502,-6.2797,0,0,OPEN,"2025-02-22 20:21:11",1,0,{},20,20,9,11,0,11,40,20,20,9,11,0,11,40
50,dublin,"GEORGES LANE","George's Lane",53.3502,-6.2797,0,0,OPEN,"2025-02-22 20:31:16",1,0,{},20,20,9,11,0,11,40,20,20,9,11,0,11,40
50,dublin,"GEORGES LANE","George's Lane",53.3502,-6.2797,0,0,OPEN,"2025-02-22 20:41:22",1,0,{},20,20,9,11,0,11,40,20,20,9,11,0,11,40
50,dublin,"GEORGES LANE","George's Lane",53.3502,-6.2797,0,0,OPEN,"2025-02-22 20:48:52",1,0,{},19,21,8,11,0,11,40,19,21,8,11,0,11,40
50,dublin,"GEORGES LANE","George's Lane",53.3502,-6.2797,0,0,OPEN,"2025-02-22 20:51:29",1,0,{},19,21,8,11,0,11,40,19,21,8,11,0,11,40
50,dublin,"GEORGES LANE","George's Lane",53.3502,-6.2797,0,0,OPEN,"2025-02-22 20:58:08",1,0,{},18,22,7,11,0,11,40,18,22,7,11,0,11,40
50,dublin,"GEORGES LANE","George's Lane",53.3502,-6.2797,0,0,OPEN,"2025-02-22 21:04:17",1,0,{},18,21,7,11,0,11,40,18,21,7,11,0,11,40
50,dublin,"GEORGES LANE","George's Lane",53.3502,-6.2797,0,0,OPEN,"2025-02-22 21:11:43",1,0,{},18,21,7,11,0,11,40,18,21,7,11,0,11,40
50,dublin,"GEORGES LANE","George's Lane",53.3502,-6.2797,0,0,OPEN,"2025-02-22 21:21:48",1,0,{},18,21,7,11,0,11,40,18,21,7,11,0,11,40
50,dublin,"GEORGES LANE","George's Lane",53.3502,-6.2797,0,0,OPEN,"2025-02-22 21:24:42",1,0,{},16,23,5,11,0,11,40,16,23,5,11,0,11,40
50,dublin,"GEORGES LANE","George's Lane",53.3502,-6.2797,0,0,OPEN,"2025-02-22 21:31:55",1,0,{},16,23,5,11,0,11,40,16,23,5,11,0,11,40
50,dublin,"GEORGES LANE","George's Lane",53.3502,-6.2797,0,0,OPEN,"2025-02-22 21:42:00",1,0,{},16,23,5,11,0,11,40,16,23,5,11,0,11,40
50,dublin,"GEORGES LANE","George's Lane",53.3502,-6.2797,0,0,OPEN,"2025-02-22 21:48:10",1,0,{},17,23,6,11,0,11,40,17,23,6,11,0,11,40
50,dublin,"GEORGES LANE","George's Lane",53.3502,-6.2797,0,0,OPEN,"2025-02-22 21:52:07",1,0,{},17,23,6,11,0,11,40,17,23,6,11,0,11,40
50,dublin,"GEORGES LANE","George's Lane",53.3502,-6.2797,0,0,OPEN,"2025-02-22 21:56:46",1,0,{},16,24,5,11,0,11,40,16,24,5,11,0,11,40
50,dublin,"GEORGES LANE","George's Lane",53.3502,-6.2797,0,0,OPEN,"2025-02-22 22:02:15",1,0,{},16,24,5,11,0,11,40,16,24,5,11,0,11,40
50,dublin,"GEORGES LANE","George's Lane",53.3502,-6.2797,0,0,OPEN,"2025-02-22 22:12:20",1,0,{},16,24,5,11,0,11,40,16,24,5,11,0,11,40
51,dublin,"YORK STREET WEST","York Street West",53.3393,-6.2647,0,0,OPEN,"2025-02-22 02:54:20",1,0,{},0,0,0,0,0,0,40,0,0,0,0,0,0,40
51,dublin,"YORK STREET WEST","York Street West",53.3393,-6.2647,0,0,OPEN,"2025-02-22 03:04:24",1,0,{},0,0,0,0,0,0,40,0,0,0,0,0,0,40
51,dublin,"YORK STREET WEST","York Street West",53.3393,-6.2647,0,0,OPEN,"2025-02-22 03:15:56",1,0,{},0,0,0,0,0,0,40,0,0,0,0,0,0,40
51,dublin,"YORK STREET WEST","York Street West",53.3393,-6.2647,0,0,OPEN,"2025-02-22 10:08:47",1,0,{},0,0,0,0,0,0,40,0,0,0,0,0,0,40
51,dublin,"YORK STREET WEST","York Street West",53.3393,-6.2647,0,0,OPEN,"2025-02-22 10:18:51",1,0,{},0,0,0,0,0,0,40,0,0,0,0,0,0,40
51,dublin,"YORK STREET WEST","York Street West",53.3393,-6.2647,0,0,OPEN,"2025-02-22 10:28:56",1,0,{},0,0,0,0,0,0,40,0,0,0,0,0,0,40
51,dublin,"YORK STREET WEST","York Street West",53.3393,-6.2647,0,0,OPEN,"2025-02-22 10:38:59",1,0,{},0,0,0,0,0,0,40,0,0,0,0,0,0,40
51,dublin,"YORK STREET WEST","York Street West",53.3393,-6.2647,0,0,OPEN,"2025-02-22 10:49:04",1,0,{},0,0,0,0,0,0,40,0,0,0,0,0,0,40
51,dublin,"YORK STREET WEST","York Street West",53.3393,-6.2647,0,0,OPEN,"2025-02-22 10:59:08",1,0,{},0,0,0,0,0,0,40,0,0,0,0,0,0,40
51,dublin,"YORK STREET WEST","York Street West",53.3393,-6.2647,0,0,OPEN,"2025-02-22 11:09:12",1,0,{},0,0,0,0,0,0,40,0,0,0,0,0,0,40
51,dublin,"YORK STREET WEST","York Street West",53.3393,-6.2647,0,0,OPEN,"2025-02-22 11:19:16",1,0,{},0,0,0,0,0,0,40,0,0,0,0,0,0,40
51,dublin,"YORK STREET WEST","York Street West",53.3393,-6.2647,0,0,OPEN,"2025-02-22 11:29:20",1,0,{},0,0,0,0,0,0,40,0,0,0,0,0,0,40
51,dublin,"YORK STREET WEST","York Street West",53.3393,-6.2647,0,0,OPEN,"2025-02-22 11:39:24",1,0,{},0,0,0,0,0,0,40,0,0,0,0,0,0,40
51,dublin,"YORK STREET WEST","York Street West",53.3393,-6.2647,0,0,OPEN,"2025-02-22 11:49:28",1,0,{},0,0,0,0,0,0,40,0,0,0,0,0,0,40
51,dublin,"YORK STREET WEST","York Street West",53.3393,-6.2647,0,0,OPEN,"2025-02-22 11:59:32",1,0,{},0,0,0,0,0,0,40,0,0,0,0,0,0,40
51,dublin,"YORK STREET WEST","York Street West",53.3393,-6.2647,0,0,OPEN,"2025-02-22 12:09:36",1,0,{},0,0,0,0,0,0,40,0,0,0,0,0,0,40
51,dublin,"YORK STREET WEST","York Street West",53.3393,-6.2647,0,0,OPEN,"2025-02-22 12:19:41",1,0,{},0,0,0,0,0,0,40,0,0,0,0,0,0,40
51,dublin,"YORK STREET WEST","York Street West",53.3393,-6.2647,0,0,OPEN,"2025-02-22 12:29:45",1,0,{},0,0,0,0,0,0,40,0,0,0,0,0,0,40
51,dublin,"YORK STREET WEST","York Street West",53.3393,-6.2647,0,0,OPEN,"2025-02-22 12:39:49",1,0,{},0,0,0,0,0,0,40,0,0,0,0,0,0,40
51,dublin,"YORK STREET WEST","York Street West",53.3393,-6.2647,0,0,OPEN,"2025-02-22 12:49:53",1,0,{},0,0,0,0,0,0,40,0,0,0,0,0,0,40
51,dublin,"YORK STREET WEST","York Street West",53.3393,-6.2647,0,0,OPEN,"2025-02-22 12:59:58",1,0,{},0,0,0,0,0,0,40,0,0,0,0,0,0,40
51,dublin,"YORK STREET WEST","York Street West",53.3393,-6.2647,0,0,OPEN,"2025-02-22 13:10:02",1,0,{},0,0,0,0,0,0,40,0,0,0,0,0,0,40
51,dublin,"YORK STREET WEST","York Street West",53.3393,-6.2647,0,0,OPEN,"2025-02-22 13:20:06",1,0,{},0,0,0,0,0,0,40,0,0,0,0,0,0,40
51,dublin,"YORK STREET WEST","York Street West",53.3393,-6.2647,0,0,OPEN,"2025-02-22 13:30:10",1,0,{},0,0,0,0,0,0,40,0,0,0,0,0,0,40
51,dublin,"YORK STREET WEST","York Street West",53.3393,-6.2647,0,0,OPEN,"2025-02-22 13:40:15",1,0,{},0,0,0,0,0,0,40,0,0,0,0,0,0,40
51,dublin,"YORK STREET WEST","York Street West",53.3393,-6.2647,0,0,OPEN,"2025-02-22 13:50:19",1,0,{},0,0,0,0,0,0,40,0,0,0,0,0,0,40
51,dublin,"YORK STREET WEST","York Street West",53.3393,-6.2647,0,0,OPEN,"2025-02-22 14:00:23",1,0,{},0,0,0,0,0,0,40,0,0,0,0,0,0,40
51,dublin,"YORK STREET WEST","York Street West",53.3393,-6.2647,0,0,OPEN,"2025-02-22 14:10:27",1,0,{},0,0,0,0,0,0,40,0,0,0,0,0,0,40
51,dublin,"YORK STREET WEST","York Street West",53.3393,-6.2647,0,0,OPEN,"2025-02-22 14:20:32",1,0,{},0,0,0,0,0,0,40,0,0,0,0,0,0,40
51,dublin,"YORK STREET WEST","York Street West",53.3393,-6.2647,0,0,OPEN,"2025-02-22 14:30:36",1,0,{},0,0,0,0,0,0,40,0,0,0,0,0,0,40
51,dublin,"YORK STREET WEST","York Street West",53.3393,-6.2647,0,0,OPEN,"2025-02-22 14:40:40",1,0,{},0,0,0,0,0,0,40,0,0,0,0,0,0,40
51,dublin,"YORK STREET WEST","York Street West",53.3393,-6.2647,0,0,OPEN,"2025-02-22 14:50:44",1,0,{},0,0,0,0,0,0,40,0,0,0,0,0,0,40
51,dublin,"YORK STREET WEST","York Street West",53.3393,-6.2647,0,0,OPEN,"2025-02-22 15:00:48",1,0,{},0,0,0,0,0,0,40,0,0,0,0,0,0,40
51,dublin,"YORK STREET WEST","York Street West",53.3393,-6.2647,0,0,OPEN,"2025-02-22 15:10:52",1,0,{},0,0,0,0,0,0,40,0,0,0,0,0,0,40
51,dublin,"YORK STREET WEST","York Street West",53.3393,-6.2647,0,0,OPEN,"2025-02-22 15:20:56",1,0,{},0,0,0,0,0,0,40,0,0,0,0,0,0,40
51,dublin,"YORK STREET WEST","York Street West",53.3393,-6.2647,0,0,OPEN,"2025-02-22 15:31:00",1,0,{},0,0,0,0,0,0,40,0,0,0,0,0,0,40
51,dublin,"YORK STREET WEST","York Street West",53.3393,-6.2647,0,0,OPEN,"2025-02-22 15:41:05",1,0,{},0,0,0,0,0,0,40,0,0,0,0,0,0,40
51,dublin,"YORK STREET WEST","York Street West",53.3393,-6.2647,0,0,OPEN,"2025-02-22 15:51:09",1,0,{},0,0,0,0,0,0,40,0,0,0,0,0,0,40
51,dublin,"YORK STREET WEST","York Street West",53.3393,-6.2647,0,0,OPEN,"2025-02-22 16:01:13",1,0,{},0,0,0,0,0,0,40,0,0,0,0,0,0,40
51,dublin,"YORK STREET WEST","York Street West",53.3393,-6.2647,0,0,OPEN,"2025-02-22 16:11:17",1,0,{},0,0,0,0,0,0,40,0,0,0,0,0,0,40
51,dublin,"YORK STREET WEST","York Street West",53.3393,-6.2647,0,0,OPEN,"2025-02-22 16:21:21",1,0,{},0,0,0,0,0,0,40,0,0,0,0,0,0,40
51,dublin,"YORK STREET WEST","York Street West",53.3393,-6.2647,0,0,OPEN,"2025-02-22 16:31:26",1,0,{},0,0,0,0,0,0,40,0,0,0,0,0,0,40
51,dublin,"YORK STREET WEST","York Street West",53.3393,-6.2647,0,0,OPEN,"2025-02-22 16:41:30",1,0,{},0,0,0,0,0,0,40,0,0,0,0,0,0,40
51,dublin,"YORK STREET WEST","York Street West",53.3393,-6.2647,0,0,OPEN,"2025-02-22 16:51:34",1,0,{},0,0,0,0,0,0,40,0,0,0,0,0,0,40
51,dublin,"YORK STREET WEST","York Street West",53.3393,-6.2647,0,0,OPEN,"2025-02-22 17:01:38",1,0,{},0,0,0,0,0,0,40,0,0,0,0,0,0,40
51,dublin,"YORK STREET WEST","York Street West",53.3393,-6.2647,0,0,OPEN,"2025-02-22 17:11:42",1,0,{},0,0,0,0,0,0,40,0,0,0,0,0,0,40
51,dublin,"YORK STREET WEST","York Street West",53.3393,-6.2647,0,0,OPEN,"2025-02-22 17:21:46",1,0,{},0,0,0,0,0,0,40,0,0,0,0,0,0,40
51,dublin,"YORK STREET WEST","York Street West",53.3393,-6.2647,0,0,OPEN,"2025-02-22 17:31:50",1,0,{},0,0,0,0,0,0,40,0,0,0,0,0,0,40
51,dublin,"YORK STREET WEST","York Street West",53.3393,-6.2647,0,0,OPEN,"2025-02-22 17:41:54",1,0,{},0,0,0,0,0,0,40,0,0,0,0,0,0,40
51,dublin,"YORK STREET WEST","York Street West",53.3393,-6.2647,0,0,OPEN,"2025-02-22 17:51:58",1,0,{},0,0,0,0,0,0,40,0,0,0,0,0,0,40
51,dublin,"YORK STREET WEST","York Street West",53.3393,-6.2647,0,0,OPEN,"2025-02-22 18:02:02",1,0,{},0,0,0,0,0,0,40,0,0,0,0,0,0,40
51,dublin,"YORK STREET WEST","York Street West",53.3393,-6.2647,0,0,OPEN,"2025-02-22 18:12:06",1,0,{},0,0,0,0,0,0,40,0,0,0,0,0,0,40
51,dublin,"YORK STREET WEST","York Street West",53.3393,-6.2647,0,0,OPEN,"2025-02-22 18:22:10",1,0,{},0,0,0,0,0,0,40,0,0,0,0,0,0,40
51,dublin,"YORK STREET WEST","York Street West",53.3393,-6.2647,0,0,OPEN,"2025-02-22 18:32:14",1,0,{},0,0,0,0,0,0,40,0,0,0,0,0,0,40
51,dublin,"YORK STREET WEST","York Street West",53.3393,-6.2647,0,0,OPEN,"2025-02-22 18:42:18",1,0,{},0,0,0,0,0,0,40,0,0,0,0,0,0,40
51,dublin,"YORK STREET WEST","York Street West",53.3393,-6.2647,0,0,OPEN,"2025-02-22 18:52:22",1,0,{},0,0,0,0,0,0,40,0,0,0,0,0,0,40
51,dublin,"YORK STREET WEST","York Street West",53.3393,-6.2647,0,0,OPEN,"2025-02-22 19:02:28",1,0,{},0,0,0,0,0,0,40,0,0,0,0,0,0,40
51,dublin,"YORK STREET WEST","York Street West",53.3393,-6.2647,0,0,OPEN,"2025-02-22 19:12:32",1,0,{},0,0,0,0,0,0,40,0,0,0,0,0,0,40
51,dublin,"YORK STREET WEST","York Street West",53.3393,-6.2647,0,0,OPEN,"2025-02-22 19:22:36",1,0,{},0,0,0,0,0,0,40,0,0,0,0,0,0,40
51,dublin,"YORK STREET WEST","York Street West",53.3393,-6.2647,0,0,OPEN,"2025-02-22 19:32:41",1,0,{},0,0,0,0,0,0,40,0,0,0,0,0,0,40
51,dublin,"YORK STREET WEST","York Street West",53.3393,-6.2647,0,0,OPEN,"2025-02-22 19:42:44",1,0,{},0,0,0,0,0,0,40,0,0,0,0,0,0,40
51,dublin,"YORK STREET WEST","York Street West",53.3393,-6.2647,0,0,OPEN,"2025-02-22 19:52:48",1,0,{},0,0,0,0,0,0,40,0,0,0,0,0,0,40
51,dublin,"YORK STREET WEST","York Street West",53.3393,-6.2647,0,0,OPEN,"2025-02-22 20:02:52",1,0,{},0,0,0,0,0,0,40,0,0,0,0,0,0,40
51,dublin,"YORK STREET WEST","York Street West",53.3393,-6.2647,0,0,OPEN,"2025-02-22 20:12:57",1,0,{},0,0,0,0,0,0,40,0,0,0,0,0,0,40
51,dublin,"YORK STREET WEST","York Street West",53.3393,-6.2647,0,0,OPEN,"2025-02-22 20:23:01",1,0,{},0,0,0,0,0,0,40,0,0,0,0,0,0,40
51,dublin,"YORK STREET WEST","York Street West",53.3393,-6.2647,0,0,OPEN,"2025-02-22 20:33:05",1,0,{},0,0,0,0,0,0,40,0,0,0,0,0,0,40
51,dublin,"YORK STREET WEST","York Street West",53.3393,-6.2647,0,0,OPEN,"2025-02-22 20:43:09",1,0,{},0,0,0,0,0,0,40,0,0,0,0,0,0,40
51,dublin,"YORK STREET WEST","York Street West",53.3393,-6.2647,0,0,OPEN,"2025-02-22 20:53:14",1,0,{},0,0,0,0,0,0,40,0,0,0,0,0,0,40
51,dublin,"YORK STREET WEST","York Street West",53.3393,-6.2647,0,0,OPEN,"2025-02-22 21:03:18",1,0,{},0,0,0,0,0,0,40,0,0,0,0,0,0,40
51,dublin,"YORK STREET WEST","York Street West",53.3393,-6.2647,0,0,OPEN,"2025-02-22 21:13:22",1,0,{},0,0,0,0,0,0,40,0,0,0,0,0,0,40
51,dublin,"YORK STREET WEST","York Street West",53.3393,-6.2647,0,0,OPEN,"2025-02-22 21:23:26",1,0,{},0,0,0,0,0,0,40,0,0,0,0,0,0,40
51,dublin,"YORK STREET WEST","York Street West",53.3393,-6.2647,0,0,OPEN,"2025-02-22 21:33:30",1,0,{},0,0,0,0,0,0,40,0,0,0,0,0,0,40
51,dublin,"YORK STREET WEST","York Street West",53.3393,-6.2647,0,0,OPEN,"2025-02-22 21:43:35",1,0,{},0,0,0,0,0,0,40,0,0,0,0,0,0,40
51,dublin,"YORK STREET WEST","York Street West",53.3393,-6.2647,0,0,OPEN,"2025-02-22 21:53:39",1,0,{},0,0,0,0,0,0,40,0,0,0,0,0,0,40
51,dublin,"YORK STREET WEST","York Street West",53.3393,-6.2647,0,0,OPEN,"2025-02-22 22:03:44",1,0,{},0,0,0,0,0,0,40,0,0,0,0,0,0,40
51,dublin,"YORK STREET WEST","York Street West",53.3393,-6.2647,0,0,OPEN,"2025-02-22 22:13:48",1,0,{},0,0,0,0,0,0,40,0,0,0,0,0,0,40
52,dublin,"YORK STREET EAST","York Street East",53.3388,-6.262,0,0,OPEN,"2025-02-22 02:57:14",1,0,{},9,23,5,4,0,4,32,9,23,5,4,0,4,32
52,dublin,"YORK STREET EAST","York Street East",53.3388,-6.262,0,0,OPEN,"2025-02-22 03:07:18",1,0,{},9,23,5,4,0,4,32,9,23,5,4,0,4,32
52,dublin,"YORK STREET EAST","York Street East",53.3388,-6.262,0,0,OPEN,"2025-02-22 10:10:51",1,0,{},14,18,8,6,0,6,32,14,18,8,6,0,6,32
52,dublin,"YORK STREET EAST","York Street East",53.3388,-6.262,0,0,OPEN,"2025-02-22 10:20:57",1,0,{},14,18,8,6,0,6,32,14,18,8,6,0,6,32
52,dublin,"YORK STREET EAST","York Street East",53.3388,-6.262,0,0,OPEN,"2025-02-22 10:31:02",1,0,{},14,18,8,6,0,6,32,14,18,8,6,0,6,32
52,dublin,"YORK STREET EAST","York Street East",53.3388,-6.262,0,0,OPEN,"2025-02-22 10:41:07",1,0,{},14,18,8,6,0,6,32,14,18,8,6,0,6,32
52,dublin,"YORK STREET EAST","York Street East",53.3388,-6.262,0,0,OPEN,"2025-02-22 10:51:13",1,0,{},17,15,11,6,0,6,32,17,15,11,6,0,6,32
52,dublin,"YORK STREET EAST","York Street East",53.3388,-6.262,0,0,OPEN,"2025-02-22 11:01:19",1,0,{},17,15,11,6,0,6,32,17,15,11,6,0,6,32
52,dublin,"YORK STREET EAST","York Street East",53.3388,-6.262,0,0,OPEN,"2025-02-22 11:11:24",1,0,{},17,15,11,6,0,6,32,17,15,11,6,0,6,32
52,dublin,"YORK STREET EAST","York Street East",53.3388,-6.262,0,0,OPEN,"2025-02-22 11:21:30",1,0,{},17,15,11,6,0,6,32,17,15,11,6,0,6,32
52,dublin,"YORK STREET EAST","York Street East",53.3388,-6.262,0,0,OPEN,"2025-02-22 11:31:35",1,0,{},17,15,11,6,0,6,32,17,15,11,6,0,6,32
52,dublin,"YORK STREET EAST","York Street East",53.3388,-6.262,0,0,OPEN,"2025-02-22 11:41:40",1,0,{},17,15,11,6,0,6,32,17,15,11,6,0,6,32
52,dublin,"YORK STREET EAST","York Street East",53.3388,-6.262,0,0,OPEN,"2025-02-22 11:51:45",1,0,{},17,15,11,6,0,6,32,17,15,11,6,0,6,32
52,dublin,"YORK STREET EAST","York Street East",53.3388,-6.262,0,0,OPEN,"2025-02-22 12:03:25",1,0,{},17,15,10,7,0,7,32,17,15,10,7,0,7,32
52,dublin,"YORK STREET EAST","York Street East",53.3388,-6.262,0,0,OPEN,"2025-02-22 12:08:18",1,0,{},16,16,9,7,0,7,32,16,16,9,7,0,7,32
52,dublin,"YORK STREET EAST","York Street East",53.3388,-6.262,0,0,OPEN,"2025-02-22 12:11:59",1,0,{},16,16,9,7,0,7,32,16,16,9,7,0,7,32
52,dublin,"YORK STREET EAST","York Street East",53.3388,-6.262,0,0,OPEN,"2025-02-22 12:22:04",1,0,{},16,16,9,7,0,7,32,16,16,9,7,0,7,32
52,dublin,"YORK STREET EAST","York Street East",53.3388,-6.262,0,0,OPEN,"2025-02-22 12:32:10",1,0,{},16,16,9,7,0,7,32,16,16,9,7,0,7,32
52,dublin,"YORK STREET EAST","York Street East",53.3388,-6.262,0,0,OPEN,"2025-02-22 12:42:15",1,0,{},16,16,9,7,0,7,32,16,16,9,7,0,7,32
52,dublin,"YORK STREET EAST","York Street East",53.3388,-6.262,0,0,OPEN,"2025-02-22 12:52:20",1,0,{},16,16,9,7,0,7,32,16,16,9,7,0,7,32
52,dublin,"YORK STREET EAST","York Street East",53.3388,-6.262,0,0,OPEN,"2025-02-22 13:02:25",1,0,{},16,16,9,7,0,7,32,16,16,9,7,0,7,32
52,dublin,"YORK STREET EAST","York Street East",53.3388,-6.262,0,0,OPEN,"2025-02-22 13:12:30",1,0,{},16,16,9,7,0,7,32,16,16,9,7,0,7,32
52,dublin,"YORK STREET EAST","York Street East",53.3388,-6.262,0,0,OPEN,"2025-02-22 13:15:26",1,0,{},17,15,10,7,0,7,32,17,15,10,7,0,7,32
52,dublin,"YORK STREET EAST","York Street East",53.3388,-6.262,0,0,OPEN,"2025-02-22 13:22:43",1,0,{},18,14,11,7,0,7,32,18,14,11,7,0,7,32
52,dublin,"YORK STREET EAST","York Street East",53.3388,-6.262,0,0,OPEN,"2025-02-22 13:25:17",1,0,{},22,10,11,11,0,11,32,22,10,11,11,0,11,32
52,dublin,"YORK STREET EAST","York Street East",53.3388,-6.262,0,0,OPEN,"2025-02-22 13:32:43",1,0,{},22,10,11,11,0,11,32,22,10,11,11,0,11,32
52,dublin,"YORK STREET EAST","York Street East",53.3388,-6.262,0,0,OPEN,"2025-02-22 13:42:50",1,0,{},21,11,11,10,0,10,32,21,11,11,10,0,10,32
52,dublin,"YORK STREET EAST","York Street East",53.3388,-6.262,0,0,OPEN,"2025-02-22 13:43:45",1,0,{},22,10,11,11,0,11,32,22,10,11,11,0,11,32
52,dublin,"YORK STREET EAST","York Street East",53.3388,-6.262,0,0,OPEN,"2025-02-22 13:52:57",1,0,{},22,10,11,11,0,11,32,22,10,11,11,0,11,32
52,dublin,"YORK STREET EAST","York Street East",53.3388,-6.262,0,0,OPEN,"2025-02-22 13:55:54",1,0,{},23,9,12,11,0,11,32,23,9,12,11,0,11,32
52,dublin,"YORK STREET EAST","York Street East",53.3388,-6.262,0,0,OPEN,"2025-02-22 14:03:03",1,0,{},23,9,12,11,0,11,32,23,9,12,11,0,11,32
52,dublin,"YORK STREET EAST","York Street East",53.3388,-6.262,0,0,OPEN,"2025-02-22 14:04:28",1,0,{},23,9,12,11,0,11,32,23,9,12,11,0,11,32
52,dublin,"YORK STREET EAST","York Street East",53.3388,-6.262,0,0,OPEN,"2025-02-22 14:13:11",1,0,{},24,8,12,12,0,12,32,24,8,12,12,0,12,32
52,dublin,"YORK STREET EAST","York Street East",53.3388,-6.262,0,0,OPEN,"2025-02-22 14:23:17",1,0,{},24,8,12,12,0,12,32,24,8,12,12,0,12,32
52,dublin,"YORK STREET EAST","York Street East",53.3388,-6.262,0,0,OPEN,"2025-02-22 14:28:26",1,0,{},24,8,12,12,0,12,32,24,8,12,12,0,12,32
52,dublin,"YORK STREET EAST","York Street East",53.3388,-6.262,0,0,OPEN,"2025-02-22 14:33:24",1,0,{},23,9,11,12,0,12,32,23,9,11,12,0,12,32
52,dublin,"YORK STREET EAST","York Street East",53.3388,-6.262,0,0,OPEN,"2025-02-22 14:37:24",1,0,{},23,9,11,12,0,12,32,23,9,11,12,0,12,32
52,dublin,"YORK STREET EAST","York Street East",53.3388,-6.262,0,0,OPEN,"2025-02-22 14:43:30",1,0,{},24,8,11,13,0,13,32,24,8,11,13,0,13,32
52,dublin,"YORK STREET EAST","York Street East",53.3388,-6.262,0,0,OPEN,"2025-02-22 14:53:35",1,0,{},24,8,11,13,0,13,32,24,8,11,13,0,13,32
52,dublin,"YORK STREET EAST","York Street East",53.3388,-6.262,0,0,OPEN,"2025-02-22 15:03:41",1,0,{},24,8,11,13,0,13,32,24,8,11,13,0,13,32
52,dublin,"YORK STREET EAST","York Street East",53.3388,-6.262,0,0,OPEN,"2025-02-22 15:10:25",1,0,{},24,8,10,14,0,14,32,24,8,10,14,0,14,32
52,dublin,"YORK STREET EAST","York Street East",53.3388,-6.262,0,0,OPEN,"2025-02-22 15:16:22",1,0,{},24,8,10,14,0,14,32,24,8,10,14,0,14,32
52,dublin,"YORK STREET EAST","York Street East",53.3388,-6.262,0,0,OPEN,"2025-02-22 15:19:44",1,0,{},25,7,11,14,0,14,32,25,7,11,14,0,14,32
52,dublin,"YORK STREET EAST","York Street East",53.3388,-6.262,0,0,OPEN,"2025-02-22 15:23:53",1,0,{},25,7,11,14,0,14,32,25,7,11,14,0,14,32
52,dublin,"YORK STREET EAST","York Street East",53.3388,-6.262,0,0,OPEN,"2025-02-22 15:33:58",1,0,{},25,7,11,14,0,14,32,25,7,11,14,0,14,32
52,dublin,"YORK STREET EAST","York Street East",53.3388,-6.262,0,0,OPEN,"2025-02-22 15:39:20",1,0,{},26,6,11,15,0,15,32,26,6,11,15,0,15,32
52,dublin,"YORK STREET EAST","York Street East",53.3388,-6.262,0,0,OPEN,"2025-02-22 15:44:06",1,0,{},26,6,11,15,0,15,32,26,6,11,15,0,15,32
52,dublin,"YORK STREET EAST","York Street East",53.3388,-6.262,0,0,OPEN,"2025-02-22 15:54:11",1,0,{},26,6,11,15,0,15,32,26,6,11,15,0,15,32
52,dublin,"YORK STREET EAST","York Street East",53.3388,-6.262,0,0,OPEN,"2025-02-22 16:01:42",1,0,{},25,7,11,14,0,14,32,25,7,11,14,0,14,32
52,dublin,"YORK STREET EAST","York Street East",53.3388,-6.262,0,0,OPEN,"2025-02-22 16:05:59",1,0,{},24,8,10,14,0,14,32,24,8,10,14,0,14,32
52,dublin,"YORK STREET EAST","York Street East",53.3388,-6.262,0,0,OPEN,"2025-02-22 16:14:25",1,0,{},24,8,10,14,0,14,32,24,8,10,14,0,14,32
52,dublin,"YORK STREET EAST","York Street East",53.3388,-6.262,0,0,OPEN,"2025-02-22 16:25:05",1,0,{},24,8,10,14,0,14,32,24,8,10,14,0,14,32
52,dublin,"YORK STREET EAST","York Street East",53.3388,-6.262,0,0,OPEN,"2025-02-22 16:34:37",1,0,{},24,8,10,14,0,14,32,24,8,10,14,0,14,32
52,dublin,"YORK STREET EAST","York Street East",53.3388,-6.262,0,0,OPEN,"2025-02-22 16:41:13",1,0,{},25,7,10,15,0,15,32,25,7,10,15,0,15,32
52,dublin,"YORK STREET EAST","York Street East",53.3388,-6.262,0,0,OPEN,"2025-02-22 16:45:47",1,0,{},27,5,12,15,0,15,32,27,5,12,15,0,15,32
52,dublin,"YORK STREET EAST","York Street East",53.3388,-6.262,0,0,OPEN,"2025-02-22 16:54:48",1,0,{},27,5,12,15,0,15,32,27,5,12,15,0,15,32
52,dublin,"YORK STREET EAST","York Street East",53.3388,-6.262,0,0,OPEN,"2025-02-22 17:04:54",1,0,{},27,5,12,15,0,15,32,27,5,12,15,0,15,32
52,dublin,"YORK STREET EAST","York Street East",53.3388,-6.262,0,0,OPEN,"2025-02-22 17:14:59",1,0,{},27,5,12,15,0,15,32,27,5,12,15,0,15,32
52,dublin,"YORK STREET EAST","York Street East",53.3388,-6.262,0,0,OPEN,"2025-02-22 17:19:21",1,0,{},28,4,12,16,0,16,32,28,4,12,16,0,16,32
52,dublin,"YORK STREET EAST","York Street East",53.3388,-6.262,0,0,OPEN,"2025-02-22 17:25:05",1,0,{},28,4,12,16,0,16,32,28,4,12,16,0,16,32
52,dublin,"YORK STREET EAST","York Street East",53.3388,-6.262,0,0,OPEN,"2025-02-22 17:29:57",1,0,{},30,2,14,16,0,16,32,30,2,14,16,0,16,32
52,dublin,"YORK STREET EAST","York Street East",53.3388,-6.262,0,0,OPEN,"2025-02-22 17:35:18",1,0,{},30,2,14,16,0,16,32,30,2,14,16,0,16,32
52,dublin,"YORK STREET EAST","York Street East",53.3388,-6.262,0,0,OPEN,"2025-02-22 17:45:24",1,0,{},30,2,14,16,0,16,32,30,2,14,16,0,16,32
52,dublin,"YORK STREET EAST","York Street East",53.3388,-6.262,0,0,OPEN,"2025-02-22 17:55:29",1,0,{},30,2,14,16,0,16,32,30,2,14,16,0,16,32
52,dublin,"YORK STREET EAST","York Street East",53.3388,-6.262,0,0,OPEN,"2025-02-22 18:05:34",1,0,{},30,2,14,16,0,16,32,30,2,14,16,0,16,32
52,dublin,"YORK STREET EAST","York Street East",53.3388,-6.262,0,0,OPEN,"2025-02-22 18:15:40",1,0,{},30,2,14,16,0,16,32,30,2,14,16,0,16,32
52,dublin,"YORK STREET EAST","York Street East",53.3388,-6.262,0,0,OPEN,"2025-02-22 18:25:45",1,0,{},30,2,14,16,0,16,32,30,2,14,16,0,16,32
52,dublin,"YORK STREET EAST","York Street East",53.3388,-6.262,0,0,OPEN,"2025-02-22 18:35:50",1,0,{},30,2,14,16,0,16,32,30,2,14,16,0,16,32
52,dublin,"YORK STREET EAST","York Street East",53.3388,-6.262,0,0,OPEN,"2025-02-22 18:45:55",1,0,{},30,2,14,16,0,16,32,30,2,14,16,0,16,32
52,dublin,"YORK STREET EAST","York Street East",53.3388,-6.262,0,0,OPEN,"2025-02-22 18:57:01",1,0,{},30,2,14,16,0,16,32,30,2,14,16,0,16,32
52,dublin,"YORK STREET EAST","York Street East",53.3388,-6.262,0,0,OPEN,"2025-02-22 19:06:06",1,0,{},30,2,14,16,0,16,32,30,2,14,16,0,16,32
52,dublin,"YORK STREET EAST","York Street East",53.3388,-6.262,0,0,OPEN,"2025-02-22 19:16:11",1,0,{},30,2,14,16,0,16,32,30,2,14,16,0,16,32
52,dublin,"YORK STREET EAST","York Street East",53.3388,-6.262,0,0,OPEN,"2025-02-22 19:26:16",1,0,{},30,2,14,16,0,16,32,30,2,14,16,0,16,32
52,dublin,"YORK STREET EAST","York Street East",53.3388,-6.262,0,0,OPEN,"2025-02-22 19:32:27",1,0,{},30,2,14,16,0,16,32,30,2,14,16,0,16,32
52,dublin,"YORK STREET EAST","York Street East",53.3388,-6.262,0,0,OPEN,"2025-02-22 19:36:22",1,0,{},30,2,14,16,0,16,32,30,2,14,16,0,16,32
52,dublin,"YORK STREET EAST","York Street East",53.3388,-6.262,0,0,OPEN,"2025-02-22 19:46:27",1,0,{},30,2,14,16,0,16,32,30,2,14,16,0,16,32
52,dublin,"YORK STREET EAST","York Street East",53.3388,-6.262,0,0,OPEN,"2025-02-22 19:56:33",1,0,{},30,2,14,16,0,16,32,30,2,14,16,0,16,32
52,dublin,"YORK STREET EAST","York Street East",53.3388,-6.262,0,0,OPEN,"2025-02-22 20:06:38",1,0,{},30,2,14,16,0,16,32,30,2,14,16,0,16,32
52,dublin,"YORK STREET EAST","York Street East",53.3388,-6.262,0,0,OPEN,"2025-02-22 20:12:48",1,0,{},30,2,14,16,0,16,32,30,2,14,16,0,16,32
52,dublin,"YORK STREET EAST","York Street East",53.3388,-6.262,0,0,OPEN,"2025-02-22 20:16:44",1,0,{},30,2,14,16,0,16,32,30,2,14,16,0,16,32
52,dublin,"YORK STREET EAST","York Street East",53.3388,-6.262,0,0,OPEN,"2025-02-22 20:26:49",1,0,{},30,2,14,16,0,16,32,30,2,14,16,0,16,32
52,dublin,"YORK STREET EAST","York Street East",53.3388,-6.262,0,0,OPEN,"2025-02-22 20:36:54",1,0,{},30,2,14,16,0,16,32,30,2,14,16,0,16,32
52,dublin,"YORK STREET EAST","York Street East",53.3388,-6.262,0,0,OPEN,"2025-02-22 20:47:16",1,0,{},30,2,14,16,0,16,32,30,2,14,16,0,16,32
52,dublin,"YORK STREET EAST","York Street East",53.3388,-6.262,0,0,OPEN,"2025-02-22 20:57:05",1,0,{},30,2,14,16,0,16,32,30,2,14,16,0,16,32
52,dublin,"YORK STREET EAST","York Street East",53.3388,-6.262,0,0,OPEN,"2025-02-22 21:07:10",1,0,{},30,2,14,16,0,16,32,30,2,14,16,0,16,32
52,dublin,"YORK STREET EAST","York Street East",53.3388,-6.262,0,0,OPEN,"2025-02-22 21:17:16",1,0,{},30,2,14,16,0,16,32,30,2,14,16,0,16,32
52,dublin,"YORK STREET EAST","York Street East",53.3388,-6.262,0,0,OPEN,"2025-02-22 21:27:21",1,0,{},30,2,14,16,0,16,32,30,2,14,16,0,16,32
52,dublin,"YORK STREET EAST","York Street East",53.3388,-6.262,0,0,OPEN,"2025-02-22 21:37:27",1,0,{},30,2,14,16,0,16,32,30,2,14,16,0,16,32
52,dublin,"YORK STREET EAST","York Street East",53.3388,-6.262,0,0,OPEN,"2025-02-22 21:47:32",1,0,{},30,2,14,16,0,16,32,30,2,14,16,0,16,32
52,dublin,"YORK STREET EAST","York Street East",53.3388,-6.262,0,0,OPEN,"2025-02-22 21:53:10",1,0,{},31,1,15,16,0,16,32,31,1,15,16,0,16,32
52,dublin,"YORK STREET EAST","York Street East",53.3388,-6.262,0,0,OPEN,"2025-02-22 21:57:39",1,0,{},31,1,15,16,0,16,32,31,1,15,16,0,16,32
52,dublin,"YORK STREET EAST","York Street East",53.3388,-6.262,0,0,OPEN,"2025-02-22 22:07:44",1,0,{},31,1,15,16,0,16,32,31,1,15,16,0,16,32
53,dublin,"NEWMAN HOUSE","Newman House",53.3371,-6.26059,0,0,OPEN,"2025-02-22 03:00:23",1,0,{},5,35,3,2,0,2,40,5,35,3,2,0,2,40
53,dublin,"NEWMAN HOUSE","Newman House",53.3371,-6.26059,0,0,OPEN,"2025-02-22 03:10:28",1,0,{},5,35,3,2,0,2,40,5,35,3,2,0,2,40
53,dublin,"NEWMAN HOUSE","Newman House",53.3371,-6.26059,0,0,OPEN,"2025-02-22 10:10:47",1,0,{},7,33,4,3,0,3,40,7,33,4,3,0,3,40
53,dublin,"NEWMAN HOUSE","Newman House",53.3371,-6.26059,0,0,OPEN,"2025-02-22 10:20:52",1,0,{},7,33,4,3,0,3,40,7,33,4,3,0,3,40
53,dublin,"NEWMAN HOUSE","Newman House",53.3371,-6.26059,0,0,OPEN,"2025-02-22 10:30:56",1,0,{},7,33,4,3,0,3,40,7,33,4,3,0,3,40
53,dublin,"NEWMAN HOUSE","Newman House",53.3371,-6.26059,0,0,OPEN,"2025-02-22 10:41:00",1,0,{},7,33,4,3,0,3,40,7,33,4,3,0,3,40
53,dublin,"NEWMAN HOUSE","Newman House",53.3371,-6.26059,0,0,OPEN,"2025-02-22 10:51:04",1,0,{},7,33,4,3,0,3,40,7,33,4,3,0,3,40
53,dublin,"NEWMAN HOUSE","Newman House",53.3371,-6.26059,0,0,OPEN,"2025-02-22 11:01:08",1,0,{},7,33,4,3,0,3,40,7,33,4,3,0,3,40
53,dublin,"NEWMAN HOUSE","Newman House",53.3371,-6.26059,0,0,OPEN,"2025-02-22 11:11:12",1,0,{},7,33,4,3,0,3,40,7,33,4,3,0,3,40
53,dublin,"NEWMAN HOUSE","Newman House",53.3371,-6.26059,0,0,OPEN,"2025-02-22 11:21:16",1,0,{},7,33,4,3,0,3,40,7,33,4,3,0,3,40
53,dublin,"NEWMAN HOUSE","Newman House",53.3371,-6.26059,0,0,OPEN,"2025-02-22 11:31:21",1,0,{},7,33,4,3,0,3,40,7,33,4,3,0,3,40
53,dublin,"NEWMAN HOUSE","Newman House",53.3371,-6.26059,0,0,OPEN,"2025-02-22 11:41:25",1,0,{},7,33,4,3,0,3,40,7,33,4,3,0,3,40
53,dublin,"NEWMAN HOUSE","Newman House",53.3371,-6.26059,0,0,OPEN,"2025-02-22 11:51:30",1,0,{},7,33,4,3,0,3,40,7,33,4,3,0,3,40
53,dublin,"NEWMAN HOUSE","Newman House",53.3371,-6.26059,0,0,OPEN,"2025-02-22 12:01:34",1,0,{},7,33,4,3,0,3,40,7,33,4,3,0,3,40
53,dublin,"NEWMAN HOUSE","Newman House",53.3371,-6.26059,0,0,OPEN,"2025-02-22 12:11:39",1,0,{},8,32,5,3,0,3,40,8,32,5,3,0,3,40
53,dublin,"NEWMAN HOUSE","Newman House",53.3371,-6.26059,0,0,OPEN,"2025-02-22 12:21:42",1,0,{},8,32,5,3,0,3,40,8,32,5,3,0,3,40
53,dublin,"NEWMAN HOUSE","Newman House",53.3371,-6.26059,0,0,OPEN,"2025-02-22 12:31:46",1,0,{},8,32,5,3,0,3,40,8,32,5,3,0,3,40
53,dublin,"NEWMAN HOUSE","Newman House",53.3371,-6.26059,0,0,OPEN,"2025-02-22 12:41:51",1,0,{},8,32,5,3,0,3,40,8,32,5,3,0,3,40
53,dublin,"NEWMAN HOUSE","Newman House",53.3371,-6.26059,0,0,OPEN,"2025-02-22 12:51:55",1,0,{},8,32,5,3,0,3,40,8,32,5,3,0,3,40
53,dublin,"NEWMAN HOUSE","Newman House",53.3371,-6.26059,0,0,OPEN,"2025-02-22 13:02:00",1,0,{},8,32,5,3,0,3,40,8,32,5,3,0,3,40
53,dublin,"NEWMAN HOUSE","Newman House",53.3371,-6.26059,0,0,OPEN,"2025-02-22 13:12:04",1,0,{},8,32,5,3,0,3,40,8,32,5,3,0,3,40
53,dublin,"NEWMAN HOUSE","Newman House",53.3371,-6.26059,0,0,OPEN,"2025-02-22 13:22:07",1,0,{},8,32,5,3,0,3,40,8,32,5,3,0,3,40
53,dublin,"NEWMAN HOUSE","Newman House",53.3371,-6.26059,0,0,OPEN,"2025-02-22 13:32:11",1,0,{},8,32,5,3,0,3,40,8,32,5,3,0,3,40
53,dublin,"NEWMAN HOUSE","Newman House",53.3371,-6.26059,0,0,OPEN,"2025-02-22 13:42:16",1,0,{},8,32,5,3,0,3,40,8,32,5,3,0,3,40
53,dublin,"NEWMAN HOUSE","Newman House",53.3371,-6.26059,0,0,OPEN,"2025-02-22 13:52:20",1,0,{},8,32,5,3,0,3,40,8,32,5,3,0,3,40
53,dublin,"NEWMAN HOUSE","Newman House",53.3371,-6.26059,0,0,OPEN,"2025-02-22 13:57:12",1,0,{},9,31,6,3,0,3,40,9,31,6,3,0,3,40
53,dublin,"NEWMAN HOUSE","Newman House",53.3371,-6.26059,0,0,OPEN,"2025-02-22 14:02:25",1,0,{},9,31,6,3,0,3,40,9,31,6,3,0,3,40
53,dublin,"NEWMAN HOUSE","Newman House",53.3371,-6.26059,0,0,OPEN,"2025-02-22 14:12:29",1,0,{},9,31,6,3,0,3,40,9,31,6,3,0,3,40
53,dublin,"NEWMAN HOUSE","Newman House",53.3371,-6.26059,0,0,OPEN,"2025-02-22 14:22:33",1,0,{},9,31,6,3,0,3,40,9,31,6,3,0,3,40
53,dublin,"NEWMAN HOUSE","Newman House",53.3371,-6.26059,0,0,OPEN,"2025-02-22 14:32:37",1,0,{},9,31,6,3,0,3,40,9,31,6,3,0,3,40
53,dublin,"NEWMAN HOUSE","Newman House",53.3371,-6.26059,0,0,OPEN,"2025-02-22 14:42:41",1,0,{},9,31,6,3,0,3,40,9,31,6,3,0,3,40
53,dublin,"NEWMAN HOUSE","Newman House",53.3371,-6.26059,0,0,OPEN,"2025-02-22 14:52:46",1,0,{},9,31,6,3,0,3,40,9,31,6,3,0,3,40
53,dublin,"NEWMAN HOUSE","Newman House",53.3371,-6.26059,0,0,OPEN,"2025-02-22 15:02:50",1,0,{},9,31,6,3,0,3,40,9,31,6,3,0,3,40
53,dublin,"NEWMAN HOUSE","Newman House",53.3371,-6.26059,0,0,OPEN,"2025-02-22 15:12:54",1,0,{},9,31,6,3,0,3,40,9,31,6,3,0,3,40
53,dublin,"NEWMAN HOUSE","Newman House",53.3371,-6.26059,0,0,OPEN,"2025-02-22 15:22:59",1,0,{},9,31,6,3,0,3,40,9,31,6,3,0,3,40
53,dublin,"NEWMAN HOUSE","Newman House",53.3371,-6.26059,0,0,OPEN,"2025-02-22 15:33:03",1,0,{},9,31,6,3,0,3,40,9,31,6,3,0,3,40
53,dublin,"NEWMAN HOUSE","Newman House",53.3371,-6.26059,0,0,OPEN,"2025-02-22 15:43:06",1,0,{},9,31,6,3,0,3,40,9,31,6,3,0,3,40
53,dublin,"NEWMAN HOUSE","Newman House",53.3371,-6.26059,0,0,OPEN,"2025-02-22 15:53:10",1,0,{},9,31,6,3,0,3,40,9,31,6,3,0,3,40
53,dublin,"NEWMAN HOUSE","Newman House",53.3371,-6.26059,0,0,OPEN,"2025-02-22 16:03:16",1,0,{},9,31,6,3,0,3,40,9,31,6,3,0,3,40
53,dublin,"NEWMAN HOUSE","Newman House",53.3371,-6.26059,0,0,OPEN,"2025-02-22 16:13:20",1,0,{},9,31,6,3,0,3,40,9,31,6,3,0,3,40
53,dublin,"NEWMAN HOUSE","Newman House",53.3371,-6.26059,0,0,OPEN,"2025-02-22 16:23:25",1,0,{},9,31,6,3,0,3,40,9,31,6,3,0,3,40
53,dublin,"NEWMAN HOUSE","Newman House",53.3371,-6.26059,0,0,OPEN,"2025-02-22 16:33:29",1,0,{},9,31,6,3,0,3,40,9,31,6,3,0,3,40
53,dublin,"NEWMAN HOUSE","Newman House",53.3371,-6.26059,0,0,OPEN,"2025-02-22 16:43:33",1,0,{},9,31,6,3,0,3,40,9,31,6,3,0,3,40
53,dublin,"NEWMAN HOUSE","Newman House",53.3371,-6.26059,0,0,OPEN,"2025-02-22 16:53:38",1,0,{},9,31,6,3,0,3,40,9,31,6,3,0,3,40
53,dublin,"NEWMAN HOUSE","Newman House",53.3371,-6.26059,0,0,OPEN,"2025-02-22 17:01:27",1,0,{},10,30,6,4,0,4,40,10,30,6,4,0,4,40
53,dublin,"NEWMAN HOUSE","Newman House",53.3371,-6.26059,0,0,OPEN,"2025-02-22 17:03:43",1,0,{},10,30,6,4,0,4,40,10,30,6,4,0,4,40
53,dublin,"NEWMAN HOUSE","Newman House",53.3371,-6.26059,0,0,OPEN,"2025-02-22 17:13:47",1,0,{},10,30,6,4,0,4,40,10,30,6,4,0,4,40
53,dublin,"NEWMAN HOUSE","Newman House",53.3371,-6.26059,0,0,OPEN,"2025-02-22 17:23:51",1,0,{},10,30,6,4,0,4,40,10,30,6,4,0,4,40
53,dublin,"NEWMAN HOUSE","Newman House",53.3371,-6.26059,0,0,OPEN,"2025-02-22 17:32:38",1,0,{},6,34,5,1,0,1,40,6,34,5,1,0,1,40
53,dublin,"NEWMAN HOUSE","Newman House",53.3371,-6.26059,0,0,OPEN,"2025-02-22 17:33:59",1,0,{},6,34,5,1,0,1,40,6,34,5,1,0,1,40
53,dublin,"NEWMAN HOUSE","Newman House",53.3371,-6.26059,0,0,OPEN,"2025-02-22 17:44:03",1,0,{},6,34,5,1,0,1,40,6,34,5,1,0,1,40
53,dublin,"NEWMAN HOUSE","Newman House",53.3371,-6.26059,0,0,OPEN,"2025-02-22 17:54:06",1,0,{},6,34,5,1,0,1,40,6,34,5,1,0,1,40
53,dublin,"NEWMAN HOUSE","Newman House",53.3371,-6.26059,0,0,OPEN,"2025-02-22 18:04:10",1,0,{},6,34,5,1,0,1,40,6,34,5,1,0,1,40
53,dublin,"NEWMAN HOUSE","Newman House",53.3371,-6.26059,0,0,OPEN,"2025-02-22 18:14:14",1,0,{},6,34,5,1,0,1,40,6,34,5,1,0,1,40
53,dublin,"NEWMAN HOUSE","Newman House",53.3371,-6.26059,0,0,OPEN,"2025-02-22 18:24:19",1,0,{},6,34,5,1,0,1,40,6,34,5,1,0,1,40
53,dublin,"NEWMAN HOUSE","Newman House",53.3371,-6.26059,0,0,OPEN,"2025-02-22 18:34:23",1,0,{},6,34,5,1,0,1,40,6,34,5,1,0,1,40
53,dublin,"NEWMAN HOUSE","Newman House",53.3371,-6.26059,0,0,OPEN,"2025-02-22 18:44:27",1,0,{},6,34,5,1,0,1,40,6,34,5,1,0,1,40
53,dublin,"NEWMAN HOUSE","Newman House",53.3371,-6.26059,0,0,OPEN,"2025-02-22 18:54:31",1,0,{},6,34,5,1,0,1,40,6,34,5,1,0,1,40
53,dublin,"NEWMAN HOUSE","Newman House",53.3371,-6.26059,0,0,OPEN,"2025-02-22 19:04:36",1,0,{},6,34,5,1,0,1,40,6,34,5,1,0,1,40
53,dublin,"NEWMAN HOUSE","Newman House",53.3371,-6.26059,0,0,OPEN,"2025-02-22 19:14:42",1,0,{},6,34,5,1,0,1,40,6,34,5,1,0,1,40
53,dublin,"NEWMAN HOUSE","Newman House",53.3371,-6.26059,0,0,OPEN,"2025-02-22 19:24:47",1,0,{},6,34,5,1,0,1,40,6,34,5,1,0,1,40
53,dublin,"NEWMAN HOUSE","Newman House",53.3371,-6.26059,0,0,OPEN,"2025-02-22 19:34:51",1,0,{},6,34,5,1,0,1,40,6,34,5,1,0,1,40
53,dublin,"NEWMAN HOUSE","Newman House",53.3371,-6.26059,0,0,OPEN,"2025-02-22 19:45:23",1,0,{},7,33,5,2,0,2,40,7,33,5,2,0,2,40
53,dublin,"NEWMAN HOUSE","Newman House",53.3371,-6.26059,0,0,OPEN,"2025-02-22 19:55:00",1,0,{},7,33,5,2,0,2,40,7,33,5,2,0,2,40
53,dublin,"NEWMAN HOUSE","Newman House",53.3371,-6.26059,0,0,OPEN,"2025-02-22 20:07:31",1,0,{},6,34,5,1,0,1,40,6,34,5,1,0,1,40
53,dublin,"NEWMAN HOUSE","Newman House",53.3371,-6.26059,0,0,OPEN,"2025-02-22 20:15:11",1,0,{},6,34,5,1,0,1,40,6,34,5,1,0,1,40
53,dublin,"NEWMAN HOUSE","Newman House",53.3371,-6.26059,0,0,OPEN,"2025-02-22 20:25:14",1,0,{},6,34,5,1,0,1,40,6,34,5,1,0,1,40
53,dublin,"NEWMAN HOUSE","Newman House",53.3371,-6.26059,0,0,OPEN,"2025-02-22 20:35:19",1,0,{},6,34,5,1,0,1,40,6,34,5,1,0,1,40
53,dublin,"NEWMAN HOUSE","Newman House",53.3371,-6.26059,0,0,OPEN,"2025-02-22 20:45:23",1,0,{},6,34,5,1,0,1,40,6,34,5,1,0,1,40
53,dublin,"NEWMAN HOUSE","Newman House",53.3371,-6.26059,0,0,OPEN,"2025-02-22 20:55:26",1,0,{},6,34,5,1,0,1,40,6,34,5,1,0,1,40
53,dublin,"NEWMAN HOUSE","Newman House",53.3371,-6.26059,0,0,OPEN,"2025-02-22 21:05:31",1,0,{},6,34,5,1,0,1,40,6,34,5,1,0,1,40
53,dublin,"NEWMAN HOUSE","Newman House",53.3371,-6.26059,0,0,OPEN,"2025-02-22 21:15:35",1,0,{},6,34,5,1,0,1,40,6,34,5,1,0,1,40
53,dublin,"NEWMAN HOUSE","Newman House",53.3371,-6.26059,0,0,OPEN,"2025-02-22 21:25:39",1,0,{},6,34,5,1,0,1,40,6,34,5,1,0,1,40
53,dublin,"NEWMAN HOUSE","Newman House",53.3371,-6.26059,0,0,OPEN,"2025-02-22 21:35:43",1,0,{},6,34,5,1,0,1,40,6,34,5,1,0,1,40
53,dublin,"NEWMAN HOUSE","Newman House",53.3371,-6.26059,0,0,OPEN,"2025-02-22 21:45:47",1,0,{},6,34,5,1,0,1,40,6,34,5,1,0,1,40
53,dublin,"NEWMAN HOUSE","Newman House",53.3371,-6.26059,0,0,OPEN,"2025-02-22 21:55:51",1,0,{},6,34,5,1,0,1,40,6,34,5,1,0,1,40
53,dublin,"NEWMAN HOUSE","Newman House",53.3371,-6.26059,0,0,OPEN,"2025-02-22 22:05:54",1,0,{},6,34,5,1,0,1,40,6,34,5,1,0,1,40
53,dublin,"NEWMAN HOUSE","Newman House",53.3371,-6.26059,0,0,OPEN,"2025-02-22 22:15:58",1,0,{},6,34,5,1,0,1,40,6,34,5,1,0,1,40
54,dublin,"CLONMEL STREET","Clonmel Street",53.336,-6.26298,0,0,OPEN,"2025-02-22 03:00:07",1,0,{},2,31,1,1,0,1,33,2,31,1,1,0,1,33
54,dublin,"CLONMEL STREET","Clonmel Street",53.336,-6.26298,0,0,OPEN,"2025-02-22 03:10:11",1,0,{},2,31,1,1,0,1,33,2,31,1,1,0,1,33
54,dublin,"CLONMEL STREET","Clonmel Street",53.336,-6.26298,0,0,OPEN,"2025-02-22 10:12:20",1,0,{},5,28,3,2,0,2,33,5,28,3,2,0,2,33
54,dublin,"CLONMEL STREET","Clonmel Street",53.336,-6.26298,0,0,OPEN,"2025-02-22 10:22:25",1,0,{},5,28,3,2,0,2,33,5,28,3,2,0,2,33
54,dublin,"CLONMEL STREET","Clonmel Street",53.336,-6.26298,0,0,OPEN,"2025-02-22 10:32:29",1,0,{},5,28,3,2,0,2,33,5,28,3,2,0,2,33
54,dublin,"CLONMEL STREET","Clonmel Street",53.336,-6.26298,0,0,OPEN,"2025-02-22 10:42:33",1,0,{},5,28,3,2,0,2,33,5,28,3,2,0,2,33
54,dublin,"CLONMEL STREET","Clonmel Street",53.336,-6.26298,0,0,OPEN,"2025-02-22 10:52:37",1,0,{},5,28,3,2,0,2,33,5,28,3,2,0,2,33
54,dublin,"CLONMEL STREET","Clonmel Street",53.336,-6.26298,0,0,OPEN,"2025-02-22 11:02:41",1,0,{},5,28,3,2,0,2,33,5,28,3,2,0,2,33
54,dublin,"CLONMEL STREET","Clonmel Street",53.336,-6.26298,0,0,OPEN,"2025-02-22 11:12:45",1,0,{},5,28,3,2,0,2,33,5,28,3,2,0,2,33
54,dublin,"CLONMEL STREET","Clonmel Street",53.336,-6.26298,0,0,OPEN,"2025-02-22 11:22:49",1,0,{},5,28,3,2,0,2,33,5,28,3,2,0,2,33
54,dublin,"CLONMEL STREET","Clonmel Street",53.336,-6.26298,0,0,OPEN,"2025-02-22 11:32:56",1,0,{},3,30,2,1,0,1,33,3,30,2,1,0,1,33
54,dublin,"CLONMEL STREET","Clonmel Street",53.336,-6.26298,0,0,OPEN,"2025-02-22 11:42:59",1,0,{},3,30,2,1,0,1,33,3,30,2,1,0,1,33
54,dublin,"CLONMEL STREET","Clonmel Street",53.336,-6.26298,0,0,OPEN,"2025-02-22 11:53:03",1,0,{},3,30,2,1,0,1,33,3,30,2,1,0,1,33
54,dublin,"CLONMEL STREET","Clonmel Street",53.336,-6.26298,0,0,OPEN,"2025-02-22 12:03:07",1,0,{},3,30,2,1,0,1,33,3,30,2,1,0,1,33
54,dublin,"CLONMEL STREET","Clonmel Street",53.336,-6.26298,0,0,OPEN,"2025-02-22 12:13:11",1,0,{},3,30,2,1,0,1,33,3,30,2,1,0,1,33
54,dublin,"CLONMEL STREET","Clonmel Street",53.336,-6.26298,0,0,OPEN,"2025-02-22 12:23:16",1,0,{},3,30,2,1,0,1,33,3,30,2,1,0,1,33
54,dublin,"CLONMEL STREET","Clonmel Street",53.336,-6.26298,0,0,OPEN,"2025-02-22 12:26:15",1,0,{},4,29,2,2,0,2,33,4,29,2,2,0,2,33
54,dublin,"CLONMEL STREET","Clonmel Street",53.336,-6.26298,0,0,OPEN,"2025-02-22 12:33:20",1,0,{},4,29,2,2,0,2,33,4,29,2,2,0,2,33
54,dublin,"CLONMEL STREET","Clonmel Street",53.336,-6.26298,0,0,OPEN,"2025-02-22 12:43:24",1,0,{},4,29,2,2,0,2,33,4,29,2,2,0,2,33
54,dublin,"CLONMEL STREET","Clonmel Street",53.336,-6.26298,0,0,OPEN,"2025-02-22 12:53:28",1,0,{},4,29,2,2,0,2,33,4,29,2,2,0,2,33
54,dublin,"CLONMEL STREET","Clonmel Street",53.336,-6.26298,0,0,OPEN,"2025-02-22 13:03:33",1,0,{},4,29,2,2,0,2,33,4,29,2,2,0,2,33
54,dublin,"CLONMEL STREET","Clonmel Street",53.336,-6.26298,0,0,OPEN,"2025-02-22 13:04:37",1,0,{},3,30,2,1,0,1,33,3,30,2,1,0,1,33
54,dublin,"CLONMEL STREET","Clonmel Street",53.336,-6.26298,0,0,OPEN,"2025-02-22 13:13:38",1,0,{},3,30,2,1,0,1,33,3,30,2,1,0,1,33
54,dublin,"CLONMEL STREET","Clonmel Street",53.336,-6.26298,0,0,OPEN,"2025-02-22 13:23:43",1,0,{},3,30,2,1,0,1,33,3,30,2,1,0,1,33
54,dublin,"CLONMEL STREET","Clonmel Street",53.336,-6.26298,0,0,OPEN,"2025-02-22 13:33:47",1,0,{},3,30,2,1,0,1,33,3,30,2,1,0,1,33
54,dublin,"CLONMEL STREET","Clonmel Street",53.336,-6.26298,0,0,OPEN,"2025-02-22 13:43:51",1,0,{},3,30,2,1,0,1,33,3,30,2,1,0,1,33
54,dublin,"CLONMEL STREET","Clonmel Street",53.336,-6.26298,0,0,OPEN,"2025-02-22 13:53:55",1,0,{},3,30,2,1,0,1,33,3,30,2,1,0,1,33
54,dublin,"CLONMEL STREET","Clonmel Street",53.336,-6.26298,0,0,OPEN,"2025-02-22 14:04:00",1,0,{},3,30,2,1,0,1,33,3,30,2,1,0,1,33
54,dublin,"CLONMEL STREET","Clonmel Street",53.336,-6.26298,0,0,OPEN,"2025-02-22 14:14:04",1,0,{},3,30,2,1,0,1,33,3,30,2,1,0,1,33
54,dublin,"CLONMEL STREET","Clonmel Street",53.336,-6.26298,0,0,OPEN,"2025-02-22 14:24:08",1,0,{},3,30,2,1,0,1,33,3,30,2,1,0,1,33
54,dublin,"CLONMEL STREET","Clonmel Street",53.336,-6.26298,0,0,OPEN,"2025-02-22 14:36:24",1,0,{},4,29,3,1,0,1,33,4,29,3,1,0,1,33
54,dublin,"CLONMEL STREET","Clonmel Street",53.336,-6.26298,0,0,OPEN,"2025-02-22 14:44:16",1,0,{},4,29,3,1,0,1,33,4,29,3,1,0,1,33
54,dublin,"CLONMEL STREET","Clonmel Street",53.336,-6.26298,0,0,OPEN,"2025-02-22 14:51:23",1,0,{},5,28,3,2,0,2,33,5,28,3,2,0,2,33
54,dublin,"CLONMEL STREET","Clonmel Street",53.336,-6.26298,0,0,OPEN,"2025-02-22 14:54:22",1,0,{},5,28,3,2,0,2,33,5,28,3,2,0,2,33
54,dublin,"CLONMEL STREET","Clonmel Street",53.336,-6.26298,0,0,OPEN,"2025-02-22 15:00:13",1,0,{},6,27,4,2,0,2,33,6,27,4,2,0,2,33
54,dublin,"CLONMEL STREET","Clonmel Street",53.336,-6.26298,0,0,OPEN,"2025-02-22 15:04:28",1,0,{},7,26,5,2,0,2,33,7,26,5,2,0,2,33
54,dublin,"CLONMEL STREET","Clonmel Street",53.336,-6.26298,0,0,OPEN,"2025-02-22 15:09:01",1,0,{},6,27,4,2,0,2,33,6,27,4,2,0,2,33
54,dublin,"CLONMEL STREET","Clonmel Street",53.336,-6.26298,0,0,OPEN,"2025-02-22 15:14:32",1,0,{},6,27,4,2,0,2,33,6,27,4,2,0,2,33
54,dublin,"CLONMEL STREET","Clonmel Street",53.336,-6.26298,0,0,OPEN,"2025-02-22 15:24:35",1,0,{},6,27,4,2,0,2,33,6,27,4,2,0,2,33
54,dublin,"CLONMEL STREET","Clonmel Street",53.336,-6.26298,0,0,OPEN,"2025-02-22 15:34:40",1,0,{},6,27,4,2,0,2,33,6,27,4,2,0,2,33
54,dublin,"CLONMEL STREET","Clonmel Street",53.336,-6.26298,0,0,OPEN,"2025-02-22 15:47:57",1,0,{},7,26,5,2,0,2,33,7,26,5,2,0,2,33
54,dublin,"CLONMEL STREET","Clonmel Street",53.336,-6.26298,0,0,OPEN,"2025-02-22 15:54:48",1,0,{},7,26,5,2,0,2,33,7,26,5,2,0,2,33
54,dublin,"CLONMEL STREET","Clonmel Street",53.336,-6.26298,0,0,OPEN,"2025-02-22 16:04:52",1,0,{},7,26,5,2,0,2,33,7,26,5,2,0,2,33
54,dublin,"CLONMEL STREET","Clonmel Street",53.336,-6.26298,0,0,OPEN,"2025-02-22 16:14:56",1,0,{},7,26,5,2,0,2,33,7,26,5,2,0,2,33
54,dublin,"CLONMEL STREET","Clonmel Street",53.336,-6.26298,0,0,OPEN,"2025-02-22 16:25:00",1,0,{},7,26,5,2,0,2,33,7,26,5,2,0,2,33
54,dublin,"CLONMEL STREET","Clonmel Street",53.336,-6.26298,0,0,OPEN,"2025-02-22 16:35:04",1,0,{},7,26,5,2,0,2,33,7,26,5,2,0,2,33
54,dublin,"CLONMEL STREET","Clonmel Street",53.336,-6.26298,0,0,OPEN,"2025-02-22 16:45:08",1,0,{},7,26,5,2,0,2,33,7,26,5,2,0,2,33
54,dublin,"CLONMEL STREET","Clonmel Street",53.336,-6.26298,0,0,OPEN,"2025-02-22 16:55:12",1,0,{},7,26,5,2,0,2,33,7,26,5,2,0,2,33
54,dublin,"CLONMEL STREET","Clonmel Street",53.336,-6.26298,0,0,OPEN,"2025-02-22 17:05:16",1,0,{},7,26,5,2,0,2,33,7,26,5,2,0,2,33
54,dublin,"CLONMEL STREET","Clonmel Street",53.336,-6.26298,0,0,OPEN,"2025-02-22 17:15:20",1,0,{},7,26,5,2,0,2,33,7,26,5,2,0,2,33
54,dublin,"CLONMEL STREET","Clonmel Street",53.336,-6.26298,0,0,OPEN,"2025-02-22 17:25:24",1,0,{},7,26,5,2,0,2,33,7,26,5,2,0,2,33
54,dublin,"CLONMEL STREET","Clonmel Street",53.336,-6.26298,0,0,OPEN,"2025-02-22 17:35:28",1,0,{},7,26,5,2,0,2,33,7,26,5,2,0,2,33
54,dublin,"CLONMEL STREET","Clonmel Street",53.336,-6.26298,0,0,OPEN,"2025-02-22 17:45:32",1,0,{},7,26,5,2,0,2,33,7,26,5,2,0,2,33
54,dublin,"CLONMEL STREET","Clonmel Street",53.336,-6.26298,0,0,OPEN,"2025-02-22 17:50:24",1,0,{},6,27,4,2,0,2,33,6,27,4,2,0,2,33
54,dublin,"CLONMEL STREET","Clonmel Street",53.336,-6.26298,0,0,OPEN,"2025-02-22 17:55:38",1,0,{},6,27,4,2,0,2,33,6,27,4,2,0,2,33
54,dublin,"CLONMEL STREET","Clonmel Street",53.336,-6.26298,0,0,OPEN,"2025-02-22 18:05:42",1,0,{},6,27,4,2,0,2,33,6,27,4,2,0,2,33
54,dublin,"CLONMEL STREET","Clonmel Street",53.336,-6.26298,0,0,OPEN,"2025-02-22 18:15:46",1,0,{},6,27,4,2,0,2,33,6,27,4,2,0,2,33
54,dublin,"CLONMEL STREET","Clonmel Street",53.336,-6.26298,0,0,OPEN,"2025-02-22 18:25:50",1,0,{},6,27,4,2,0,2,33,6,27,4,2,0,2,33
54,dublin,"CLONMEL STREET","Clonmel Street",53.336,-6.26298,0,0,OPEN,"2025-02-22 18:35:54",1,0,{},6,27,4,2,0,2,33,6,27,4,2,0,2,33
54,dublin,"CLONMEL STREET","Clonmel Street",53.336,-6.26298,0,0,OPEN,"2025-02-22 18:45:58",1,0,{},6,27,4,2,0,2,33,6,27,4,2,0,2,33
54,dublin,"CLONMEL STREET","Clonmel Street",53.336,-6.26298,0,0,OPEN,"2025-02-22 18:56:02",1,0,{},6,27,4,2,0,2,33,6,27,4,2,0,2,33
54,dublin,"CLONMEL STREET","Clonmel Street",53.336,-6.26298,0,0,OPEN,"2025-02-22 19:06:08",1,0,{},6,27,4,2,0,2,33,6,27,4,2,0,2,33
54,dublin,"CLONMEL STREET","Clonmel Street",53.336,-6.26298,0,0,OPEN,"2025-02-22 19:16:12",1,0,{},6,27,4,2,0,2,33,6,27,4,2,0,2,33
54,dublin,"CLONMEL STREET","Clonmel Street",53.336,-6.26298,0,0,OPEN,"2025-02-22 19:26:17",1,0,{},6,27,4,2,0,2,33,6,27,4,2,0,2,33
54,dublin,"CLONMEL STREET","Clonmel Street",53.336,-6.26298,0,0,OPEN,"2025-02-22 19:36:21",1,0,{},6,27,4,2,0,2,33,6,27,4,2,0,2,33
54,dublin,"CLONMEL STREET","Clonmel Street",53.336,-6.26298,0,0,OPEN,"2025-02-22 19:46:24",1,0,{},6,27,4,2,0,2,33,6,27,4,2,0,2,33
54,dublin,"CLONMEL STREET","Clonmel Street",53.336,-6.26298,0,0,OPEN,"2025-02-22 19:56:28",1,0,{},6,27,4,2,0,2,33,6,27,4,2,0,2,33
54,dublin,"CLONMEL STREET","Clonmel Street",53.336,-6.26298,0,0,OPEN,"2025-02-22 20:06:32",1,0,{},6,27,4,2,0,2,33,6,27,4,2,0,2,33
54,dublin,"CLONMEL STREET","Clonmel Street",53.336,-6.26298,0,0,OPEN,"2025-02-22 20:16:36",1,0,{},6,27,4,2,0,2,33,6,27,4,2,0,2,33
54,dublin,"CLONMEL STREET","Clonmel Street",53.336,-6.26298,0,0,OPEN,"2025-02-22 20:26:40",1,0,{},6,27,4,2,0,2,33,6,27,4,2,0,2,33
54,dublin,"CLONMEL STREET","Clonmel Street",53.336,-6.26298,0,0,OPEN,"2025-02-22 20:36:44",1,0,{},6,27,4,2,0,2,33,6,27,4,2,0,2,33
54,dublin,"CLONMEL STREET","Clonmel Street",53.336,-6.26298,0,0,OPEN,"2025-02-22 20:46:48",1,0,{},6,27,4,2,0,2,33,6,27,4,2,0,2,33
54,dublin,"CLONMEL STREET","Clonmel Street",53.336,-6.26298,0,0,OPEN,"2025-02-22 20:56:53",1,0,{},6,27,4,2,0,2,33,6,27,4,2,0,2,33
54,dublin,"CLONMEL STREET","Clonmel Street",53.336,-6.26298,0,0,OPEN,"2025-02-22 21:06:57",1,0,{},6,27,4,2,0,2,33,6,27,4,2,0,2,33
54,dublin,"CLONMEL STREET","Clonmel Street",53.336,-6.26298,0,0,OPEN,"2025-02-22 21:17:01",1,0,{},6,27,4,2,0,2,33,6,27,4,2,0,2,33
54,dublin,"CLONMEL STREET","Clonmel Street",53.336,-6.26298,0,0,OPEN,"2025-02-22 21:27:05",1,0,{},6,27,4,2,0,2,33,6,27,4,2,0,2,33
54,dublin,"CLONMEL STREET","Clonmel Street",53.336,-6.26298,0,0,OPEN,"2025-02-22 21:37:09",1,0,{},6,27,4,2,0,2,33,6,27,4,2,0,2,33
54,dublin,"CLONMEL STREET","Clonmel Street",53.336,-6.26298,0,0,OPEN,"2025-02-22 21:47:13",1,0,{},6,27,4,2,0,2,33,6,27,4,2,0,2,33
54,dublin,"CLONMEL STREET","Clonmel Street",53.336,-6.26298,0,0,OPEN,"2025-02-22 21:50:55",1,0,{},6,27,4,2,0,2,33,6,27,4,2,0,2,33
54,dublin,"CLONMEL STREET","Clonmel Street",53.336,-6.26298,0,0,OPEN,"2025-02-22 21:57:18",1,0,{},6,27,4,2,0,2,33,6,27,4,2,0,2,33
54,dublin,"CLONMEL STREET","Clonmel Street",53.336,-6.26298,0,0,OPEN,"2025-02-22 22:07:22",1,0,{},6,27,4,2,0,2,33,6,27,4,2,0,2,33
54,dublin,"CLONMEL STREET","Clonmel Street",53.336,-6.26298,0,0,OPEN,"2025-02-22 22:17:27",1,0,{},6,27,4,2,0,2,33,6,27,4,2,0,2,33
55,dublin,"HATCH STREET","Hatch Street",53.334,-6.26071,0,0,OPEN,"2025-02-22 02:58:03",1,0,{},2,34,1,1,0,1,36,2,34,1,1,0,1,36
55,dublin,"HATCH STREET","Hatch Street",53.334,-6.26071,0,0,OPEN,"2025-02-22 03:08:06",1,0,{},2,34,1,1,0,1,36,2,34,1,1,0,1,36
55,dublin,"HATCH STREET","Hatch Street",53.334,-6.26071,0,0,OPEN,"2025-02-22 10:13:13",1,0,{},3,33,2,1,0,1,36,3,33,2,1,0,1,36
55,dublin,"HATCH STREET","Hatch Street",53.334,-6.26071,0,0,OPEN,"2025-02-22 10:23:18",1,0,{},3,33,2,1,0,1,36,3,33,2,1,0,1,36
55,dublin,"HATCH STREET","Hatch Street",53.334,-6.26071,0,0,OPEN,"2025-02-22 10:33:23",1,0,{},3,33,2,1,0,1,36,3,33,2,1,0,1,36
55,dublin,"HATCH STREET","Hatch Street",53.334,-6.26071,0,0,OPEN,"2025-02-22 10:43:29",1,0,{},3,33,2,1,0,1,36,3,33,2,1,0,1,36
55,dublin,"HATCH STREET","Hatch Street",53.334,-6.26071,0,0,OPEN,"2025-02-22 10:53:34",1,0,{},3,33,2,1,0,1,36,3,33,2,1,0,1,36
55,dublin,"HATCH STREET","Hatch Street",53.334,-6.26071,0,0,OPEN,"2025-02-22 11:03:39",1,0,{},3,33,2,1,0,1,36,3,33,2,1,0,1,36
55,dublin,"HATCH STREET","Hatch Street",53.334,-6.26071,0,0,OPEN,"2025-02-22 11:13:44",1,0,{},3,33,2,1,0,1,36,3,33,2,1,0,1,36
55,dublin,"HATCH STREET","Hatch Street",53.334,-6.26071,0,0,OPEN,"2025-02-22 11:23:50",1,0,{},3,33,2,1,0,1,36,3,33,2,1,0,1,36
55,dublin,"HATCH STREET","Hatch Street",53.334,-6.26071,0,0,OPEN,"2025-02-22 11:36:44",1,0,{},1,35,0,1,0,1,36,1,35,0,1,0,1,36
55,dublin,"HATCH STREET","Hatch Street",53.334,-6.26071,0,0,OPEN,"2025-02-22 11:44:05",1,0,{},1,35,0,1,0,1,36,1,35,0,1,0,1,36
55,dublin,"HATCH STREET","Hatch Street",53.334,-6.26071,0,0,OPEN,"2025-02-22 11:54:09",1,0,{},1,35,0,1,0,1,36,1,35,0,1,0,1,36
55,dublin,"HATCH STREET","Hatch Street",53.334,-6.26071,0,0,OPEN,"2025-02-22 12:04:15",1,0,{},1,35,0,1,0,1,36,1,35,0,1,0,1,36
55,dublin,"HATCH STREET","Hatch Street",53.334,-6.26071,0,0,OPEN,"2025-02-22 12:14:21",1,0,{},1,35,0,1,0,1,36,1,35,0,1,0,1,36
55,dublin,"HATCH STREET","Hatch Street",53.334,-6.26071,0,0,OPEN,"2025-02-22 12:27:08",1,0,{},0,36,0,0,0,0,36,0,36,0,0,0,0,36
55,dublin,"HATCH STREET","Hatch Street",53.334,-6.26071,0,0,OPEN,"2025-02-22 12:34:32",1,0,{},0,36,0,0,0,0,36,0,36,0,0,0,0,36
55,dublin,"HATCH STREET","Hatch Street",53.334,-6.26071,0,0,OPEN,"2025-02-22 12:44:38",1,0,{},0,36,0,0,0,0,36,0,36,0,0,0,0,36
55,dublin,"HATCH STREET","Hatch Street",53.334,-6.26071,0,0,OPEN,"2025-02-22 12:54:43",1,0,{},0,36,0,0,0,0,36,0,36,0,0,0,0,36
55,dublin,"HATCH STREET","Hatch Street",53.334,-6.26071,0,0,OPEN,"2025-02-22 13:04:49",1,0,{},0,36,0,0,0,0,36,0,36,0,0,0,0,36
55,dublin,"HATCH STREET","Hatch Street",53.334,-6.26071,0,0,OPEN,"2025-02-22 13:13:16",1,0,{},2,34,1,1,0,1,36,2,34,1,1,0,1,36
55,dublin,"HATCH STREET","Hatch Street",53.334,-6.26071,0,0,OPEN,"2025-02-22 13:14:54",1,0,{},2,34,1,1,0,1,36,2,34,1,1,0,1,36
55,dublin,"HATCH STREET","Hatch Street",53.334,-6.26071,0,0,OPEN,"2025-02-22 13:26:59",1,0,{},0,36,0,0,0,0,36,0,36,0,0,0,0,36
55,dublin,"HATCH STREET","Hatch Street",53.334,-6.26071,0,0,OPEN,"2025-02-22 13:35:07",1,0,{},0,36,0,0,0,0,36,0,36,0,0,0,0,36
55,dublin,"HATCH STREET","Hatch Street",53.334,-6.26071,0,0,OPEN,"2025-02-22 13:45:13",1,0,{},0,36,0,0,0,0,36,0,36,0,0,0,0,36
55,dublin,"HATCH STREET","Hatch Street",53.334,-6.26071,0,0,OPEN,"2025-02-22 13:55:19",1,0,{},0,36,0,0,0,0,36,0,36,0,0,0,0,36
55,dublin,"HATCH STREET","Hatch Street",53.334,-6.26071,0,0,OPEN,"2025-02-22 14:05:24",1,0,{},0,36,0,0,0,0,36,0,36,0,0,0,0,36
55,dublin,"HATCH STREET","Hatch Street",53.334,-6.26071,0,0,OPEN,"2025-02-22 14:15:29",1,0,{},0,36,0,0,0,0,36,0,36,0,0,0,0,36
55,dublin,"HATCH STREET","Hatch Street",53.334,-6.26071,0,0,OPEN,"2025-02-22 14:25:35",1,0,{},0,36,0,0,0,0,36,0,36,0,0,0,0,36
55,dublin,"HATCH STREET","Hatch Street",53.334,-6.26071,0,0,OPEN,"2025-02-22 14:35:40",1,0,{},0,36,0,0,0,0,36,0,36,0,0,0,0,36
55,dublin,"HATCH STREET","Hatch Street",53.334,-6.26071,0,0,OPEN,"2025-02-22 14:38:42",1,0,{},1,35,1,0,0,0,36,1,35,1,0,0,0,36
55,dublin,"HATCH STREET","Hatch Street",53.334,-6.26071,0,0,OPEN,"2025-02-22 14:45:45",1,0,{},1,35,1,0,0,0,36,1,35,1,0,0,0,36
55,dublin,"HATCH STREET","Hatch Street",53.334,-6.26071,0,0,OPEN,"2025-02-22 14:55:51",1,0,{},1,35,1,0,0,0,36,1,35,1,0,0,0,36
55,dublin,"HATCH STREET","Hatch Street",53.334,-6.26071,0,0,OPEN,"2025-02-22 15:05:56",1,0,{},1,35,1,0,0,0,36,1,35,1,0,0,0,36
55,dublin,"HATCH STREET","Hatch Street",53.334,-6.26071,0,0,OPEN,"2025-02-22 15:10:43",1,0,{},2,34,2,0,0,0,36,2,34,2,0,0,0,36
55,dublin,"HATCH STREET","Hatch Street",53.334,-6.26071,0,0,OPEN,"2025-02-22 15:16:03",1,0,{},3,33,3,0,0,0,36,3,33,3,0,0,0,36
55,dublin,"HATCH STREET","Hatch Street",53.334,-6.26071,0,0,OPEN,"2025-02-22 15:26:08",1,0,{},3,33,3,0,0,0,36,3,33,3,0,0,0,36
55,dublin,"HATCH STREET","Hatch Street",53.334,-6.26071,0,0,OPEN,"2025-02-22 15:36:14",1,0,{},3,33,3,0,0,0,36,3,33,3,0,0,0,36
55,dublin,"HATCH STREET","Hatch Street",53.334,-6.26071,0,0,OPEN,"2025-02-22 15:46:20",1,0,{},3,33,3,0,0,0,36,3,33,3,0,0,0,36
55,dublin,"HATCH STREET","Hatch Street",53.334,-6.26071,0,0,OPEN,"2025-02-22 15:56:25",1,0,{},3,33,3,0,0,0,36,3,33,3,0,0,0,36
55,dublin,"HATCH STREET","Hatch Street",53.334,-6.26071,0,0,OPEN,"2025-02-22 16:06:31",1,0,{},3,33,3,0,0,0,36,3,33,3,0,0,0,36
55,dublin,"HATCH STREET","Hatch Street",53.334,-6.26071,0,0,OPEN,"2025-02-22 16:16:36",1,0,{},3,33,3,0,0,0,36,3,33,3,0,0,0,36
55,dublin,"HATCH STREET","Hatch Street",53.334,-6.26071,0,0,OPEN,"2025-02-22 16:26:41",1,0,{},3,33,3,0,0,0,36,3,33,3,0,0,0,36
55,dublin,"HATCH STREET","Hatch Street",53.334,-6.26071,0,0,OPEN,"2025-02-22 16:36:47",1,0,{},3,33,3,0,0,0,36,3,33,3,0,0,0,36
55,dublin,"HATCH STREET","Hatch Street",53.334,-6.26071,0,0,OPEN,"2025-02-22 16:46:52",1,0,{},3,33,3,0,0,0,36,3,33,3,0,0,0,36
55,dublin,"HATCH STREET","Hatch Street",53.334,-6.26071,0,0,OPEN,"2025-02-22 16:56:58",1,0,{},3,33,3,0,0,0,36,3,33,3,0,0,0,36
55,dublin,"HATCH STREET","Hatch Street",53.334,-6.26071,0,0,OPEN,"2025-02-22 17:07:03",1,0,{},3,33,3,0,0,0,36,3,33,3,0,0,0,36
55,dublin,"HATCH STREET","Hatch Street",53.334,-6.26071,0,0,OPEN,"2025-02-22 17:17:09",1,0,{},3,33,3,0,0,0,36,3,33,3,0,0,0,36
55,dublin,"HATCH STREET","Hatch Street",53.334,-6.26071,0,0,OPEN,"2025-02-22 17:27:14",1,0,{},3,33,3,0,0,0,36,3,33,3,0,0,0,36
55,dublin,"HATCH STREET","Hatch Street",53.334,-6.26071,0,0,OPEN,"2025-02-22 17:37:20",1,0,{},3,33,3,0,0,0,36,3,33,3,0,0,0,36
55,dublin,"HATCH STREET","Hatch Street",53.334,-6.26071,0,0,OPEN,"2025-02-22 17:42:55",1,0,{},4,32,4,0,0,0,36,4,32,4,0,0,0,36
55,dublin,"HATCH STREET","Hatch Street",53.334,-6.26071,0,0,OPEN,"2025-02-22 17:47:26",1,0,{},4,32,4,0,0,0,36,4,32,4,0,0,0,36
55,dublin,"HATCH STREET","Hatch Street",53.334,-6.26071,0,0,OPEN,"2025-02-22 17:57:31",1,0,{},4,32,4,0,0,0,36,4,32,4,0,0,0,36
55,dublin,"HATCH STREET","Hatch Street",53.334,-6.26071,0,0,OPEN,"2025-02-22 18:07:36",1,0,{},4,32,4,0,0,0,36,4,32,4,0,0,0,36
55,dublin,"HATCH STREET","Hatch Street",53.334,-6.26071,0,0,OPEN,"2025-02-22 18:17:42",1,0,{},4,32,4,0,0,0,36,4,32,4,0,0,0,36
55,dublin,"HATCH STREET","Hatch Street",53.334,-6.26071,0,0,OPEN,"2025-02-22 18:27:47",1,0,{},4,32,4,0,0,0,36,4,32,4,0,0,0,36
55,dublin,"HATCH STREET","Hatch Street",53.334,-6.26071,0,0,OPEN,"2025-02-22 18:30:08",1,0,{},5,31,4,1,0,1,36,5,31,4,1,0,1,36
55,dublin,"HATCH STREET","Hatch Street",53.334,-6.26071,0,0,OPEN,"2025-02-22 18:37:52",1,0,{},5,31,4,1,0,1,36,5,31,4,1,0,1,36
55,dublin,"HATCH STREET","Hatch Street",53.334,-6.26071,0,0,OPEN,"2025-02-22 18:47:58",1,0,{},5,31,4,1,0,1,36,5,31,4,1,0,1,36
55,dublin,"HATCH STREET","Hatch Street",53.334,-6.26071,0,0,OPEN,"2025-02-22 18:58:03",1,0,{},5,31,4,1,0,1,36,5,31,4,1,0,1,36
55,dublin,"HATCH STREET","Hatch Street",53.334,-6.26071,0,0,OPEN,"2025-02-22 19:08:09",1,0,{},5,31,4,1,0,1,36,5,31,4,1,0,1,36
55,dublin,"HATCH STREET","Hatch Street",53.334,-6.26071,0,0,OPEN,"2025-02-22 19:18:14",1,0,{},5,31,4,1,0,1,36,5,31,4,1,0,1,36
55,dublin,"HATCH STREET","Hatch Street",53.334,-6.26071,0,0,OPEN,"2025-02-22 19:28:19",1,0,{},5,31,4,1,0,1,36,5,31,4,1,0,1,36
55,dublin,"HATCH STREET","Hatch Street",53.334,-6.26071,0,0,OPEN,"2025-02-22 19:38:25",1,0,{},5,31,4,1,0,1,36,5,31,4,1,0,1,36
55,dublin,"HATCH STREET","Hatch Street",53.334,-6.26071,0,0,OPEN,"2025-02-22 19:48:30",1,0,{},5,31,4,1,0,1,36,5,31,4,1,0,1,36
55,dublin,"HATCH STREET","Hatch Street",53.334,-6.26071,0,0,OPEN,"2025-02-22 19:58:35",1,0,{},5,31,4,1,0,1,36,5,31,4,1,0,1,36
55,dublin,"HATCH STREET","Hatch Street",53.334,-6.26071,0,0,OPEN,"2025-02-22 20:01:12",1,0,{},4,32,3,1,0,1,36,4,32,3,1,0,1,36
55,dublin,"HATCH STREET","Hatch Street",53.334,-6.26071,0,0,OPEN,"2025-02-22 20:08:41",1,0,{},4,32,3,1,0,1,36,4,32,3,1,0,1,36
55,dublin,"HATCH STREET","Hatch Street",53.334,-6.26071,0,0,OPEN,"2025-02-22 20:18:46",1,0,{},4,32,3,1,0,1,36,4,32,3,1,0,1,36
55,dublin,"HATCH STREET","Hatch Street",53.334,-6.26071,0,0,OPEN,"2025-02-22 20:28:52",1,0,{},4,32,3,1,0,1,36,4,32,3,1,0,1,36
55,dublin,"HATCH STREET","Hatch Street",53.334,-6.26071,0,0,OPEN,"2025-02-22 20:38:57",1,0,{},4,32,3,1,0,1,36,4,32,3,1,0,1,36
55,dublin,"HATCH STREET","Hatch Street",53.334,-6.26071,0,0,OPEN,"2025-02-22 20:49:02",1,0,{},4,32,3,1,0,1,36,4,32,3,1,0,1,36
55,dublin,"HATCH STREET","Hatch Street",53.334,-6.26071,0,0,OPEN,"2025-02-22 20:59:08",1,0,{},4,32,3,1,0,1,36,4,32,3,1,0,1,36
55,dublin,"HATCH STREET","Hatch Street",53.334,-6.26071,0,0,OPEN,"2025-02-22 21:09:13",1,0,{},4,32,3,1,0,1,36,4,32,3,1,0,1,36
55,dublin,"HATCH STREET","Hatch Street",53.334,-6.26071,0,0,OPEN,"2025-02-22 21:19:19",1,0,{},4,32,3,1,0,1,36,4,32,3,1,0,1,36
55,dublin,"HATCH STREET","Hatch Street",53.334,-6.26071,0,0,OPEN,"2025-02-22 21:22:39",1,0,{},5,31,3,2,0,2,36,5,31,3,2,0,2,36
55,dublin,"HATCH STREET","Hatch Street",53.334,-6.26071,0,0,OPEN,"2025-02-22 21:29:25",1,0,{},5,31,3,2,0,2,36,5,31,3,2,0,2,36
55,dublin,"HATCH STREET","Hatch Street",53.334,-6.26071,0,0,OPEN,"2025-02-22 21:39:30",1,0,{},5,31,3,2,0,2,36,5,31,3,2,0,2,36
55,dublin,"HATCH STREET","Hatch Street",53.334,-6.26071,0,0,OPEN,"2025-02-22 21:49:36",1,0,{},5,31,3,2,0,2,36,5,31,3,2,0,2,36
55,dublin,"HATCH STREET","Hatch Street",53.334,-6.26071,0,0,OPEN,"2025-02-22 21:59:41",1,0,{},5,31,3,2,0,2,36,5,31,3,2,0,2,36
55,dublin,"HATCH STREET","Hatch Street",53.334,-6.26071,0,0,OPEN,"2025-02-22 22:09:46",1,0,{},5,31,3,2,0,2,36,5,31,3,2,0,2,36
56,dublin,"MOUNT STREET LOWER","Mount Street Lower",53.338,-6.24153,0,0,OPEN,"2025-02-22 02:54:48",1,0,{},9,31,7,2,0,2,40,9,31,7,2,0,2,40
56,dublin,"MOUNT STREET LOWER","Mount Street Lower",53.338,-6.24153,0,0,OPEN,"2025-02-22 03:04:52",1,0,{},9,31,7,2,0,2,40,9,31,7,2,0,2,40
56,dublin,"MOUNT STREET LOWER","Mount Street Lower",53.338,-6.24153,0,0,OPEN,"2025-02-22 03:15:57",1,0,{},9,31,7,2,0,2,40,9,31,7,2,0,2,40
56,dublin,"MOUNT STREET LOWER","Mount Street Lower",53.338,-6.24153,0,0,OPEN,"2025-02-22 10:10:21",1,0,{},3,37,1,2,0,2,40,3,37,1,2,0,2,40
56,dublin,"MOUNT STREET LOWER","Mount Street Lower",53.338,-6.24153,0,0,OPEN,"2025-02-22 10:18:54",1,0,{},3,37,1,2,0,2,40,3,37,1,2,0,2,40
56,dublin,"MOUNT STREET LOWER","Mount Street Lower",53.338,-6.24153,0,0,OPEN,"2025-02-22 10:28:57",1,0,{},3,37,1,2,0,2,40,3,37,1,2,0,2,40
56,dublin,"MOUNT STREET LOWER","Mount Street Lower",53.338,-6.24153,0,0,OPEN,"2025-02-22 10:36:03",1,0,{},1,39,0,1,0,1,40,1,39,0,1,0,1,40
56,dublin,"MOUNT STREET LOWER","Mount Street Lower",53.338,-6.24153,0,0,OPEN,"2025-02-22 10:39:04",1,0,{},1,39,0,1,0,1,40,1,39,0,1,0,1,40
56,dublin,"MOUNT STREET LOWER","Mount Street Lower",53.338,-6.24153,0,0,OPEN,"2025-02-22 10:46:08",1,0,{},0,40,0,0,0,0,40,0,40,0,0,0,0,40
56,dublin,"MOUNT STREET LOWER","Mount Street Lower",53.338,-6.24153,0,0,OPEN,"2025-02-22 10:52:21",1,0,{},1,39,1,0,0,0,40,1,39,1,0,0,0,40
56,dublin,"MOUNT STREET LOWER","Mount Street Lower",53.338,-6.24153,0,0,OPEN,"2025-02-22 10:59:12",1,0,{},1,39,1,0,0,0,40,1,39,1,0,0,0,40
56,dublin,"MOUNT STREET LOWER","Mount Street Lower",53.338,-6.24153,0,0,OPEN,"2025-02-22 11:09:16",1,0,{},1,39,1,0,0,0,40,1,39,1,0,0,0,40
56,dublin,"MOUNT STREET LOWER","Mount Street Lower",53.338,-6.24153,0,0,OPEN,"2025-02-22 11:19:19",1,0,{},1,39,1,0,0,0,40,1,39,1,0,0,0,40
56,dublin,"MOUNT STREET LOWER","Mount Street Lower",53.338,-6.24153,0,0,OPEN,"2025-02-22 11:26:08",1,0,{},0,40,0,0,0,0,40,0,40,0,0,0,0,40
56,dublin,"MOUNT STREET LOWER","Mount Street Lower",53.338,-6.24153,0,0,OPEN,"2025-02-22 11:29:24",1,0,{},0,40,0,0,0,0,40,0,40,0,0,0,0,40
56,dublin,"MOUNT STREET LOWER","Mount Street Lower",53.338,-6.24153,0,0,OPEN,"2025-02-22 11:39:28",1,0,{},0,40,0,0,0,0,40,0,40,0,0,0,0,40
56,dublin,"MOUNT STREET LOWER","Mount Street Lower",53.338,-6.24153,0,0,OPEN,"2025-02-22 11:49:32",1,0,{},0,40,0,0,0,0,40,0,40,0,0,0,0,40
56,dublin,"MOUNT STREET LOWER","Mount Street Lower",53.338,-6.24153,0,0,OPEN,"2025-02-22 11:59:36",1,0,{},0,40,0,0,0,0,40,0,40,0,0,0,0,40
56,dublin,"MOUNT STREET LOWER","Mount Street Lower",53.338,-6.24153,0,0,OPEN,"2025-02-22 12:09:39",1,0,{},0,40,0,0,0,0,40,0,40,0,0,0,0,40
56,dublin,"MOUNT STREET LOWER","Mount Street Lower",53.338,-6.24153,0,0,OPEN,"2025-02-22 12:19:43",1,0,{},0,40,0,0,0,0,40,0,40,0,0,0,0,40
56,dublin,"MOUNT STREET LOWER","Mount Street Lower",53.338,-6.24153,0,0,OPEN,"2025-02-22 12:29:46",1,0,{},0,40,0,0,0,0,40,0,40,0,0,0,0,40
56,dublin,"MOUNT STREET LOWER","Mount Street Lower",53.338,-6.24153,0,0,OPEN,"2025-02-22 12:39:50",1,0,{},0,40,0,0,0,0,40,0,40,0,0,0,0,40
56,dublin,"MOUNT STREET LOWER","Mount Street Lower",53.338,-6.24153,0,0,OPEN,"2025-02-22 12:49:54",1,0,{},0,40,0,0,0,0,40,0,40,0,0,0,0,40
56,dublin,"MOUNT STREET LOWER","Mount Street Lower",53.338,-6.24153,0,0,OPEN,"2025-02-22 12:59:57",1,0,{},0,40,0,0,0,0,40,0,40,0,0,0,0,40
56,dublin,"MOUNT STREET LOWER","Mount Street Lower",53.338,-6.24153,0,0,OPEN,"2025-02-22 13:10:01",1,0,{},0,40,0,0,0,0,40,0,40,0,0,0,0,40
56,dublin,"MOUNT STREET LOWER","Mount Street Lower",53.338,-6.24153,0,0,OPEN,"2025-02-22 13:20:05",1,0,{},0,40,0,0,0,0,40,0,40,0,0,0,0,40
56,dublin,"MOUNT STREET LOWER","Mount Street Lower",53.338,-6.24153,0,0,OPEN,"2025-02-22 13:24:55",1,0,{},1,39,1,0,0,0,40,1,39,1,0,0,0,40
56,dublin,"MOUNT STREET LOWER","Mount Street Lower",53.338,-6.24153,0,0,OPEN,"2025-02-22 13:30:50",1,0,{},0,40,0,0,0,0,40,0,40,0,0,0,0,40
56,dublin,"MOUNT STREET LOWER","Mount Street Lower",53.338,-6.24153,0,0,OPEN,"2025-02-22 13:35:54",1,0,{},1,39,1,0,0,0,40,1,39,1,0,0,0,40
56,dublin,"MOUNT STREET LOWER","Mount Street Lower",53.338,-6.24153,0,0,OPEN,"2025-02-22 13:40:13",1,0,{},2,38,1,1,0,1,40,2,38,1,1,0,1,40
56,dublin,"MOUNT STREET LOWER","Mount Street Lower",53.338,-6.24153,0,0,OPEN,"2025-02-22 13:48:23",1,0,{},4,36,3,1,0,1,40,4,36,3,1,0,1,40
56,dublin,"MOUNT STREET LOWER","Mount Street Lower",53.338,-6.24153,0,0,OPEN,"2025-02-22 13:50:17",1,0,{},4,36,3,1,0,1,40,4,36,3,1,0,1,40
56,dublin,"MOUNT STREET LOWER","Mount Street Lower",53.338,-6.24153,0,0,OPEN,"2025-02-22 13:53:36",1,0,{},5,35,4,1,0,1,40,5,35,4,1,0,1,40
56,dublin,"MOUNT STREET LOWER","Mount Street Lower",53.338,-6.24153,0,0,OPEN,"2025-02-22 14:00:21",1,0,{},5,35,4,1,0,1,40,5,35,4,1,0,1,40
56,dublin,"MOUNT STREET LOWER","Mount Street Lower",53.338,-6.24153,0,0,OPEN,"2025-02-22 14:05:23",1,0,{},5,35,4,1,0,1,40,5,35,4,1,0,1,40
56,dublin,"MOUNT STREET LOWER","Mount Street Lower",53.338,-6.24153,0,0,OPEN,"2025-02-22 14:10:26",1,0,{},5,35,4,1,0,1,40,5,35,4,1,0,1,40
56,dublin,"MOUNT STREET LOWER","Mount Street Lower",53.338,-6.24153,0,0,OPEN,"2025-02-22 14:20:30",1,0,{},5,35,4,1,0,1,40,5,35,4,1,0,1,40
56,dublin,"MOUNT STREET LOWER","Mount Street Lower",53.338,-6.24153,0,0,OPEN,"2025-02-22 14:30:33",1,0,{},5,35,4,1,0,1,40,5,35,4,1,0,1,40
56,dublin,"MOUNT STREET LOWER","Mount Street Lower",53.338,-6.24153,0,0,OPEN,"2025-02-22 14:35:36",1,0,{},5,35,3,2,0,2,40,5,35,3,2,0,2,40
56,dublin,"MOUNT STREET LOWER","Mount Street Lower",53.338,-6.24153,0,0,OPEN,"2025-02-22 14:40:39",1,0,{},6,34,4,2,0,2,40,6,34,4,2,0,2,40
56,dublin,"MOUNT STREET LOWER","Mount Street Lower",53.338,-6.24153,0,0,OPEN,"2025-02-22 14:45:58",1,0,{},7,33,4,3,0,3,40,7,33,4,3,0,3,40
56,dublin,"MOUNT STREET LOWER","Mount Street Lower",53.338,-6.24153,0,0,OPEN,"2025-02-22 14:52:38",1,0,{},6,34,4,2,0,2,40,6,34,4,2,0,2,40
56,dublin,"MOUNT STREET LOWER","Mount Street Lower",53.338,-6.24153,0,0,OPEN,"2025-02-22 15:00:59",1,0,{},5,35,3,2,0,2,40,5,35,3,2,0,2,40
56,dublin,"MOUNT STREET LOWER","Mount Street Lower",53.338,-6.24153,0,0,OPEN,"2025-02-22 15:06:32",1,0,{},4,36,2,2,0,2,40,4,36,2,2,0,2,40
56,dublin,"MOUNT STREET LOWER","Mount Street Lower",53.338,-6.24153,0,0,OPEN,"2025-02-22 15:10:56",1,0,{},4,36,2,2,0,2,40,4,36,2,2,0,2,40
56,dublin,"MOUNT STREET LOWER","Mount Street Lower",53.338,-6.24153,0,0,OPEN,"2025-02-22 15:16:44",1,0,{},5,35,3,2,0,2,40,5,35,3,2,0,2,40
56,dublin,"MOUNT STREET LOWER","Mount Street Lower",53.338,-6.24153,0,0,OPEN,"2025-02-22 15:21:02",1,0,{},6,34,4,2,0,2,40,6,34,4,2,0,2,40
56,dublin,"MOUNT STREET LOWER","Mount Street Lower",53.338,-6.24153,0,0,OPEN,"2025-02-22 15:31:07",1,0,{},7,33,5,2,0,2,40,7,33,5,2,0,2,40
56,dublin,"MOUNT STREET LOWER","Mount Street Lower",53.338,-6.24153,0,0,OPEN,"2025-02-22 15:34:16",1,0,{},8,32,6,2,0,2,40,8,32,6,2,0,2,40
56,dublin,"MOUNT STREET LOWER","Mount Street Lower",53.338,-6.24153,0,0,OPEN,"2025-02-22 15:41:12",1,0,{},8,32,6,2,0,2,40,8,32,6,2,0,2,40
56,dublin,"MOUNT STREET LOWER","Mount Street Lower",53.338,-6.24153,0,0,OPEN,"2025-02-22 15:51:16",1,0,{},8,32,6,2,0,2,40,8,32,6,2,0,2,40
56,dublin,"MOUNT STREET LOWER","Mount Street Lower",53.338,-6.24153,0,0,OPEN,"2025-02-22 15:58:02",1,0,{},7,33,5,2,0,2,40,7,33,5,2,0,2,40
56,dublin,"MOUNT STREET LOWER","Mount Street Lower",53.338,-6.24153,0,0,OPEN,"2025-02-22 16:02:21",1,0,{},8,32,6,2,0,2,40,8,32,6,2,0,2,40
56,dublin,"MOUNT STREET LOWER","Mount Street Lower",53.338,-6.24153,0,0,OPEN,"2025-02-22 16:08:26",1,0,{},9,31,6,3,0,3,40,9,31,6,3,0,3,40
56,dublin,"MOUNT STREET LOWER","Mount Street Lower",53.338,-6.24153,0,0,OPEN,"2025-02-22 16:11:28",1,0,{},9,31,6,3,0,3,40,9,31,6,3,0,3,40
56,dublin,"MOUNT STREET LOWER","Mount Street Lower",53.338,-6.24153,0,0,OPEN,"2025-02-22 16:22:34",1,0,{},8,32,5,3,0,3,40,8,32,5,3,0,3,40
56,dublin,"MOUNT STREET LOWER","Mount Street Lower",53.338,-6.24153,0,0,OPEN,"2025-02-22 16:32:07",1,0,{},7,33,4,3,0,3,40,7,33,4,3,0,3,40
56,dublin,"MOUNT STREET LOWER","Mount Street Lower",53.338,-6.24153,0,0,OPEN,"2025-02-22 16:41:43",1,0,{},7,33,4,3,0,3,40,7,33,4,3,0,3,40
56,dublin,"MOUNT STREET LOWER","Mount Street Lower",53.338,-6.24153,0,0,OPEN,"2025-02-22 16:48:29",1,0,{},7,33,3,4,0,4,40,7,33,3,4,0,4,40
56,dublin,"MOUNT STREET LOWER","Mount Street Lower",53.338,-6.24153,0,0,OPEN,"2025-02-22 16:51:48",1,0,{},7,33,3,4,0,4,40,7,33,3,4,0,4,40
56,dublin,"MOUNT STREET LOWER","Mount Street Lower",53.338,-6.24153,0,0,OPEN,"2025-02-22 17:02:49",1,0,{},8,32,4,4,0,4,40,8,32,4,4,0,4,40
56,dublin,"MOUNT STREET LOWER","Mount Street Lower",53.338,-6.24153,0,0,OPEN,"2025-02-22 17:11:55",1,0,{},8,32,4,4,0,4,40,8,32,4,4,0,4,40
56,dublin,"MOUNT STREET LOWER","Mount Street Lower",53.338,-6.24153,0,0,OPEN,"2025-02-22 17:22:01",1,0,{},7,33,3,4,0,4,40,7,33,3,4,0,4,40
56,dublin,"MOUNT STREET LOWER","Mount Street Lower",53.338,-6.24153,0,0,OPEN,"2025-02-22 17:32:06",1,0,{},6,34,2,4,0,4,40,6,34,2,4,0,4,40
56,dublin,"MOUNT STREET LOWER","Mount Street Lower",53.338,-6.24153,0,0,OPEN,"2025-02-22 17:42:11",1,0,{},5,35,1,4,0,4,40,5,35,1,4,0,4,40
56,dublin,"MOUNT STREET LOWER","Mount Street Lower",53.338,-6.24153,0,0,OPEN,"2025-02-22 17:52:15",1,0,{},5,35,1,4,0,4,40,5,35,1,4,0,4,40
56,dublin,"MOUNT STREET LOWER","Mount Street Lower",53.338,-6.24153,0,0,OPEN,"2025-02-22 18:02:19",1,0,{},5,35,1,4,0,4,40,5,35,1,4,0,4,40
56,dublin,"MOUNT STREET LOWER","Mount Street Lower",53.338,-6.24153,0,0,OPEN,"2025-02-22 18:06:16",1,0,{},4,36,1,3,0,3,40,4,36,1,3,0,3,40
56,dublin,"MOUNT STREET LOWER","Mount Street Lower",53.338,-6.24153,0,0,OPEN,"2025-02-22 18:12:25",1,0,{},3,37,1,2,0,2,40,3,37,1,2,0,2,40
56,dublin,"MOUNT STREET LOWER","Mount Street Lower",53.338,-6.24153,0,0,OPEN,"2025-02-22 18:18:08",1,0,{},5,35,3,2,0,2,40,5,35,3,2,0,2,40
56,dublin,"MOUNT STREET LOWER","Mount Street Lower",53.338,-6.24153,0,0,OPEN,"2025-02-22 18:22:34",1,0,{},3,37,2,1,0,1,40,3,37,2,1,0,1,40
56,dublin,"MOUNT STREET LOWER","Mount Street Lower",53.338,-6.24153,0,0,OPEN,"2025-02-22 18:32:38",1,0,{},3,37,2,1,0,1,40,3,37,2,1,0,1,40
56,dublin,"MOUNT STREET LOWER","Mount Street Lower",53.338,-6.24153,0,0,OPEN,"2025-02-22 18:36:24",1,0,{},0,40,0,0,0,0,40,0,40,0,0,0,0,40
56,dublin,"MOUNT STREET LOWER","Mount Street Lower",53.338,-6.24153,0,0,OPEN,"2025-02-22 18:42:45",1,0,{},0,40,0,0,0,0,40,0,40,0,0,0,0,40
56,dublin,"MOUNT STREET LOWER","Mount Street Lower",53.338,-6.24153,0,0,OPEN,"2025-02-22 18:44:43",1,0,{},1,39,1,0,0,0,40,1,39,1,0,0,0,40
56,dublin,"MOUNT STREET LOWER","Mount Street Lower",53.338,-6.24153,0,0,OPEN,"2025-02-22 18:52:48",1,0,{},1,39,1,0,0,0,40,1,39,1,0,0,0,40
56,dublin,"MOUNT STREET LOWER","Mount Street Lower",53.338,-6.24153,0,0,OPEN,"2025-02-22 19:02:53",1,0,{},1,39,1,0,0,0,40,1,39,1,0,0,0,40
56,dublin,"MOUNT STREET LOWER","Mount Street Lower",53.338,-6.24153,0,0,OPEN,"2025-02-22 19:12:57",1,0,{},2,38,2,0,0,0,40,2,38,2,0,0,0,40
56,dublin,"MOUNT STREET LOWER","Mount Street Lower",53.338,-6.24153,0,0,OPEN,"2025-02-22 19:17:45",1,0,{},1,39,1,0,0,0,40,1,39,1,0,0,0,40
56,dublin,"MOUNT STREET LOWER","Mount Street Lower",53.338,-6.24153,0,0,OPEN,"2025-02-22 19:23:03",1,0,{},1,39,1,0,0,0,40,1,39,1,0,0,0,40
56,dublin,"MOUNT STREET LOWER","Mount Street Lower",53.338,-6.24153,0,0,OPEN,"2025-02-22 19:33:08",1,0,{},2,38,1,1,0,1,40,2,38,1,1,0,1,40
56,dublin,"MOUNT STREET LOWER","Mount Street Lower",53.338,-6.24153,0,0,OPEN,"2025-02-22 19:36:23",1,0,{},3,37,2,1,0,1,40,3,37,2,1,0,1,40
56,dublin,"MOUNT STREET LOWER","Mount Street Lower",53.338,-6.24153,0,0,OPEN,"2025-02-22 19:43:11",1,0,{},3,37,2,1,0,1,40,3,37,2,1,0,1,40
56,dublin,"MOUNT STREET LOWER","Mount Street Lower",53.338,-6.24153,0,0,OPEN,"2025-02-22 19:53:15",1,0,{},3,37,2,1,0,1,40,3,37,2,1,0,1,40
56,dublin,"MOUNT STREET LOWER","Mount Street Lower",53.338,-6.24153,0,0,OPEN,"2025-02-22 20:03:19",1,0,{},4,36,3,1,0,1,40,4,36,3,1,0,1,40
56,dublin,"MOUNT STREET LOWER","Mount Street Lower",53.338,-6.24153,0,0,OPEN,"2025-02-22 20:13:53",1,0,{},5,35,4,1,0,1,40,5,35,4,1,0,1,40
56,dublin,"MOUNT STREET LOWER","Mount Street Lower",53.338,-6.24153,0,0,OPEN,"2025-02-22 20:23:28",1,0,{},5,35,4,1,0,1,40,5,35,4,1,0,1,40
56,dublin,"MOUNT STREET LOWER","Mount Street Lower",53.338,-6.24153,0,0,OPEN,"2025-02-22 20:33:32",1,0,{},5,35,4,1,0,1,40,5,35,4,1,0,1,40
56,dublin,"MOUNT STREET LOWER","Mount Street Lower",53.338,-6.24153,0,0,OPEN,"2025-02-22 20:43:36",1,0,{},5,35,4,1,0,1,40,5,35,4,1,0,1,40
56,dublin,"MOUNT STREET LOWER","Mount Street Lower",53.338,-6.24153,0,0,OPEN,"2025-02-22 20:54:01",1,0,{},4,36,3,1,0,1,40,4,36,3,1,0,1,40
56,dublin,"MOUNT STREET LOWER","Mount Street Lower",53.338,-6.24153,0,0,OPEN,"2025-02-22 21:03:44",1,0,{},4,36,3,1,0,1,40,4,36,3,1,0,1,40
56,dublin,"MOUNT STREET LOWER","Mount Street Lower",53.338,-6.24153,0,0,OPEN,"2025-02-22 21:13:48",1,0,{},4,36,3,1,0,1,40,4,36,3,1,0,1,40
56,dublin,"MOUNT STREET LOWER","Mount Street Lower",53.338,-6.24153,0,0,OPEN,"2025-02-22 21:23:51",1,0,{},4,36,3,1,0,1,40,4,36,3,1,0,1,40
56,dublin,"MOUNT STREET LOWER","Mount Street Lower",53.338,-6.24153,0,0,OPEN,"2025-02-22 21:33:54",1,0,{},4,36,3,1,0,1,40,4,36,3,1,0,1,40
56,dublin,"MOUNT STREET LOWER","Mount Street Lower",53.338,-6.24153,0,0,OPEN,"2025-02-22 21:43:58",1,0,{},4,36,3,1,0,1,40,4,36,3,1,0,1,40
56,dublin,"MOUNT STREET LOWER","Mount Street Lower",53.338,-6.24153,0,0,OPEN,"2025-02-22 21:54:01",1,0,{},4,36,3,1,0,1,40,4,36,3,1,0,1,40
56,dublin,"MOUNT STREET LOWER","Mount Street Lower",53.338,-6.24153,0,0,OPEN,"2025-02-22 22:04:08",1,0,{},2,38,1,1,0,1,40,2,38,1,1,0,1,40
56,dublin,"MOUNT STREET LOWER","Mount Street Lower",53.338,-6.24153,0,0,OPEN,"2025-02-22 22:14:11",1,0,{},2,38,1,1,0,1,40,2,38,1,1,0,1,40
57,dublin,"GRATTAN STREET","Grattan Street",53.3396,-6.24378,0,0,OPEN,"2025-02-22 02:56:01",1,0,{},6,17,4,2,0,2,23,6,17,4,2,0,2,23
57,dublin,"GRATTAN STREET","Grattan Street",53.3396,-6.24378,0,0,OPEN,"2025-02-22 03:06:05",1,0,{},6,17,4,2,0,2,23,6,17,4,2,0,2,23
57,dublin,"GRATTAN STREET","Grattan Street",53.3396,-6.24378,0,0,OPEN,"2025-02-22 10:09:52",1,0,{},6,17,5,1,0,1,23,6,17,5,1,0,1,23
57,dublin,"GRATTAN STREET","Grattan Street",53.3396,-6.24378,0,0,OPEN,"2025-02-22 10:19:56",1,0,{},6,17,5,1,0,1,23,6,17,5,1,0,1,23
57,dublin,"GRATTAN STREET","Grattan Street",53.3396,-6.24378,0,0,OPEN,"2025-02-22 10:30:01",1,0,{},6,17,5,1,0,1,23,6,17,5,1,0,1,23
57,dublin,"GRATTAN STREET","Grattan Street",53.3396,-6.24378,0,0,OPEN,"2025-02-22 10:40:05",1,0,{},6,17,5,1,0,1,23,6,17,5,1,0,1,23
57,dublin,"GRATTAN STREET","Grattan Street",53.3396,-6.24378,0,0,OPEN,"2025-02-22 10:46:34",1,0,{},7,16,6,1,0,1,23,7,16,6,1,0,1,23
57,dublin,"GRATTAN STREET","Grattan Street",53.3396,-6.24378,0,0,OPEN,"2025-02-22 10:50:09",1,0,{},7,16,6,1,0,1,23,7,16,6,1,0,1,23
57,dublin,"GRATTAN STREET","Grattan Street",53.3396,-6.24378,0,0,OPEN,"2025-02-22 10:57:28",1,0,{},8,15,6,2,0,2,23,8,15,6,2,0,2,23
57,dublin,"GRATTAN STREET","Grattan Street",53.3396,-6.24378,0,0,OPEN,"2025-02-22 11:00:14",1,0,{},8,15,6,2,0,2,23,8,15,6,2,0,2,23
57,dublin,"GRATTAN STREET","Grattan Street",53.3396,-6.24378,0,0,OPEN,"2025-02-22 11:10:18",1,0,{},8,15,6,2,0,2,23,8,15,6,2,0,2,23
57,dublin,"GRATTAN STREET","Grattan Street",53.3396,-6.24378,0,0,OPEN,"2025-02-22 11:14:21",1,0,{},7,16,6,1,0,1,23,7,16,6,1,0,1,23
57,dublin,"GRATTAN STREET","Grattan Street",53.3396,-6.24378,0,0,OPEN,"2025-02-22 11:20:24",1,0,{},7,16,6,1,0,1,23,7,16,6,1,0,1,23
57,dublin,"GRATTAN STREET","Grattan Street",53.3396,-6.24378,0,0,OPEN,"2025-02-22 11:30:28",1,0,{},7,16,6,1,0,1,23,7,16,6,1,0,1,23
57,dublin,"GRATTAN STREET","Grattan Street",53.3396,-6.24378,0,0,OPEN,"2025-02-22 11:40:32",1,0,{},7,16,6,1,0,1,23,7,16,6,1,0,1,23
57,dublin,"GRATTAN STREET","Grattan Street",53.3396,-6.24378,0,0,OPEN,"2025-02-22 11:50:37",1,0,{},7,16,6,1,0,1,23,7,16,6,1,0,1,23
57,dublin,"GRATTAN STREET","Grattan Street",53.3396,-6.24378,0,0,OPEN,"2025-02-22 11:55:34",1,0,{},6,17,5,1,0,1,23,6,17,5,1,0,1,23
57,dublin,"GRATTAN STREET","Grattan Street",53.3396,-6.24378,0,0,OPEN,"2025-02-22 12:00:43",1,0,{},6,17,5,1,0,1,23,6,17,5,1,0,1,23
57,dublin,"GRATTAN STREET","Grattan Street",53.3396,-6.24378,0,0,OPEN,"2025-02-22 12:10:47",1,0,{},6,17,5,1,0,1,23,6,17,5,1,0,1,23
57,dublin,"GRATTAN STREET","Grattan Street",53.3396,-6.24378,0,0,OPEN,"2025-02-22 12:15:28",1,0,{},5,18,4,1,0,1,23,5,18,4,1,0,1,23
57,dublin,"GRATTAN STREET","Grattan Street",53.3396,-6.24378,0,0,OPEN,"2025-02-22 12:20:54",1,0,{},5,18,4,1,0,1,23,5,18,4,1,0,1,23
57,dublin,"GRATTAN STREET","Grattan Street",53.3396,-6.24378,0,0,OPEN,"2025-02-22 12:30:58",1,0,{},5,18,4,1,0,1,23,5,18,4,1,0,1,23
57,dublin,"GRATTAN STREET","Grattan Street",53.3396,-6.24378,0,0,OPEN,"2025-02-22 12:41:02",1,0,{},5,18,4,1,0,1,23,5,18,4,1,0,1,23
57,dublin,"GRATTAN STREET","Grattan Street",53.3396,-6.24378,0,0,OPEN,"2025-02-22 12:51:07",1,0,{},5,18,4,1,0,1,23,5,18,4,1,0,1,23
57,dublin,"GRATTAN STREET","Grattan Street",53.3396,-6.24378,0,0,OPEN,"2025-02-22 13:02:25",1,0,{},4,19,3,1,0,1,23,4,19,3,1,0,1,23
57,dublin,"GRATTAN STREET","Grattan Street",53.3396,-6.24378,0,0,OPEN,"2025-02-22 13:11:17",1,0,{},4,19,3,1,0,1,23,4,19,3,1,0,1,23
57,dublin,"GRATTAN STREET","Grattan Street",53.3396,-6.24378,0,0,OPEN,"2025-02-22 13:14:46",1,0,{},3,20,2,1,0,1,23,3,20,2,1,0,1,23
57,dublin,"GRATTAN STREET","Grattan Street",53.3396,-6.24378,0,0,OPEN,"2025-02-22 13:21:23",1,0,{},3,20,2,1,0,1,23,3,20,2,1,0,1,23
57,dublin,"GRATTAN STREET","Grattan Street",53.3396,-6.24378,0,0,OPEN,"2025-02-22 13:31:27",1,0,{},3,20,2,1,0,1,23,3,20,2,1,0,1,23
57,dublin,"GRATTAN STREET","Grattan Street",53.3396,-6.24378,0,0,OPEN,"2025-02-22 13:41:31",1,0,{},3,20,2,1,0,1,23,3,20,2,1,0,1,23
57,dublin,"GRATTAN STREET","Grattan Street",53.3396,-6.24378,0,0,OPEN,"2025-02-22 13:44:42",1,0,{},2,21,1,1,0,1,23,2,21,1,1,0,1,23
57,dublin,"GRATTAN STREET","Grattan Street",53.3396,-6.24378,0,0,OPEN,"2025-02-22 13:51:37",1,0,{},2,21,1,1,0,1,23,2,21,1,1,0,1,23
57,dublin,"GRATTAN STREET","Grattan Street",53.3396,-6.24378,0,0,OPEN,"2025-02-22 14:01:41",1,0,{},2,21,1,1,0,1,23,2,21,1,1,0,1,23
57,dublin,"GRATTAN STREET","Grattan Street",53.3396,-6.24378,0,0,OPEN,"2025-02-22 14:11:45",1,0,{},2,21,1,1,0,1,23,2,21,1,1,0,1,23
57,dublin,"GRATTAN STREET","Grattan Street",53.3396,-6.24378,0,0,OPEN,"2025-02-22 14:21:49",1,0,{},2,21,1,1,0,1,23,2,21,1,1,0,1,23
57,dublin,"GRATTAN STREET","Grattan Street",53.3396,-6.24378,0,0,OPEN,"2025-02-22 14:31:53",1,0,{},2,21,1,1,0,1,23,2,21,1,1,0,1,23
57,dublin,"GRATTAN STREET","Grattan Street",53.3396,-6.24378,0,0,OPEN,"2025-02-22 14:41:57",1,0,{},2,21,1,1,0,1,23,2,21,1,1,0,1,23
57,dublin,"GRATTAN STREET","Grattan Street",53.3396,-6.24378,0,0,OPEN,"2025-02-22 14:52:01",1,0,{},2,21,1,1,0,1,23,2,21,1,1,0,1,23
57,dublin,"GRATTAN STREET","Grattan Street",53.3396,-6.24378,0,0,OPEN,"2025-02-22 15:02:05",1,0,{},2,21,1,1,0,1,23,2,21,1,1,0,1,23
57,dublin,"GRATTAN STREET","Grattan Street",53.3396,-6.24378,0,0,OPEN,"2025-02-22 15:12:09",1,0,{},2,21,1,1,0,1,23,2,21,1,1,0,1,23
57,dublin,"GRATTAN STREET","Grattan Street",53.3396,-6.24378,0,0,OPEN,"2025-02-22 15:22:13",1,0,{},2,21,1,1,0,1,23,2,21,1,1,0,1,23
57,dublin,"GRATTAN STREET","Grattan Street",53.3396,-6.24378,0,0,OPEN,"2025-02-22 15:24:22",1,0,{},1,22,0,1,0,1,23,1,22,0,1,0,1,23
57,dublin,"GRATTAN STREET","Grattan Street",53.3396,-6.24378,0,0,OPEN,"2025-02-22 15:32:20",1,0,{},0,23,0,0,0,0,23,0,23,0,0,0,0,23
57,dublin,"GRATTAN STREET","Grattan Street",53.3396,-6.24378,0,0,OPEN,"2025-02-22 15:42:24",1,0,{},0,23,0,0,0,0,23,0,23,0,0,0,0,23
57,dublin,"GRATTAN STREET","Grattan Street",53.3396,-6.24378,0,0,OPEN,"2025-02-22 15:52:28",1,0,{},0,23,0,0,0,0,23,0,23,0,0,0,0,23
57,dublin,"GRATTAN STREET","Grattan Street",53.3396,-6.24378,0,0,OPEN,"2025-02-22 16:02:32",1,0,{},0,23,0,0,0,0,23,0,23,0,0,0,0,23
57,dublin,"GRATTAN STREET","Grattan Street",53.3396,-6.24378,0,0,OPEN,"2025-02-22 16:12:36",1,0,{},0,23,0,0,0,0,23,0,23,0,0,0,0,23
57,dublin,"GRATTAN STREET","Grattan Street",53.3396,-6.24378,0,0,OPEN,"2025-02-22 16:23:00",1,0,{},1,22,0,1,0,1,23,1,22,0,1,0,1,23
57,dublin,"GRATTAN STREET","Grattan Street",53.3396,-6.24378,0,0,OPEN,"2025-02-22 16:32:44",1,0,{},1,22,0,1,0,1,23,1,22,0,1,0,1,23
57,dublin,"GRATTAN STREET","Grattan Street",53.3396,-6.24378,0,0,OPEN,"2025-02-22 16:42:48",1,0,{},1,22,0,1,0,1,23,1,22,0,1,0,1,23
57,dublin,"GRATTAN STREET","Grattan Street",53.3396,-6.24378,0,0,OPEN,"2025-02-22 16:52:52",1,0,{},1,22,0,1,0,1,23,1,22,0,1,0,1,23
57,dublin,"GRATTAN STREET","Grattan Street",53.3396,-6.24378,0,0,OPEN,"2025-02-22 16:55:07",1,0,{},1,22,0,1,0,1,23,1,22,0,1,0,1,23
57,dublin,"GRATTAN STREET","Grattan Street",53.3396,-6.24378,0,0,OPEN,"2025-02-22 17:02:57",1,0,{},1,22,0,1,0,1,23,1,22,0,1,0,1,23
57,dublin,"GRATTAN STREET","Grattan Street",53.3396,-6.24378,0,0,OPEN,"2025-02-22 17:13:01",1,0,{},1,22,0,1,0,1,23,1,22,0,1,0,1,23
57,dublin,"GRATTAN STREET","Grattan Street",53.3396,-6.24378,0,0,OPEN,"2025-02-22 17:14:43",1,0,{},0,23,0,0,0,0,23,0,23,0,0,0,0,23
57,dublin,"GRATTAN STREET","Grattan Street",53.3396,-6.24378,0,0,OPEN,"2025-02-22 17:23:06",1,0,{},0,23,0,0,0,0,23,0,23,0,0,0,0,23
57,dublin,"GRATTAN STREET","Grattan Street",53.3396,-6.24378,0,0,OPEN,"2025-02-22 17:33:10",1,0,{},0,23,0,0,0,0,23,0,23,0,0,0,0,23
57,dublin,"GRATTAN STREET","Grattan Street",53.3396,-6.24378,0,0,OPEN,"2025-02-22 17:43:15",1,0,{},0,23,0,0,0,0,23,0,23,0,0,0,0,23
57,dublin,"GRATTAN STREET","Grattan Street",53.3396,-6.24378,0,0,OPEN,"2025-02-22 17:53:19",1,0,{},0,23,0,0,0,0,23,0,23,0,0,0,0,23
57,dublin,"GRATTAN STREET","Grattan Street",53.3396,-6.24378,0,0,OPEN,"2025-02-22 18:03:23",1,0,{},0,23,0,0,0,0,23,0,23,0,0,0,0,23
57,dublin,"GRATTAN STREET","Grattan Street",53.3396,-6.24378,0,0,OPEN,"2025-02-22 18:13:27",1,0,{},0,23,0,0,0,0,23,0,23,0,0,0,0,23
57,dublin,"GRATTAN STREET","Grattan Street",53.3396,-6.24378,0,0,OPEN,"2025-02-22 18:23:30",1,0,{},0,23,0,0,0,0,23,0,23,0,0,0,0,23
57,dublin,"GRATTAN STREET","Grattan Street",53.3396,-6.24378,0,0,OPEN,"2025-02-22 18:33:34",1,0,{},0,23,0,0,0,0,23,0,23,0,0,0,0,23
57,dublin,"GRATTAN STREET","Grattan Street",53.3396,-6.24378,0,0,OPEN,"2025-02-22 18:43:38",1,0,{},0,23,0,0,0,0,23,0,23,0,0,0,0,23
57,dublin,"GRATTAN STREET","Grattan Street",53.3396,-6.24378,0,0,OPEN,"2025-02-22 18:53:42",1,0,{},0,23,0,0,0,0,23,0,23,0,0,0,0,23
57,dublin,"GRATTAN STREET","Grattan Street",53.3396,-6.24378,0,0,OPEN,"2025-02-22 19:03:48",1,0,{},0,23,0,0,0,0,23,0,23,0,0,0,0,23
57,dublin,"GRATTAN STREET","Grattan Street",53.3396,-6.24378,0,0,OPEN,"2025-02-22 19:13:53",1,0,{},0,23,0,0,0,0,23,0,23,0,0,0,0,23
57,dublin,"GRATTAN STREET","Grattan Street",53.3396,-6.24378,0,0,OPEN,"2025-02-22 19:23:58",1,0,{},0,23,0,0,0,0,23,0,23,0,0,0,0,23
57,dublin,"GRATTAN STREET","Grattan Street",53.3396,-6.24378,0,0,OPEN,"2025-02-22 19:34:02",1,0,{},0,23,0,0,0,0,23,0,23,0,0,0,0,23
57,dublin,"GRATTAN STREET","Grattan Street",53.3396,-6.24378,0,0,OPEN,"2025-02-22 19:44:05",1,0,{},0,23,0,0,0,0,23,0,23,0,0,0,0,23
57,dublin,"GRATTAN STREET","Grattan Street",53.3396,-6.24378,0,0,OPEN,"2025-02-22 19:54:09",1,0,{},0,23,0,0,0,0,23,0,23,0,0,0,0,23
57,dublin,"GRATTAN STREET","Grattan Street",53.3396,-6.24378,0,0,OPEN,"2025-02-22 19:55:37",1,0,{},1,22,0,1,0,1,23,1,22,0,1,0,1,23
57,dublin,"GRATTAN STREET","Grattan Street",53.3396,-6.24378,0,0,OPEN,"2025-02-22 20:04:12",1,0,{},1,22,0,1,0,1,23,1,22,0,1,0,1,23
57,dublin,"GRATTAN STREET","Grattan Street",53.3396,-6.24378,0,0,OPEN,"2025-02-22 20:06:48",1,0,{},2,21,1,1,0,1,23,2,21,1,1,0,1,23
57,dublin,"GRATTAN STREET","Grattan Street",53.3396,-6.24378,0,0,OPEN,"2025-02-22 20:14:17",1,0,{},2,21,1,1,0,1,23,2,21,1,1,0,1,23
57,dublin,"GRATTAN STREET","Grattan Street",53.3396,-6.24378,0,0,OPEN,"2025-02-22 20:24:21",1,0,{},2,21,1,1,0,1,23,2,21,1,1,0,1,23
57,dublin,"GRATTAN STREET","Grattan Street",53.3396,-6.24378,0,0,OPEN,"2025-02-22 20:34:25",1,0,{},2,21,1,1,0,1,23,2,21,1,1,0,1,23
57,dublin,"GRATTAN STREET","Grattan Street",53.3396,-6.24378,0,0,OPEN,"2025-02-22 20:44:29",1,0,{},2,21,1,1,0,1,23,2,21,1,1,0,1,23
57,dublin,"GRATTAN STREET","Grattan Street",53.3396,-6.24378,0,0,OPEN,"2025-02-22 20:54:34",1,0,{},2,21,1,1,0,1,23,2,21,1,1,0,1,23
57,dublin,"GRATTAN STREET","Grattan Street",53.3396,-6.24378,0,0,OPEN,"2025-02-22 21:04:38",1,0,{},2,21,1,1,0,1,23,2,21,1,1,0,1,23
57,dublin,"GRATTAN STREET","Grattan Street",53.3396,-6.24378,0,0,OPEN,"2025-02-22 21:14:42",1,0,{},2,21,1,1,0,1,23,2,21,1,1,0,1,23
57,dublin,"GRATTAN STREET","Grattan Street",53.3396,-6.24378,0,0,OPEN,"2025-02-22 21:24:46",1,0,{},2,21,1,1,0,1,23,2,21,1,1,0,1,23
57,dublin,"GRATTAN STREET","Grattan Street",53.3396,-6.24378,0,0,OPEN,"2025-02-22 21:34:50",1,0,{},2,21,1,1,0,1,23,2,21,1,1,0,1,23
57,dublin,"GRATTAN STREET","Grattan Street",53.3396,-6.24378,0,0,OPEN,"2025-02-22 21:44:54",1,0,{},2,21,1,1,0,1,23,2,21,1,1,0,1,23
57,dublin,"GRATTAN STREET","Grattan Street",53.3396,-6.24378,0,0,OPEN,"2025-02-22 21:54:59",1,0,{},2,21,1,1,0,1,23,2,21,1,1,0,1,23
57,dublin,"GRATTAN STREET","Grattan Street",53.3396,-6.24378,0,0,OPEN,"2025-02-22 22:05:03",1,0,{},2,21,1,1,0,1,23,2,21,1,1,0,1,23
57,dublin,"GRATTAN STREET","Grattan Street",53.3396,-6.24378,0,0,OPEN,"2025-02-22 22:15:07",1,0,{},2,21,1,1,0,1,23,2,21,1,1,0,1,23
58,dublin,"SIR PATRICK DUN'S","Sir Patrick's Dun",53.3392,-6.24064,0,0,OPEN,"2025-02-22 03:00:09",1,0,{},3,37,3,0,0,0,40,3,37,3,0,0,0,40
58,dublin,"SIR PATRICK DUN'S","Sir Patrick's Dun",53.3392,-6.24064,0,0,OPEN,"2025-02-22 03:10:13",1,0,{},3,37,3,0,0,0,40,3,37,3,0,0,0,40
58,dublin,"SIR PATRICK DUN'S","Sir Patrick's Dun",53.3392,-6.24064,0,0,OPEN,"2025-02-22 10:13:24",1,0,{},11,29,8,3,0,3,40,11,29,8,3,0,3,40
58,dublin,"SIR PATRICK DUN'S","Sir Patrick's Dun",53.3392,-6.24064,0,0,OPEN,"2025-02-22 10:23:29",1,0,{},11,29,8,3,0,3,40,11,29,8,3,0,3,40
58,dublin,"SIR PATRICK DUN'S","Sir Patrick's Dun",53.3392,-6.24064,0,0,OPEN,"2025-02-22 10:25:24",1,0,{},12,28,8,4,0,4,40,12,28,8,4,0,4,40
58,dublin,"SIR PATRICK DUN'S","Sir Patrick's Dun",53.3392,-6.24064,0,0,OPEN,"2025-02-22 10:32:11",1,0,{},14,26,9,5,0,5,40,14,26,9,5,0,5,40
58,dublin,"SIR PATRICK DUN'S","Sir Patrick's Dun",53.3392,-6.24064,0,0,OPEN,"2025-02-22 10:37:56",1,0,{},17,23,11,6,0,6,40,17,23,11,6,0,6,40
58,dublin,"SIR PATRICK DUN'S","Sir Patrick's Dun",53.3392,-6.24064,0,0,OPEN,"2025-02-22 10:40:57",1,0,{},19,21,12,7,0,7,40,19,21,12,7,0,7,40
58,dublin,"SIR PATRICK DUN'S","Sir Patrick's Dun",53.3392,-6.24064,0,0,OPEN,"2025-02-22 10:47:14",1,0,{},19,21,12,7,0,7,40,19,21,12,7,0,7,40
58,dublin,"SIR PATRICK DUN'S","Sir Patrick's Dun",53.3392,-6.24064,0,0,OPEN,"2025-02-22 10:54:28",1,0,{},20,20,13,7,0,7,40,20,20,13,7,0,7,40
58,dublin,"SIR PATRICK DUN'S","Sir Patrick's Dun",53.3392,-6.24064,0,0,OPEN,"2025-02-22 11:01:33",1,0,{},21,19,14,7,0,7,40,21,19,14,7,0,7,40
58,dublin,"SIR PATRICK DUN'S","Sir Patrick's Dun",53.3392,-6.24064,0,0,OPEN,"2025-02-22 11:08:03",1,0,{},21,19,13,8,0,8,40,21,19,13,8,0,8,40
58,dublin,"SIR PATRICK DUN'S","Sir Patrick's Dun",53.3392,-6.24064,0,0,OPEN,"2025-02-22 11:13:13",1,0,{},19,21,11,8,0,8,40,19,21,11,8,0,8,40
58,dublin,"SIR PATRICK DUN'S","Sir Patrick's Dun",53.3392,-6.24064,0,0,OPEN,"2025-02-22 11:14:13",1,0,{},21,19,11,10,0,10,40,21,19,11,10,0,10,40
58,dublin,"SIR PATRICK DUN'S","Sir Patrick's Dun",53.3392,-6.24064,0,0,OPEN,"2025-02-22 11:21:36",1,0,{},20,20,10,10,0,10,40,20,20,10,10,0,10,40
58,dublin,"SIR PATRICK DUN'S","Sir Patrick's Dun",53.3392,-6.24064,0,0,OPEN,"2025-02-22 11:26:01",1,0,{},21,19,10,11,0,11,40,21,19,10,11,0,11,40
58,dublin,"SIR PATRICK DUN'S","Sir Patrick's Dun",53.3392,-6.24064,0,0,OPEN,"2025-02-22 11:33:30",1,0,{},21,19,10,11,0,11,40,21,19,10,11,0,11,40
58,dublin,"SIR PATRICK DUN'S","Sir Patrick's Dun",53.3392,-6.24064,0,0,OPEN,"2025-02-22 11:36:20",1,0,{},23,17,11,12,0,12,40,23,17,11,12,0,12,40
58,dublin,"SIR PATRICK DUN'S","Sir Patrick's Dun",53.3392,-6.24064,0,0,OPEN,"2025-02-22 11:39:59",1,0,{},22,18,11,11,0,11,40,22,18,11,11,0,11,40
58,dublin,"SIR PATRICK DUN'S","Sir Patrick's Dun",53.3392,-6.24064,0,0,OPEN,"2025-02-22 11:45:57",1,0,{},23,17,10,13,0,13,40,23,17,10,13,0,13,40
58,dublin,"SIR PATRICK DUN'S","Sir Patrick's Dun",53.3392,-6.24064,0,0,OPEN,"2025-02-22 11:52:07",1,0,{},21,19,8,13,0,13,40,21,19,8,13,0,13,40
58,dublin,"SIR PATRICK DUN'S","Sir Patrick's Dun",53.3392,-6.24064,0,0,OPEN,"2025-02-22 11:57:14",1,0,{},18,22,7,11,0,11,40,18,22,7,11,0,11,40
58,dublin,"SIR PATRICK DUN'S","Sir Patrick's Dun",53.3392,-6.24064,0,0,OPEN,"2025-02-22 11:59:25",1,0,{},17,23,6,11,0,11,40,17,23,6,11,0,11,40
58,dublin,"SIR PATRICK DUN'S","Sir Patrick's Dun",53.3392,-6.24064,0,0,OPEN,"2025-02-22 12:04:49",1,0,{},17,23,6,11,0,11,40,17,23,6,11,0,11,40
58,dublin,"SIR PATRICK DUN'S","Sir Patrick's Dun",53.3392,-6.24064,0,0,OPEN,"2025-02-22 12:09:08",1,0,{},18,22,7,11,0,11,40,18,22,7,11,0,11,40
58,dublin,"SIR PATRICK DUN'S","Sir Patrick's Dun",53.3392,-6.24064,0,0,OPEN,"2025-02-22 12:18:30",1,0,{},20,20,9,11,0,11,40,20,20,9,11,0,11,40
58,dublin,"SIR PATRICK DUN'S","Sir Patrick's Dun",53.3392,-6.24064,0,0,OPEN,"2025-02-22 12:23:22",1,0,{},20,20,10,10,0,10,40,20,20,10,10,0,10,40
58,dublin,"SIR PATRICK DUN'S","Sir Patrick's Dun",53.3392,-6.24064,0,0,OPEN,"2025-02-22 12:25:00",1,0,{},20,20,10,10,0,10,40,20,20,10,10,0,10,40
58,dublin,"SIR PATRICK DUN'S","Sir Patrick's Dun",53.3392,-6.24064,0,0,OPEN,"2025-02-22 12:31:51",1,0,{},20,20,11,9,0,9,40,20,20,11,9,0,9,40
58,dublin,"SIR PATRICK DUN'S","Sir Patrick's Dun",53.3392,-6.24064,0,0,OPEN,"2025-02-22 12:36:00",1,0,{},20,20,10,10,0,10,40,20,20,10,10,0,10,40
58,dublin,"SIR PATRICK DUN'S","Sir Patrick's Dun",53.3392,-6.24064,0,0,OPEN,"2025-02-22 12:45:19",1,0,{},20,20,9,11,0,11,40,20,20,9,11,0,11,40
58,dublin,"SIR PATRICK DUN'S","Sir Patrick's Dun",53.3392,-6.24064,0,0,OPEN,"2025-02-22 12:51:40",1,0,{},19,21,8,11,0,11,40,19,21,8,11,0,11,40
58,dublin,"SIR PATRICK DUN'S","Sir Patrick's Dun",53.3392,-6.24064,0,0,OPEN,"2025-02-22 12:55:27",1,0,{},19,21,8,11,0,11,40,19,21,8,11,0,11,40
58,dublin,"SIR PATRICK DUN'S","Sir Patrick's Dun",53.3392,-6.24064,0,0,OPEN,"2025-02-22 13:02:55",1,0,{},21,19,10,11,0,11,40,21,19,10,11,0,11,40
58,dublin,"SIR PATRICK DUN'S","Sir Patrick's Dun",53.3392,-6.24064,0,0,OPEN,"2025-02-22 13:05:35",1,0,{},20,20,9,11,0,11,40,20,20,9,11,0,11,40
58,dublin,"SIR PATRICK DUN'S","Sir Patrick's Dun",53.3392,-6.24064,0,0,OPEN,"2025-02-22 13:15:41",1,0,{},20,20,9,11,0,11,40,20,20,9,11,0,11,40
58,dublin,"SIR PATRICK DUN'S","Sir Patrick's Dun",53.3392,-6.24064,0,0,OPEN,"2025-02-22 13:25:46",1,0,{},20,20,9,11,0,11,40,20,20,9,11,0,11,40
58,dublin,"SIR PATRICK DUN'S","Sir Patrick's Dun",53.3392,-6.24064,0,0,OPEN,"2025-02-22 13:32:23",1,0,{},16,24,6,10,0,10,40,16,24,6,10,0,10,40
58,dublin,"SIR PATRICK DUN'S","Sir Patrick's Dun",53.3392,-6.24064,0,0,OPEN,"2025-02-22 13:36:57",1,0,{},17,23,7,10,0,10,40,17,23,7,10,0,10,40
58,dublin,"SIR PATRICK DUN'S","Sir Patrick's Dun",53.3392,-6.24064,0,0,OPEN,"2025-02-22 13:40:48",1,0,{},18,22,7,11,0,11,40,18,22,7,11,0,11,40
58,dublin,"SIR PATRICK DUN'S","Sir Patrick's Dun",53.3392,-6.24064,0,0,OPEN,"2025-02-22 13:46:05",1,0,{},18,22,7,11,0,11,40,18,22,7,11,0,11,40
58,dublin,"SIR PATRICK DUN'S","Sir Patrick's Dun",53.3392,-6.24064,0,0,OPEN,"2025-02-22 13:58:30",1,0,{},21,19,9,12,0,12,40,21,19,9,12,0,12,40
58,dublin,"SIR PATRICK DUN'S","Sir Patrick's Dun",53.3392,-6.24064,0,0,OPEN,"2025-02-22 14:00:43",1,0,{},21,19,9,12,0,12,40,21,19,9,12,0,12,40
58,dublin,"SIR PATRICK DUN'S","Sir Patrick's Dun",53.3392,-6.24064,0,0,OPEN,"2025-02-22 14:06:24",1,0,{},20,20,8,12,0,12,40,20,20,8,12,0,12,40
58,dublin,"SIR PATRICK DUN'S","Sir Patrick's Dun",53.3392,-6.24064,0,0,OPEN,"2025-02-22 14:13:22",1,0,{},19,21,7,12,0,12,40,19,21,7,12,0,12,40
58,dublin,"SIR PATRICK DUN'S","Sir Patrick's Dun",53.3392,-6.24064,0,0,OPEN,"2025-02-22 14:16:27",1,0,{},18,22,7,11,0,11,40,18,22,7,11,0,11,40
58,dublin,"SIR PATRICK DUN'S","Sir Patrick's Dun",53.3392,-6.24064,0,0,OPEN,"2025-02-22 14:20:49",1,0,{},19,21,8,11,0,11,40,19,21,8,11,0,11,40
58,dublin,"SIR PATRICK DUN'S","Sir Patrick's Dun",53.3392,-6.24064,0,0,OPEN,"2025-02-22 14:28:00",1,0,{},18,22,7,11,0,11,40,18,22,7,11,0,11,40
58,dublin,"SIR PATRICK DUN'S","Sir Patrick's Dun",53.3392,-6.24064,0,0,OPEN,"2025-02-22 14:36:40",1,0,{},18,22,7,11,0,11,40,18,22,7,11,0,11,40
58,dublin,"SIR PATRICK DUN'S","Sir Patrick's Dun",53.3392,-6.24064,0,0,OPEN,"2025-02-22 14:46:45",1,0,{},18,22,7,11,0,11,40,18,22,7,11,0,11,40
58,dublin,"SIR PATRICK DUN'S","Sir Patrick's Dun",53.3392,-6.24064,0,0,OPEN,"2025-02-22 14:56:51",1,0,{},18,22,7,11,0,11,40,18,22,7,11,0,11,40
58,dublin,"SIR PATRICK DUN'S","Sir Patrick's Dun",53.3392,-6.24064,0,0,OPEN,"2025-02-22 15:01:01",1,0,{},20,20,7,13,0,13,40,20,20,7,13,0,13,40
58,dublin,"SIR PATRICK DUN'S","Sir Patrick's Dun",53.3392,-6.24064,0,0,OPEN,"2025-02-22 15:06:59",1,0,{},20,20,7,13,0,13,40,20,20,7,13,0,13,40
58,dublin,"SIR PATRICK DUN'S","Sir Patrick's Dun",53.3392,-6.24064,0,0,OPEN,"2025-02-22 15:12:09",1,0,{},19,21,6,13,0,13,40,19,21,6,13,0,13,40
58,dublin,"SIR PATRICK DUN'S","Sir Patrick's Dun",53.3392,-6.24064,0,0,OPEN,"2025-02-22 15:17:07",1,0,{},19,21,6,13,0,13,40,19,21,6,13,0,13,40
58,dublin,"SIR PATRICK DUN'S","Sir Patrick's Dun",53.3392,-6.24064,0,0,OPEN,"2025-02-22 15:27:12",1,0,{},19,21,6,13,0,13,40,19,21,6,13,0,13,40
58,dublin,"SIR PATRICK DUN'S","Sir Patrick's Dun",53.3392,-6.24064,0,0,OPEN,"2025-02-22 15:33:02",1,0,{},19,21,7,12,0,12,40,19,21,7,12,0,12,40
58,dublin,"SIR PATRICK DUN'S","Sir Patrick's Dun",53.3392,-6.24064,0,0,OPEN,"2025-02-22 15:37:18",1,0,{},19,21,7,12,0,12,40,19,21,7,12,0,12,40
58,dublin,"SIR PATRICK DUN'S","Sir Patrick's Dun",53.3392,-6.24064,0,0,OPEN,"2025-02-22 15:39:46",1,0,{},20,20,8,12,0,12,40,20,20,8,12,0,12,40
58,dublin,"SIR PATRICK DUN'S","Sir Patrick's Dun",53.3392,-6.24064,0,0,OPEN,"2025-02-22 15:47:26",1,0,{},19,21,7,12,0,12,40,19,21,7,12,0,12,40
58,dublin,"SIR PATRICK DUN'S","Sir Patrick's Dun",53.3392,-6.24064,0,0,OPEN,"2025-02-22 15:57:32",1,0,{},19,21,7,12,0,12,40,19,21,7,12,0,12,40
58,dublin,"SIR PATRICK DUN'S","Sir Patrick's Dun",53.3392,-6.24064,0,0,OPEN,"2025-02-22 16:07:37",1,0,{},19,21,7,12,0,12,40,19,21,7,12,0,12,40
58,dublin,"SIR PATRICK DUN'S","Sir Patrick's Dun",53.3392,-6.24064,0,0,OPEN,"2025-02-22 16:17:45",1,0,{},18,22,7,11,0,11,40,18,22,7,11,0,11,40
58,dublin,"SIR PATRICK DUN'S","Sir Patrick's Dun",53.3392,-6.24064,0,0,OPEN,"2025-02-22 16:27:53",1,0,{},17,23,7,10,0,10,40,17,23,7,10,0,10,40
58,dublin,"SIR PATRICK DUN'S","Sir Patrick's Dun",53.3392,-6.24064,0,0,OPEN,"2025-02-22 16:33:19",1,0,{},14,26,5,9,0,9,40,14,26,5,9,0,9,40
58,dublin,"SIR PATRICK DUN'S","Sir Patrick's Dun",53.3392,-6.24064,0,0,OPEN,"2025-02-22 16:38:03",1,0,{},15,25,6,9,0,9,40,15,25,6,9,0,9,40
58,dublin,"SIR PATRICK DUN'S","Sir Patrick's Dun",53.3392,-6.24064,0,0,OPEN,"2025-02-22 16:40:09",1,0,{},15,25,6,9,0,9,40,15,25,6,9,0,9,40
58,dublin,"SIR PATRICK DUN'S","Sir Patrick's Dun",53.3392,-6.24064,0,0,OPEN,"2025-02-22 16:48:11",1,0,{},15,25,6,9,0,9,40,15,25,6,9,0,9,40
58,dublin,"SIR PATRICK DUN'S","Sir Patrick's Dun",53.3392,-6.24064,0,0,OPEN,"2025-02-22 16:58:18",1,0,{},14,26,5,9,0,9,40,14,26,5,9,0,9,40
58,dublin,"SIR PATRICK DUN'S","Sir Patrick's Dun",53.3392,-6.24064,0,0,OPEN,"2025-02-22 17:00:43",1,0,{},15,25,5,10,0,10,40,15,25,5,10,0,10,40
58,dublin,"SIR PATRICK DUN'S","Sir Patrick's Dun",53.3392,-6.24064,0,0,OPEN,"2025-02-22 17:08:28",1,0,{},15,25,5,10,0,10,40,15,25,5,10,0,10,40
58,dublin,"SIR PATRICK DUN'S","Sir Patrick's Dun",53.3392,-6.24064,0,0,OPEN,"2025-02-22 17:09:03",1,0,{},14,26,4,10,0,10,40,14,26,4,10,0,10,40
58,dublin,"SIR PATRICK DUN'S","Sir Patrick's Dun",53.3392,-6.24064,0,0,OPEN,"2025-02-22 17:15:20",1,0,{},14,26,5,9,0,9,40,14,26,5,9,0,9,40
58,dublin,"SIR PATRICK DUN'S","Sir Patrick's Dun",53.3392,-6.24064,0,0,OPEN,"2025-02-22 17:21:44",1,0,{},11,29,4,7,0,7,40,11,29,4,7,0,7,40
58,dublin,"SIR PATRICK DUN'S","Sir Patrick's Dun",53.3392,-6.24064,0,0,OPEN,"2025-02-22 17:26:37",1,0,{},13,27,5,8,0,8,40,13,27,5,8,0,8,40
58,dublin,"SIR PATRICK DUN'S","Sir Patrick's Dun",53.3392,-6.24064,0,0,OPEN,"2025-02-22 17:30:28",1,0,{},11,29,5,6,0,6,40,11,29,5,6,0,6,40
58,dublin,"SIR PATRICK DUN'S","Sir Patrick's Dun",53.3392,-6.24064,0,0,OPEN,"2025-02-22 17:42:06",1,0,{},12,28,6,6,0,6,40,12,28,6,6,0,6,40
58,dublin,"SIR PATRICK DUN'S","Sir Patrick's Dun",53.3392,-6.24064,0,0,OPEN,"2025-02-22 17:52:49",1,0,{},10,30,4,6,0,6,40,10,30,4,6,0,6,40
58,dublin,"SIR PATRICK DUN'S","Sir Patrick's Dun",53.3392,-6.24064,0,0,OPEN,"2025-02-22 17:56:13",1,0,{},9,31,3,6,0,6,40,9,31,3,6,0,6,40
58,dublin,"SIR PATRICK DUN'S","Sir Patrick's Dun",53.3392,-6.24064,0,0,OPEN,"2025-02-22 18:00:55",1,0,{},10,30,4,6,0,6,40,10,30,4,6,0,6,40
58,dublin,"SIR PATRICK DUN'S","Sir Patrick's Dun",53.3392,-6.24064,0,0,OPEN,"2025-02-22 18:09:16",1,0,{},10,30,4,6,0,6,40,10,30,4,6,0,6,40
58,dublin,"SIR PATRICK DUN'S","Sir Patrick's Dun",53.3392,-6.24064,0,0,OPEN,"2025-02-22 18:18:31",1,0,{},10,30,4,6,0,6,40,10,30,4,6,0,6,40
58,dublin,"SIR PATRICK DUN'S","Sir Patrick's Dun",53.3392,-6.24064,0,0,OPEN,"2025-02-22 18:23:29",1,0,{},12,28,5,7,0,7,40,12,28,5,7,0,7,40
58,dublin,"SIR PATRICK DUN'S","Sir Patrick's Dun",53.3392,-6.24064,0,0,OPEN,"2025-02-22 18:31:51",1,0,{},13,27,5,8,0,8,40,13,27,5,8,0,8,40
58,dublin,"SIR PATRICK DUN'S","Sir Patrick's Dun",53.3392,-6.24064,0,0,OPEN,"2025-02-22 18:43:56",1,0,{},10,30,4,6,0,6,40,10,30,4,6,0,6,40
58,dublin,"SIR PATRICK DUN'S","Sir Patrick's Dun",53.3392,-6.24064,0,0,OPEN,"2025-02-22 18:48:56",1,0,{},11,29,3,8,0,8,40,11,29,3,8,0,8,40
58,dublin,"SIR PATRICK DUN'S","Sir Patrick's Dun",53.3392,-6.24064,0,0,OPEN,"2025-02-22 18:49:46",1,0,{},11,29,3,8,0,8,40,11,29,3,8,0,8,40
58,dublin,"SIR PATRICK DUN'S","Sir Patrick's Dun",53.3392,-6.24064,0,0,OPEN,"2025-02-22 18:59:51",1,0,{},11,29,3,8,0,8,40,11,29,3,8,0,8,40
58,dublin,"SIR PATRICK DUN'S","Sir Patrick's Dun",53.3392,-6.24064,0,0,OPEN,"2025-02-22 19:14:29",1,0,{},12,28,4,8,0,8,40,12,28,4,8,0,8,40
58,dublin,"SIR PATRICK DUN'S","Sir Patrick's Dun",53.3392,-6.24064,0,0,OPEN,"2025-02-22 19:15:43",1,0,{},10,30,4,6,0,6,40,10,30,4,6,0,6,40
58,dublin,"SIR PATRICK DUN'S","Sir Patrick's Dun",53.3392,-6.24064,0,0,OPEN,"2025-02-22 19:20:04",1,0,{},10,30,4,6,0,6,40,10,30,4,6,0,6,40
58,dublin,"SIR PATRICK DUN'S","Sir Patrick's Dun",53.3392,-6.24064,0,0,OPEN,"2025-02-22 19:30:09",1,0,{},10,30,4,6,0,6,40,10,30,4,6,0,6,40
58,dublin,"SIR PATRICK DUN'S","Sir Patrick's Dun",53.3392,-6.24064,0,0,OPEN,"2025-02-22 19:36:07",1,0,{},8,32,4,4,0,4,40,8,32,4,4,0,4,40
58,dublin,"SIR PATRICK DUN'S","Sir Patrick's Dun",53.3392,-6.24064,0,0,OPEN,"2025-02-22 19:40:16",1,0,{},8,32,4,4,0,4,40,8,32,4,4,0,4,40
58,dublin,"SIR PATRICK DUN'S","Sir Patrick's Dun",53.3392,-6.24064,0,0,OPEN,"2025-02-22 19:50:21",1,0,{},8,32,4,4,0,4,40,8,32,4,4,0,4,40
58,dublin,"SIR PATRICK DUN'S","Sir Patrick's Dun",53.3392,-6.24064,0,0,OPEN,"2025-02-22 19:59:14",1,0,{},8,32,4,4,0,4,40,8,32,4,4,0,4,40
58,dublin,"SIR PATRICK DUN'S","Sir Patrick's Dun",53.3392,-6.24064,0,0,OPEN,"2025-02-22 20:00:27",1,0,{},8,32,4,4,0,4,40,8,32,4,4,0,4,40
58,dublin,"SIR PATRICK DUN'S","Sir Patrick's Dun",53.3392,-6.24064,0,0,OPEN,"2025-02-22 20:10:32",1,0,{},8,32,4,4,0,4,40,8,32,4,4,0,4,40
58,dublin,"SIR PATRICK DUN'S","Sir Patrick's Dun",53.3392,-6.24064,0,0,OPEN,"2025-02-22 20:20:37",1,0,{},8,32,4,4,0,4,40,8,32,4,4,0,4,40
58,dublin,"SIR PATRICK DUN'S","Sir Patrick's Dun",53.3392,-6.24064,0,0,OPEN,"2025-02-22 20:30:45",1,0,{},7,33,3,4,0,4,40,7,33,3,4,0,4,40
58,dublin,"SIR PATRICK DUN'S","Sir Patrick's Dun",53.3392,-6.24064,0,0,OPEN,"2025-02-22 20:40:50",1,0,{},7,33,3,4,0,4,40,7,33,3,4,0,4,40
58,dublin,"SIR PATRICK DUN'S","Sir Patrick's Dun",53.3392,-6.24064,0,0,OPEN,"2025-02-22 20:48:34",1,0,{},7,33,3,4,0,4,40,7,33,3,4,0,4,40
58,dublin,"SIR PATRICK DUN'S","Sir Patrick's Dun",53.3392,-6.24064,0,0,OPEN,"2025-02-22 20:50:56",1,0,{},7,33,3,4,0,4,40,7,33,3,4,0,4,40
58,dublin,"SIR PATRICK DUN'S","Sir Patrick's Dun",53.3392,-6.24064,0,0,OPEN,"2025-02-22 21:01:01",1,0,{},7,33,3,4,0,4,40,7,33,3,4,0,4,40
58,dublin,"SIR PATRICK DUN'S","Sir Patrick's Dun",53.3392,-6.24064,0,0,OPEN,"2025-02-22 21:14:31",1,0,{},7,33,4,3,0,3,40,7,33,4,3,0,3,40
58,dublin,"SIR PATRICK DUN'S","Sir Patrick's Dun",53.3392,-6.24064,0,0,OPEN,"2025-02-22 21:21:13",1,0,{},7,33,4,3,0,3,40,7,33,4,3,0,3,40
58,dublin,"SIR PATRICK DUN'S","Sir Patrick's Dun",53.3392,-6.24064,0,0,OPEN,"2025-02-22 21:31:18",1,0,{},7,33,4,3,0,3,40,7,33,4,3,0,3,40
58,dublin,"SIR PATRICK DUN'S","Sir Patrick's Dun",53.3392,-6.24064,0,0,OPEN,"2025-02-22 21:38:55",1,0,{},8,32,5,3,0,3,40,8,32,5,3,0,3,40
58,dublin,"SIR PATRICK DUN'S","Sir Patrick's Dun",53.3392,-6.24064,0,0,OPEN,"2025-02-22 21:41:24",1,0,{},8,32,5,3,0,3,40,8,32,5,3,0,3,40
58,dublin,"SIR PATRICK DUN'S","Sir Patrick's Dun",53.3392,-6.24064,0,0,OPEN,"2025-02-22 21:51:29",1,0,{},8,32,5,3,0,3,40,8,32,5,3,0,3,40
58,dublin,"SIR PATRICK DUN'S","Sir Patrick's Dun",53.3392,-6.24064,0,0,OPEN,"2025-02-22 22:01:34",1,0,{},8,32,5,3,0,3,40,8,32,5,3,0,3,40
58,dublin,"SIR PATRICK DUN'S","Sir Patrick's Dun",53.3392,-6.24064,0,0,OPEN,"2025-02-22 22:13:26",1,0,{},9,31,6,3,0,3,40,9,31,6,3,0,3,40
58,dublin,"SIR PATRICK DUN'S","Sir Patrick's Dun",53.3392,-6.24064,0,0,OPEN,"2025-02-22 22:16:46",1,0,{},8,32,5,3,0,3,40,8,32,5,3,0,3,40
59,dublin,"DENMARK STREET GREAT","Denmark Street Great",53.3556,-6.2614,0,0,OPEN,"2025-02-22 02:57:36",1,0,{},6,14,5,1,0,1,20,6,14,5,1,0,1,20
59,dublin,"DENMARK STREET GREAT","Denmark Street Great",53.3556,-6.2614,0,0,OPEN,"2025-02-22 03:07:39",1,0,{},6,14,5,1,0,1,20,6,14,5,1,0,1,20
59,dublin,"DENMARK STREET GREAT","Denmark Street Great",53.3556,-6.2614,0,0,OPEN,"2025-02-22 10:12:43",1,0,{},3,17,2,1,0,1,20,3,17,2,1,0,1,20
59,dublin,"DENMARK STREET GREAT","Denmark Street Great",53.3556,-6.2614,0,0,OPEN,"2025-02-22 10:22:49",1,0,{},3,17,2,1,0,1,20,3,17,2,1,0,1,20
59,dublin,"DENMARK STREET GREAT","Denmark Street Great",53.3556,-6.2614,0,0,OPEN,"2025-02-22 10:32:54",1,0,{},3,17,2,1,0,1,20,3,17,2,1,0,1,20
59,dublin,"DENMARK STREET GREAT","Denmark Street Great",53.3556,-6.2614,0,0,OPEN,"2025-02-22 10:43:00",1,0,{},3,17,2,1,0,1,20,3,17,2,1,0,1,20
59,dublin,"DENMARK STREET GREAT","Denmark Street Great",53.3556,-6.2614,0,0,OPEN,"2025-02-22 10:47:27",1,0,{},2,18,1,1,0,1,20,2,18,1,1,0,1,20
59,dublin,"DENMARK STREET GREAT","Denmark Street Great",53.3556,-6.2614,0,0,OPEN,"2025-02-22 10:53:06",1,0,{},2,18,1,1,0,1,20,2,18,1,1,0,1,20
59,dublin,"DENMARK STREET GREAT","Denmark Street Great",53.3556,-6.2614,0,0,OPEN,"2025-02-22 11:03:12",1,0,{},2,18,1,1,0,1,20,2,18,1,1,0,1,20
59,dublin,"DENMARK STREET GREAT","Denmark Street Great",53.3556,-6.2614,0,0,OPEN,"2025-02-22 11:13:17",1,0,{},2,18,1,1,0,1,20,2,18,1,1,0,1,20
59,dublin,"DENMARK STREET GREAT","Denmark Street Great",53.3556,-6.2614,0,0,OPEN,"2025-02-22 11:23:22",1,0,{},2,18,1,1,0,1,20,2,18,1,1,0,1,20
59,dublin,"DENMARK STREET GREAT","Denmark Street Great",53.3556,-6.2614,0,0,OPEN,"2025-02-22 11:33:28",1,0,{},2,18,1,1,0,1,20,2,18,1,1,0,1,20
59,dublin,"DENMARK STREET GREAT","Denmark Street Great",53.3556,-6.2614,0,0,OPEN,"2025-02-22 11:43:33",1,0,{},2,18,1,1,0,1,20,2,18,1,1,0,1,20
59,dublin,"DENMARK STREET GREAT","Denmark Street Great",53.3556,-6.2614,0,0,OPEN,"2025-02-22 11:53:38",1,0,{},2,18,1,1,0,1,20,2,18,1,1,0,1,20
59,dublin,"DENMARK STREET GREAT","Denmark Street Great",53.3556,-6.2614,0,0,OPEN,"2025-02-22 12:03:44",1,0,{},2,18,1,1,0,1,20,2,18,1,1,0,1,20
59,dublin,"DENMARK STREET GREAT","Denmark Street Great",53.3556,-6.2614,0,0,OPEN,"2025-02-22 12:13:49",1,0,{},2,18,1,1,0,1,20,2,18,1,1,0,1,20
59,dublin,"DENMARK STREET GREAT","Denmark Street Great",53.3556,-6.2614,0,0,OPEN,"2025-02-22 12:26:03",1,0,{},1,19,0,1,0,1,20,1,19,0,1,0,1,20
59,dublin,"DENMARK STREET GREAT","Denmark Street Great",53.3556,-6.2614,0,0,OPEN,"2025-02-22 12:34:02",1,0,{},1,19,0,1,0,1,20,1,19,0,1,0,1,20
59,dublin,"DENMARK STREET GREAT","Denmark Street Great",53.3556,-6.2614,0,0,OPEN,"2025-02-22 12:44:07",1,0,{},1,19,0,1,0,1,20,1,19,0,1,0,1,20
59,dublin,"DENMARK STREET GREAT","Denmark Street Great",53.3556,-6.2614,0,0,OPEN,"2025-02-22 12:54:13",1,0,{},1,19,0,1,0,1,20,1,19,0,1,0,1,20
59,dublin,"DENMARK STREET GREAT","Denmark Street Great",53.3556,-6.2614,0,0,OPEN,"2025-02-22 13:04:18",1,0,{},1,19,0,1,0,1,20,1,19,0,1,0,1,20
59,dublin,"DENMARK STREET GREAT","Denmark Street Great",53.3556,-6.2614,0,0,OPEN,"2025-02-22 13:14:23",1,0,{},1,19,0,1,0,1,20,1,19,0,1,0,1,20
59,dublin,"DENMARK STREET GREAT","Denmark Street Great",53.3556,-6.2614,0,0,OPEN,"2025-02-22 13:24:29",1,0,{},1,19,0,1,0,1,20,1,19,0,1,0,1,20
59,dublin,"DENMARK STREET GREAT","Denmark Street Great",53.3556,-6.2614,0,0,OPEN,"2025-02-22 13:34:34",1,0,{},1,19,0,1,0,1,20,1,19,0,1,0,1,20
59,dublin,"DENMARK STREET GREAT","Denmark Street Great",53.3556,-6.2614,0,0,OPEN,"2025-02-22 13:44:40",1,0,{},1,19,0,1,0,1,20,1,19,0,1,0,1,20
59,dublin,"DENMARK STREET GREAT","Denmark Street Great",53.3556,-6.2614,0,0,OPEN,"2025-02-22 13:54:45",1,0,{},1,19,0,1,0,1,20,1,19,0,1,0,1,20
59,dublin,"DENMARK STREET GREAT","Denmark Street Great",53.3556,-6.2614,0,0,OPEN,"2025-02-22 14:00:42",1,0,{},0,20,0,0,0,0,20,0,20,0,0,0,0,20
59,dublin,"DENMARK STREET GREAT","Denmark Street Great",53.3556,-6.2614,0,0,OPEN,"2025-02-22 14:04:52",1,0,{},0,20,0,0,0,0,20,0,20,0,0,0,0,20
59,dublin,"DENMARK STREET GREAT","Denmark Street Great",53.3556,-6.2614,0,0,OPEN,"2025-02-22 14:14:57",1,0,{},0,20,0,0,0,0,20,0,20,0,0,0,0,20
59,dublin,"DENMARK STREET GREAT","Denmark Street Great",53.3556,-6.2614,0,0,OPEN,"2025-02-22 14:25:03",1,0,{},0,20,0,0,0,0,20,0,20,0,0,0,0,20
59,dublin,"DENMARK STREET GREAT","Denmark Street Great",53.3556,-6.2614,0,0,OPEN,"2025-02-22 14:35:09",1,0,{},1,19,1,0,0,0,20,1,19,1,0,0,0,20
59,dublin,"DENMARK STREET GREAT","Denmark Street Great",53.3556,-6.2614,0,0,OPEN,"2025-02-22 14:45:15",1,0,{},2,18,2,0,0,0,20,2,18,2,0,0,0,20
59,dublin,"DENMARK STREET GREAT","Denmark Street Great",53.3556,-6.2614,0,0,OPEN,"2025-02-22 14:56:25",1,0,{},1,19,1,0,0,0,20,1,19,1,0,0,0,20
59,dublin,"DENMARK STREET GREAT","Denmark Street Great",53.3556,-6.2614,0,0,OPEN,"2025-02-22 15:05:28",1,0,{},1,19,1,0,0,0,20,1,19,1,0,0,0,20
59,dublin,"DENMARK STREET GREAT","Denmark Street Great",53.3556,-6.2614,0,0,OPEN,"2025-02-22 15:15:35",1,0,{},0,20,0,0,0,0,20,0,20,0,0,0,0,20
59,dublin,"DENMARK STREET GREAT","Denmark Street Great",53.3556,-6.2614,0,0,OPEN,"2025-02-22 15:25:40",1,0,{},0,20,0,0,0,0,20,0,20,0,0,0,0,20
59,dublin,"DENMARK STREET GREAT","Denmark Street Great",53.3556,-6.2614,0,0,OPEN,"2025-02-22 15:35:45",1,0,{},0,20,0,0,0,0,20,0,20,0,0,0,0,20
59,dublin,"DENMARK STREET GREAT","Denmark Street Great",53.3556,-6.2614,0,0,OPEN,"2025-02-22 15:45:51",1,0,{},0,20,0,0,0,0,20,0,20,0,0,0,0,20
59,dublin,"DENMARK STREET GREAT","Denmark Street Great",53.3556,-6.2614,0,0,OPEN,"2025-02-22 15:55:56",1,0,{},0,20,0,0,0,0,20,0,20,0,0,0,0,20
59,dublin,"DENMARK STREET GREAT","Denmark Street Great",53.3556,-6.2614,0,0,OPEN,"2025-02-22 16:06:02",1,0,{},0,20,0,0,0,0,20,0,20,0,0,0,0,20
59,dublin,"DENMARK STREET GREAT","Denmark Street Great",53.3556,-6.2614,0,0,OPEN,"2025-02-22 16:16:08",1,0,{},1,19,1,0,0,0,20,1,19,1,0,0,0,20
59,dublin,"DENMARK STREET GREAT","Denmark Street Great",53.3556,-6.2614,0,0,OPEN,"2025-02-22 16:26:13",1,0,{},1,19,1,0,0,0,20,1,19,1,0,0,0,20
59,dublin,"DENMARK STREET GREAT","Denmark Street Great",53.3556,-6.2614,0,0,OPEN,"2025-02-22 16:36:18",1,0,{},1,19,1,0,0,0,20,1,19,1,0,0,0,20
59,dublin,"DENMARK STREET GREAT","Denmark Street Great",53.3556,-6.2614,0,0,OPEN,"2025-02-22 16:46:23",1,0,{},1,19,1,0,0,0,20,1,19,1,0,0,0,20
59,dublin,"DENMARK STREET GREAT","Denmark Street Great",53.3556,-6.2614,0,0,OPEN,"2025-02-22 16:56:29",1,0,{},1,19,1,0,0,0,20,1,19,1,0,0,0,20
59,dublin,"DENMARK STREET GREAT","Denmark Street Great",53.3556,-6.2614,0,0,OPEN,"2025-02-22 17:06:34",1,0,{},1,19,1,0,0,0,20,1,19,1,0,0,0,20
59,dublin,"DENMARK STREET GREAT","Denmark Street Great",53.3556,-6.2614,0,0,OPEN,"2025-02-22 17:16:40",1,0,{},1,19,1,0,0,0,20,1,19,1,0,0,0,20
59,dublin,"DENMARK STREET GREAT","Denmark Street Great",53.3556,-6.2614,0,0,OPEN,"2025-02-22 17:26:45",1,0,{},3,17,3,0,0,0,20,3,17,3,0,0,0,20
59,dublin,"DENMARK STREET GREAT","Denmark Street Great",53.3556,-6.2614,0,0,OPEN,"2025-02-22 17:36:50",1,0,{},3,17,3,0,0,0,20,3,17,3,0,0,0,20
59,dublin,"DENMARK STREET GREAT","Denmark Street Great",53.3556,-6.2614,0,0,OPEN,"2025-02-22 17:46:55",1,0,{},3,17,3,0,0,0,20,3,17,3,0,0,0,20
59,dublin,"DENMARK STREET GREAT","Denmark Street Great",53.3556,-6.2614,0,0,OPEN,"2025-02-22 17:57:26",1,0,{},4,16,3,1,0,1,20,4,16,3,1,0,1,20
59,dublin,"DENMARK STREET GREAT","Denmark Street Great",53.3556,-6.2614,0,0,OPEN,"2025-02-22 17:59:24",1,0,{},5,15,4,1,0,1,20,5,15,4,1,0,1,20
59,dublin,"DENMARK STREET GREAT","Denmark Street Great",53.3556,-6.2614,0,0,OPEN,"2025-02-22 18:07:06",1,0,{},5,15,4,1,0,1,20,5,15,4,1,0,1,20
59,dublin,"DENMARK STREET GREAT","Denmark Street Great",53.3556,-6.2614,0,0,OPEN,"2025-02-22 18:17:11",1,0,{},5,15,4,1,0,1,20,5,15,4,1,0,1,20
59,dublin,"DENMARK STREET GREAT","Denmark Street Great",53.3556,-6.2614,0,0,OPEN,"2025-02-22 18:20:59",1,0,{},4,16,3,1,0,1,20,4,16,3,1,0,1,20
59,dublin,"DENMARK STREET GREAT","Denmark Street Great",53.3556,-6.2614,0,0,OPEN,"2025-02-22 18:27:18",1,0,{},4,16,3,1,0,1,20,4,16,3,1,0,1,20
59,dublin,"DENMARK STREET GREAT","Denmark Street Great",53.3556,-6.2614,0,0,OPEN,"2025-02-22 18:37:23",1,0,{},4,16,3,1,0,1,20,4,16,3,1,0,1,20
59,dublin,"DENMARK STREET GREAT","Denmark Street Great",53.3556,-6.2614,0,0,OPEN,"2025-02-22 18:47:29",1,0,{},3,17,2,1,0,1,20,3,17,2,1,0,1,20
59,dublin,"DENMARK STREET GREAT","Denmark Street Great",53.3556,-6.2614,0,0,OPEN,"2025-02-22 18:57:35",1,0,{},3,17,2,1,0,1,20,3,17,2,1,0,1,20
59,dublin,"DENMARK STREET GREAT","Denmark Street Great",53.3556,-6.2614,0,0,OPEN,"2025-02-22 19:00:10",1,0,{},4,16,3,1,0,1,20,4,16,3,1,0,1,20
59,dublin,"DENMARK STREET GREAT","Denmark Street Great",53.3556,-6.2614,0,0,OPEN,"2025-02-22 19:07:40",1,0,{},4,16,3,1,0,1,20,4,16,3,1,0,1,20
59,dublin,"DENMARK STREET GREAT","Denmark Street Great",53.3556,-6.2614,0,0,OPEN,"2025-02-22 19:17:45",1,0,{},4,16,3,1,0,1,20,4,16,3,1,0,1,20
59,dublin,"DENMARK STREET GREAT","Denmark Street Great",53.3556,-6.2614,0,0,OPEN,"2025-02-22 19:27:50",1,0,{},4,16,3,1,0,1,20,4,16,3,1,0,1,20
59,dublin,"DENMARK STREET GREAT","Denmark Street Great",53.3556,-6.2614,0,0,OPEN,"2025-02-22 19:37:56",1,0,{},4,16,3,1,0,1,20,4,16,3,1,0,1,20
59,dublin,"DENMARK STREET GREAT","Denmark Street Great",53.3556,-6.2614,0,0,OPEN,"2025-02-22 19:48:01",1,0,{},4,16,3,1,0,1,20,4,16,3,1,0,1,20
59,dublin,"DENMARK STREET GREAT","Denmark Street Great",53.3556,-6.2614,0,0,OPEN,"2025-02-22 19:59:15",1,0,{},4,16,3,1,0,1,20,4,16,3,1,0,1,20
59,dublin,"DENMARK STREET GREAT","Denmark Street Great",53.3556,-6.2614,0,0,OPEN,"2025-02-22 20:08:13",1,0,{},4,16,3,1,0,1,20,4,16,3,1,0,1,20
59,dublin,"DENMARK STREET GREAT","Denmark Street Great",53.3556,-6.2614,0,0,OPEN,"2025-02-22 20:18:19",1,0,{},4,16,3,1,0,1,20,4,16,3,1,0,1,20
59,dublin,"DENMARK STREET GREAT","Denmark Street Great",53.3556,-6.2614,0,0,OPEN,"2025-02-22 20:28:24",1,0,{},4,16,3,1,0,1,20,4,16,3,1,0,1,20
59,dublin,"DENMARK STREET GREAT","Denmark Street Great",53.3556,-6.2614,0,0,OPEN,"2025-02-22 20:34:19",1,0,{},1,19,1,0,0,0,20,1,19,1,0,0,0,20
59,dublin,"DENMARK STREET GREAT","Denmark Street Great",53.3556,-6.2614,0,0,OPEN,"2025-02-22 20:38:34",1,0,{},1,19,1,0,0,0,20,1,19,1,0,0,0,20
59,dublin,"DENMARK STREET GREAT","Denmark Street Great",53.3556,-6.2614,0,0,OPEN,"2025-02-22 20:48:39",1,0,{},1,19,1,0,0,0,20,1,19,1,0,0,0,20
59,dublin,"DENMARK STREET GREAT","Denmark Street Great",53.3556,-6.2614,0,0,OPEN,"2025-02-22 20:58:44",1,0,{},1,19,1,0,0,0,20,1,19,1,0,0,0,20
59,dublin,"DENMARK STREET GREAT","Denmark Street Great",53.3556,-6.2614,0,0,OPEN,"2025-02-22 21:08:49",1,0,{},1,19,1,0,0,0,20,1,19,1,0,0,0,20
59,dublin,"DENMARK STREET GREAT","Denmark Street Great",53.3556,-6.2614,0,0,OPEN,"2025-02-22 21:18:55",1,0,{},1,19,1,0,0,0,20,1,19,1,0,0,0,20
59,dublin,"DENMARK STREET GREAT","Denmark Street Great",53.3556,-6.2614,0,0,OPEN,"2025-02-22 21:29:01",1,0,{},1,19,1,0,0,0,20,1,19,1,0,0,0,20
59,dublin,"DENMARK STREET GREAT","Denmark Street Great",53.3556,-6.2614,0,0,OPEN,"2025-02-22 21:39:07",1,0,{},2,18,2,0,0,0,20,2,18,2,0,0,0,20
59,dublin,"DENMARK STREET GREAT","Denmark Street Great",53.3556,-6.2614,0,0,OPEN,"2025-02-22 21:49:12",1,0,{},2,18,2,0,0,0,20,2,18,2,0,0,0,20
59,dublin,"DENMARK STREET GREAT","Denmark Street Great",53.3556,-6.2614,0,0,OPEN,"2025-02-22 21:59:18",1,0,{},2,18,2,0,0,0,20,2,18,2,0,0,0,20
59,dublin,"DENMARK STREET GREAT","Denmark Street Great",53.3556,-6.2614,0,0,OPEN,"2025-02-22 22:09:23",1,0,{},2,18,2,0,0,0,20,2,18,2,0,0,0,20
60,dublin,"NORTH CIRCULAR ROAD","North Circular Road",53.3596,-6.26035,0,0,OPEN,"2025-02-22 02:59:05",1,0,{},23,7,15,8,0,8,30,23,7,15,8,0,8,30
60,dublin,"NORTH CIRCULAR ROAD","North Circular Road",53.3596,-6.26035,0,0,OPEN,"2025-02-22 03:09:08",1,0,{},23,7,15,8,0,8,30,23,7,15,8,0,8,30
60,dublin,"NORTH CIRCULAR ROAD","North Circular Road",53.3596,-6.26035,0,0,OPEN,"2025-02-22 10:10:07",1,0,{},14,16,6,8,0,8,30,14,16,6,8,0,8,30
60,dublin,"NORTH CIRCULAR ROAD","North Circular Road",53.3596,-6.26035,0,0,OPEN,"2025-02-22 10:14:33",1,0,{},14,16,6,8,0,8,30,14,16,6,8,0,8,30
60,dublin,"NORTH CIRCULAR ROAD","North Circular Road",53.3596,-6.26035,0,0,OPEN,"2025-02-22 10:24:39",1,0,{},14,16,6,8,0,8,30,14,16,6,8,0,8,30
60,dublin,"NORTH CIRCULAR ROAD","North Circular Road",53.3596,-6.26035,0,0,OPEN,"2025-02-22 10:32:37",1,0,{},14,16,6,8,0,8,30,14,16,6,8,0,8,30
60,dublin,"NORTH CIRCULAR ROAD","North Circular Road",53.3596,-6.26035,0,0,OPEN,"2025-02-22 10:35:36",1,0,{},15,15,7,8,0,8,30,15,15,7,8,0,8,30
60,dublin,"NORTH CIRCULAR ROAD","North Circular Road",53.3596,-6.26035,0,0,OPEN,"2025-02-22 10:41:19",1,0,{},14,16,7,7,0,7,30,14,16,7,7,0,7,30
60,dublin,"NORTH CIRCULAR ROAD","North Circular Road",53.3596,-6.26035,0,0,OPEN,"2025-02-22 10:45:33",1,0,{},13,17,6,7,0,7,30,13,17,6,7,0,7,30
60,dublin,"NORTH CIRCULAR ROAD","North Circular Road",53.3596,-6.26035,0,0,OPEN,"2025-02-22 10:54:58",1,0,{},13,17,6,7,0,7,30,13,17,6,7,0,7,30
60,dublin,"NORTH CIRCULAR ROAD","North Circular Road",53.3596,-6.26035,0,0,OPEN,"2025-02-22 11:05:04",1,0,{},13,17,6,7,0,7,30,13,17,6,7,0,7,30
60,dublin,"NORTH CIRCULAR ROAD","North Circular Road",53.3596,-6.26035,0,0,OPEN,"2025-02-22 11:18:22",1,0,{},12,18,6,6,0,6,30,12,18,6,6,0,6,30
60,dublin,"NORTH CIRCULAR ROAD","North Circular Road",53.3596,-6.26035,0,0,OPEN,"2025-02-22 11:26:29",1,0,{},11,19,6,5,0,5,30,11,19,6,5,0,5,30
60,dublin,"NORTH CIRCULAR ROAD","North Circular Road",53.3596,-6.26035,0,0,OPEN,"2025-02-22 11:36:59",1,0,{},11,19,7,4,0,4,30,11,19,7,4,0,4,30
60,dublin,"NORTH CIRCULAR ROAD","North Circular Road",53.3596,-6.26035,0,0,OPEN,"2025-02-22 11:40:03",1,0,{},12,18,8,4,0,4,30,12,18,8,4,0,4,30
60,dublin,"NORTH CIRCULAR ROAD","North Circular Road",53.3596,-6.26035,0,0,OPEN,"2025-02-22 11:45:47",1,0,{},11,19,8,3,0,3,30,11,19,8,3,0,3,30
60,dublin,"NORTH CIRCULAR ROAD","North Circular Road",53.3596,-6.26035,0,0,OPEN,"2025-02-22 11:50:23",1,0,{},10,20,7,3,0,3,30,10,20,7,3,0,3,30
60,dublin,"NORTH CIRCULAR ROAD","North Circular Road",53.3596,-6.26035,0,0,OPEN,"2025-02-22 11:55:39",1,0,{},10,20,7,3,0,3,30,10,20,7,3,0,3,30
60,dublin,"NORTH CIRCULAR ROAD","North Circular Road",53.3596,-6.26035,0,0,OPEN,"2025-02-22 12:05:45",1,0,{},11,19,8,3,0,3,30,11,19,8,3,0,3,30
60,dublin,"NORTH CIRCULAR ROAD","North Circular Road",53.3596,-6.26035,0,0,OPEN,"2025-02-22 12:15:51",1,0,{},11,19,8,3,0,3,30,11,19,8,3,0,3,30
60,dublin,"NORTH CIRCULAR ROAD","North Circular Road",53.3596,-6.26035,0,0,OPEN,"2025-02-22 12:23:18",1,0,{},12,18,8,4,0,4,30,12,18,8,4,0,4,30
60,dublin,"NORTH CIRCULAR ROAD","North Circular Road",53.3596,-6.26035,0,0,OPEN,"2025-02-22 12:28:14",1,0,{},13,17,9,4,0,4,30,13,17,9,4,0,4,30
60,dublin,"NORTH CIRCULAR ROAD","North Circular Road",53.3596,-6.26035,0,0,OPEN,"2025-02-22 12:38:10",1,0,{},12,18,9,3,0,3,30,12,18,9,3,0,3,30
60,dublin,"NORTH CIRCULAR ROAD","North Circular Road",53.3596,-6.26035,0,0,OPEN,"2025-02-22 12:46:14",1,0,{},10,20,7,3,0,3,30,10,20,7,3,0,3,30
60,dublin,"NORTH CIRCULAR ROAD","North Circular Road",53.3596,-6.26035,0,0,OPEN,"2025-02-22 12:56:22",1,0,{},9,21,6,3,0,3,30,9,21,6,3,0,3,30
60,dublin,"NORTH CIRCULAR ROAD","North Circular Road",53.3596,-6.26035,0,0,OPEN,"2025-02-22 13:06:27",1,0,{},9,21,6,3,0,3,30,9,21,6,3,0,3,30
60,dublin,"NORTH CIRCULAR ROAD","North Circular Road",53.3596,-6.26035,0,0,OPEN,"2025-02-22 13:11:43",1,0,{},8,22,5,3,0,3,30,8,22,5,3,0,3,30
60,dublin,"NORTH CIRCULAR ROAD","North Circular Road",53.3596,-6.26035,0,0,OPEN,"2025-02-22 13:16:35",1,0,{},7,23,4,3,0,3,30,7,23,4,3,0,3,30
60,dublin,"NORTH CIRCULAR ROAD","North Circular Road",53.3596,-6.26035,0,0,OPEN,"2025-02-22 13:22:02",1,0,{},7,23,3,4,0,4,30,7,23,3,4,0,4,30
60,dublin,"NORTH CIRCULAR ROAD","North Circular Road",53.3596,-6.26035,0,0,OPEN,"2025-02-22 13:26:43",1,0,{},7,23,3,4,0,4,30,7,23,3,4,0,4,30
60,dublin,"NORTH CIRCULAR ROAD","North Circular Road",53.3596,-6.26035,0,0,OPEN,"2025-02-22 13:36:48",1,0,{},7,23,3,4,0,4,30,7,23,3,4,0,4,30
60,dublin,"NORTH CIRCULAR ROAD","North Circular Road",53.3596,-6.26035,0,0,OPEN,"2025-02-22 13:47:25",1,0,{},6,24,3,3,0,3,30,6,24,3,3,0,3,30
60,dublin,"NORTH CIRCULAR ROAD","North Circular Road",53.3596,-6.26035,0,0,OPEN,"2025-02-22 13:51:30",1,0,{},5,25,3,2,0,2,30,5,25,3,2,0,2,30
60,dublin,"NORTH CIRCULAR ROAD","North Circular Road",53.3596,-6.26035,0,0,OPEN,"2025-02-22 13:57:45",1,0,{},6,24,4,2,0,2,30,6,24,4,2,0,2,30
60,dublin,"NORTH CIRCULAR ROAD","North Circular Road",53.3596,-6.26035,0,0,OPEN,"2025-02-22 14:03:22",1,0,{},6,24,3,3,0,3,30,6,24,3,3,0,3,30
60,dublin,"NORTH CIRCULAR ROAD","North Circular Road",53.3596,-6.26035,0,0,OPEN,"2025-02-22 14:07:10",1,0,{},5,25,2,3,0,3,30,5,25,2,3,0,3,30
60,dublin,"NORTH CIRCULAR ROAD","North Circular Road",53.3596,-6.26035,0,0,OPEN,"2025-02-22 14:13:26",1,0,{},5,25,3,2,0,2,30,5,25,3,2,0,2,30
60,dublin,"NORTH CIRCULAR ROAD","North Circular Road",53.3596,-6.26035,0,0,OPEN,"2025-02-22 14:17:17",1,0,{},5,25,3,2,0,2,30,5,25,3,2,0,2,30
60,dublin,"NORTH CIRCULAR ROAD","North Circular Road",53.3596,-6.26035,0,0,OPEN,"2025-02-22 14:23:01",1,0,{},6,24,3,3,0,3,30,6,24,3,3,0,3,30
60,dublin,"NORTH CIRCULAR ROAD","North Circular Road",53.3596,-6.26035,0,0,OPEN,"2025-02-22 14:27:23",1,0,{},6,24,3,3,0,3,30,6,24,3,3,0,3,30
60,dublin,"NORTH CIRCULAR ROAD","North Circular Road",53.3596,-6.26035,0,0,OPEN,"2025-02-22 14:32:33",1,0,{},7,23,4,3,0,3,30,7,23,4,3,0,3,30
60,dublin,"NORTH CIRCULAR ROAD","North Circular Road",53.3596,-6.26035,0,0,OPEN,"2025-02-22 14:37:29",1,0,{},7,23,4,3,0,3,30,7,23,4,3,0,3,30
60,dublin,"NORTH CIRCULAR ROAD","North Circular Road",53.3596,-6.26035,0,0,OPEN,"2025-02-22 14:47:34",1,0,{},7,23,4,3,0,3,30,7,23,4,3,0,3,30
60,dublin,"NORTH CIRCULAR ROAD","North Circular Road",53.3596,-6.26035,0,0,OPEN,"2025-02-22 14:57:40",1,0,{},7,23,4,3,0,3,30,7,23,4,3,0,3,30
60,dublin,"NORTH CIRCULAR ROAD","North Circular Road",53.3596,-6.26035,0,0,OPEN,"2025-02-22 15:01:17",1,0,{},6,24,4,2,0,2,30,6,24,4,2,0,2,30
60,dublin,"NORTH CIRCULAR ROAD","North Circular Road",53.3596,-6.26035,0,0,OPEN,"2025-02-22 15:07:47",1,0,{},6,24,4,2,0,2,30,6,24,4,2,0,2,30
60,dublin,"NORTH CIRCULAR ROAD","North Circular Road",53.3596,-6.26035,0,0,OPEN,"2025-02-22 15:17:56",1,0,{},4,26,2,2,0,2,30,4,26,2,2,0,2,30
60,dublin,"NORTH CIRCULAR ROAD","North Circular Road",53.3596,-6.26035,0,0,OPEN,"2025-02-22 15:23:32",1,0,{},4,26,2,2,0,2,30,4,26,2,2,0,2,30
60,dublin,"NORTH CIRCULAR ROAD","North Circular Road",53.3596,-6.26035,0,0,OPEN,"2025-02-22 15:28:03",1,0,{},5,25,3,2,0,2,30,5,25,3,2,0,2,30
60,dublin,"NORTH CIRCULAR ROAD","North Circular Road",53.3596,-6.26035,0,0,OPEN,"2025-02-22 15:29:41",1,0,{},6,24,4,2,0,2,30,6,24,4,2,0,2,30
60,dublin,"NORTH CIRCULAR ROAD","North Circular Road",53.3596,-6.26035,0,0,OPEN,"2025-02-22 15:38:12",1,0,{},5,25,4,1,0,1,30,5,25,4,1,0,1,30
60,dublin,"NORTH CIRCULAR ROAD","North Circular Road",53.3596,-6.26035,0,0,OPEN,"2025-02-22 15:39:00",1,0,{},6,24,4,2,0,2,30,6,24,4,2,0,2,30
60,dublin,"NORTH CIRCULAR ROAD","North Circular Road",53.3596,-6.26035,0,0,OPEN,"2025-02-22 15:48:17",1,0,{},7,23,4,3,0,3,30,7,23,4,3,0,3,30
60,dublin,"NORTH CIRCULAR ROAD","North Circular Road",53.3596,-6.26035,0,0,OPEN,"2025-02-22 15:58:23",1,0,{},8,22,5,3,0,3,30,8,22,5,3,0,3,30
60,dublin,"NORTH CIRCULAR ROAD","North Circular Road",53.3596,-6.26035,0,0,OPEN,"2025-02-22 16:08:28",1,0,{},8,22,5,3,0,3,30,8,22,5,3,0,3,30
60,dublin,"NORTH CIRCULAR ROAD","North Circular Road",53.3596,-6.26035,0,0,OPEN,"2025-02-22 16:22:55",1,0,{},9,21,6,3,0,3,30,9,21,6,3,0,3,30
60,dublin,"NORTH CIRCULAR ROAD","North Circular Road",53.3596,-6.26035,0,0,OPEN,"2025-02-22 16:26:43",1,0,{},11,19,6,5,0,5,30,11,19,6,5,0,5,30
60,dublin,"NORTH CIRCULAR ROAD","North Circular Road",53.3596,-6.26035,0,0,OPEN,"2025-02-22 16:33:21",1,0,{},10,20,5,5,0,5,30,10,20,5,5,0,5,30
60,dublin,"NORTH CIRCULAR ROAD","North Circular Road",53.3596,-6.26035,0,0,OPEN,"2025-02-22 16:37:01",1,0,{},9,21,4,5,0,5,30,9,21,4,5,0,5,30
60,dublin,"NORTH CIRCULAR ROAD","North Circular Road",53.3596,-6.26035,0,0,OPEN,"2025-02-22 16:41:53",1,0,{},8,22,4,4,0,4,30,8,22,4,4,0,4,30
60,dublin,"NORTH CIRCULAR ROAD","North Circular Road",53.3596,-6.26035,0,0,OPEN,"2025-02-22 16:45:16",1,0,{},5,25,2,3,0,3,30,5,25,2,3,0,3,30
60,dublin,"NORTH CIRCULAR ROAD","North Circular Road",53.3596,-6.26035,0,0,OPEN,"2025-02-22 16:48:59",1,0,{},4,26,2,2,0,2,30,4,26,2,2,0,2,30
60,dublin,"NORTH CIRCULAR ROAD","North Circular Road",53.3596,-6.26035,0,0,OPEN,"2025-02-22 16:59:05",1,0,{},4,26,2,2,0,2,30,4,26,2,2,0,2,30
60,dublin,"NORTH CIRCULAR ROAD","North Circular Road",53.3596,-6.26035,0,0,OPEN,"2025-02-22 17:09:10",1,0,{},4,26,2,2,0,2,30,4,26,2,2,0,2,30
60,dublin,"NORTH CIRCULAR ROAD","North Circular Road",53.3596,-6.26035,0,0,OPEN,"2025-02-22 17:19:15",1,0,{},4,26,2,2,0,2,30,4,26,2,2,0,2,30
60,dublin,"NORTH CIRCULAR ROAD","North Circular Road",53.3596,-6.26035,0,0,OPEN,"2025-02-22 17:33:06",1,0,{},3,27,1,2,0,2,30,3,27,1,2,0,2,30
60,dublin,"NORTH CIRCULAR ROAD","North Circular Road",53.3596,-6.26035,0,0,OPEN,"2025-02-22 17:39:30",1,0,{},3,27,1,2,0,2,30,3,27,1,2,0,2,30
60,dublin,"NORTH CIRCULAR ROAD","North Circular Road",53.3596,-6.26035,0,0,OPEN,"2025-02-22 17:52:22",1,0,{},1,29,0,1,0,1,30,1,29,0,1,0,1,30
60,dublin,"NORTH CIRCULAR ROAD","North Circular Road",53.3596,-6.26035,0,0,OPEN,"2025-02-22 17:55:39",1,0,{},0,30,0,0,0,0,30,0,30,0,0,0,0,30
60,dublin,"NORTH CIRCULAR ROAD","North Circular Road",53.3596,-6.26035,0,0,OPEN,"2025-02-22 17:59:44",1,0,{},1,29,0,1,0,1,30,1,29,0,1,0,1,30
60,dublin,"NORTH CIRCULAR ROAD","North Circular Road",53.3596,-6.26035,0,0,OPEN,"2025-02-22 18:11:51",1,0,{},2,28,0,2,0,2,30,2,28,0,2,0,2,30
60,dublin,"NORTH CIRCULAR ROAD","North Circular Road",53.3596,-6.26035,0,0,OPEN,"2025-02-22 18:20:53",1,0,{},3,27,0,3,0,3,30,3,27,0,3,0,3,30
60,dublin,"NORTH CIRCULAR ROAD","North Circular Road",53.3596,-6.26035,0,0,OPEN,"2025-02-22 18:27:38",1,0,{},2,28,1,1,0,1,30,2,28,1,1,0,1,30
60,dublin,"NORTH CIRCULAR ROAD","North Circular Road",53.3596,-6.26035,0,0,OPEN,"2025-02-22 18:33:47",1,0,{},2,28,1,1,0,1,30,2,28,1,1,0,1,30
60,dublin,"NORTH CIRCULAR ROAD","North Circular Road",53.3596,-6.26035,0,0,OPEN,"2025-02-22 18:36:50",1,0,{},3,27,1,2,0,2,30,3,27,1,2,0,2,30
60,dublin,"NORTH CIRCULAR ROAD","North Circular Road",53.3596,-6.26035,0,0,OPEN,"2025-02-22 18:40:10",1,0,{},3,27,1,2,0,2,30,3,27,1,2,0,2,30
60,dublin,"NORTH CIRCULAR ROAD","North Circular Road",53.3596,-6.26035,0,0,OPEN,"2025-02-22 18:50:15",1,0,{},3,27,1,2,0,2,30,3,27,1,2,0,2,30
60,dublin,"NORTH CIRCULAR ROAD","North Circular Road",53.3596,-6.26035,0,0,OPEN,"2025-02-22 19:00:25",1,0,{},4,26,1,3,0,3,30,4,26,1,3,0,3,30
60,dublin,"NORTH CIRCULAR ROAD","North Circular Road",53.3596,-6.26035,0,0,OPEN,"2025-02-22 19:06:14",1,0,{},3,27,1,2,0,2,30,3,27,1,2,0,2,30
60,dublin,"NORTH CIRCULAR ROAD","North Circular Road",53.3596,-6.26035,0,0,OPEN,"2025-02-22 19:11:49",1,0,{},2,28,0,2,0,2,30,2,28,0,2,0,2,30
60,dublin,"NORTH CIRCULAR ROAD","North Circular Road",53.3596,-6.26035,0,0,OPEN,"2025-02-22 19:24:02",1,0,{},1,29,0,1,0,1,30,1,29,0,1,0,1,30
60,dublin,"NORTH CIRCULAR ROAD","North Circular Road",53.3596,-6.26035,0,0,OPEN,"2025-02-22 19:30:41",1,0,{},1,29,0,1,0,1,30,1,29,0,1,0,1,30
60,dublin,"NORTH CIRCULAR ROAD","North Circular Road",53.3596,-6.26035,0,0,OPEN,"2025-02-22 19:40:47",1,0,{},2,28,1,1,0,1,30,2,28,1,1,0,1,30
60,dublin,"NORTH CIRCULAR ROAD","North Circular Road",53.3596,-6.26035,0,0,OPEN,"2025-02-22 19:50:53",1,0,{},2,28,1,1,0,1,30,2,28,1,1,0,1,30
60,dublin,"NORTH CIRCULAR ROAD","North Circular Road",53.3596,-6.26035,0,0,OPEN,"2025-02-22 20:00:58",1,0,{},2,28,1,1,0,1,30,2,28,1,1,0,1,30
60,dublin,"NORTH CIRCULAR ROAD","North Circular Road",53.3596,-6.26035,0,0,OPEN,"2025-02-22 20:11:03",1,0,{},2,28,1,1,0,1,30,2,28,1,1,0,1,30
60,dublin,"NORTH CIRCULAR ROAD","North Circular Road",53.3596,-6.26035,0,0,OPEN,"2025-02-22 20:23:15",1,0,{},1,29,1,0,0,0,30,1,29,1,0,0,0,30
60,dublin,"NORTH CIRCULAR ROAD","North Circular Road",53.3596,-6.26035,0,0,OPEN,"2025-02-22 20:27:16",1,0,{},0,30,0,0,0,0,30,0,30,0,0,0,0,30
60,dublin,"NORTH CIRCULAR ROAD","North Circular Road",53.3596,-6.26035,0,0,OPEN,"2025-02-22 20:31:16",1,0,{},0,30,0,0,0,0,30,0,30,0,0,0,0,30
60,dublin,"NORTH CIRCULAR ROAD","North Circular Road",53.3596,-6.26035,0,0,OPEN,"2025-02-22 20:41:22",1,0,{},0,30,0,0,0,0,30,0,30,0,0,0,0,30
60,dublin,"NORTH CIRCULAR ROAD","North Circular Road",53.3596,-6.26035,0,0,OPEN,"2025-02-22 20:51:27",1,0,{},0,30,0,0,0,0,30,0,30,0,0,0,0,30
60,dublin,"NORTH CIRCULAR ROAD","North Circular Road",53.3596,-6.26035,0,0,OPEN,"2025-02-22 21:01:32",1,0,{},0,30,0,0,0,0,30,0,30,0,0,0,0,30
60,dublin,"NORTH CIRCULAR ROAD","North Circular Road",53.3596,-6.26035,0,0,OPEN,"2025-02-22 21:13:23",1,0,{},0,30,0,0,0,0,30,0,30,0,0,0,0,30
60,dublin,"NORTH CIRCULAR ROAD","North Circular Road",53.3596,-6.26035,0,0,OPEN,"2025-02-22 21:21:46",1,0,{},0,30,0,0,0,0,30,0,30,0,0,0,0,30
60,dublin,"NORTH CIRCULAR ROAD","North Circular Road",53.3596,-6.26035,0,0,OPEN,"2025-02-22 21:31:51",1,0,{},0,30,0,0,0,0,30,0,30,0,0,0,0,30
60,dublin,"NORTH CIRCULAR ROAD","North Circular Road",53.3596,-6.26035,0,0,OPEN,"2025-02-22 21:35:49",1,0,{},1,29,1,0,0,0,30,1,29,1,0,0,0,30
60,dublin,"NORTH CIRCULAR ROAD","North Circular Road",53.3596,-6.26035,0,0,OPEN,"2025-02-22 21:41:56",1,0,{},2,28,2,0,0,0,30,2,28,2,0,0,0,30
60,dublin,"NORTH CIRCULAR ROAD","North Circular Road",53.3596,-6.26035,0,0,OPEN,"2025-02-22 21:53:50",1,0,{},1,29,0,1,0,1,30,1,29,0,1,0,1,30
60,dublin,"NORTH CIRCULAR ROAD","North Circular Road",53.3596,-6.26035,0,0,OPEN,"2025-02-22 21:54:41",1,0,{},0,30,0,0,0,0,30,0,30,0,0,0,0,30
60,dublin,"NORTH CIRCULAR ROAD","North Circular Road",53.3596,-6.26035,0,0,OPEN,"2025-02-22 22:02:11",1,0,{},0,30,0,0,0,0,30,0,30,0,0,0,0,30
60,dublin,"NORTH CIRCULAR ROAD","North Circular Road",53.3596,-6.26035,0,0,OPEN,"2025-02-22 22:12:16",1,0,{},0,30,0,0,0,0,30,0,30,0,0,0,0,30
61,dublin,"HARDWICKE PLACE","Hardwicke Place",53.357,-6.26323,0,0,OPEN,"2025-02-22 02:55:05",1,0,{},0,25,0,0,0,0,25,0,25,0,0,0,0,25
61,dublin,"HARDWICKE PLACE","Hardwicke Place",53.357,-6.26323,0,0,OPEN,"2025-02-22 03:05:09",1,0,{},0,25,0,0,0,0,25,0,25,0,0,0,0,25
61,dublin,"HARDWICKE PLACE","Hardwicke Place",53.357,-6.26323,0,0,OPEN,"2025-02-22 03:15:31",1,0,{},0,25,0,0,0,0,25,0,25,0,0,0,0,25
61,dublin,"HARDWICKE PLACE","Hardwicke Place",53.357,-6.26323,0,0,OPEN,"2025-02-22 03:16:32",1,0,{},0,25,0,0,0,0,25,0,25,0,0,0,0,25
61,dublin,"HARDWICKE PLACE","Hardwicke Place",53.357,-6.26323,0,0,OPEN,"2025-02-22 10:08:07",1,0,{},1,24,0,1,0,1,25,1,24,0,1,0,1,25
61,dublin,"HARDWICKE PLACE","Hardwicke Place",53.357,-6.26323,0,0,OPEN,"2025-02-22 10:18:11",1,0,{},1,24,0,1,0,1,25,1,24,0,1,0,1,25
61,dublin,"HARDWICKE PLACE","Hardwicke Place",53.357,-6.26323,0,0,OPEN,"2025-02-22 10:28:15",1,0,{},1,24,0,1,0,1,25,1,24,0,1,0,1,25
61,dublin,"HARDWICKE PLACE","Hardwicke Place",53.357,-6.26323,0,0,OPEN,"2025-02-22 10:38:18",1,0,{},1,24,0,1,0,1,25,1,24,0,1,0,1,25
61,dublin,"HARDWICKE PLACE","Hardwicke Place",53.357,-6.26323,0,0,OPEN,"2025-02-22 10:48:22",1,0,{},1,24,0,1,0,1,25,1,24,0,1,0,1,25
61,dublin,"HARDWICKE PLACE","Hardwicke Place",53.357,-6.26323,0,0,OPEN,"2025-02-22 10:58:26",1,0,{},1,24,0,1,0,1,25,1,24,0,1,0,1,25
61,dublin,"HARDWICKE PLACE","Hardwicke Place",53.357,-6.26323,0,0,OPEN,"2025-02-22 11:08:31",1,0,{},0,25,0,0,0,0,25,0,25,0,0,0,0,25
61,dublin,"HARDWICKE PLACE","Hardwicke Place",53.357,-6.26323,0,0,OPEN,"2025-02-22 11:18:35",1,0,{},0,25,0,0,0,0,25,0,25,0,0,0,0,25
61,dublin,"HARDWICKE PLACE","Hardwicke Place",53.357,-6.26323,0,0,OPEN,"2025-02-22 11:28:39",1,0,{},0,25,0,0,0,0,25,0,25,0,0,0,0,25
61,dublin,"HARDWICKE PLACE","Hardwicke Place",53.357,-6.26323,0,0,OPEN,"2025-02-22 11:38:43",1,0,{},0,25,0,0,0,0,25,0,25,0,0,0,0,25
61,dublin,"HARDWICKE PLACE","Hardwicke Place",53.357,-6.26323,0,0,OPEN,"2025-02-22 11:48:47",1,0,{},0,25,0,0,0,0,25,0,25,0,0,0,0,25
61,dublin,"HARDWICKE PLACE","Hardwicke Place",53.357,-6.26323,0,0,OPEN,"2025-02-22 11:58:50",1,0,{},0,25,0,0,0,0,25,0,25,0,0,0,0,25
61,dublin,"HARDWICKE PLACE","Hardwicke Place",53.357,-6.26323,0,0,OPEN,"2025-02-22 12:08:54",1,0,{},0,25,0,0,0,0,25,0,25,0,0,0,0,25
61,dublin,"HARDWICKE PLACE","Hardwicke Place",53.357,-6.26323,0,0,OPEN,"2025-02-22 12:18:58",1,0,{},0,25,0,0,0,0,25,0,25,0,0,0,0,25
61,dublin,"HARDWICKE PLACE","Hardwicke Place",53.357,-6.26323,0,0,OPEN,"2025-02-22 12:29:01",1,0,{},0,25,0,0,0,0,25,0,25,0,0,0,0,25
61,dublin,"HARDWICKE PLACE","Hardwicke Place",53.357,-6.26323,0,0,OPEN,"2025-02-22 12:39:05",1,0,{},0,25,0,0,0,0,25,0,25,0,0,0,0,25
61,dublin,"HARDWICKE PLACE","Hardwicke Place",53.357,-6.26323,0,0,OPEN,"2025-02-22 12:49:09",1,0,{},0,25,0,0,0,0,25,0,25,0,0,0,0,25
61,dublin,"HARDWICKE PLACE","Hardwicke Place",53.357,-6.26323,0,0,OPEN,"2025-02-22 12:59:13",1,0,{},0,25,0,0,0,0,25,0,25,0,0,0,0,25
61,dublin,"HARDWICKE PLACE","Hardwicke Place",53.357,-6.26323,0,0,OPEN,"2025-02-22 13:09:16",1,0,{},0,25,0,0,0,0,25,0,25,0,0,0,0,25
61,dublin,"HARDWICKE PLACE","Hardwicke Place",53.357,-6.26323,0,0,OPEN,"2025-02-22 13:19:20",1,0,{},0,25,0,0,0,0,25,0,25,0,0,0,0,25
61,dublin,"HARDWICKE PLACE","Hardwicke Place",53.357,-6.26323,0,0,OPEN,"2025-02-22 13:29:24",1,0,{},0,25,0,0,0,0,25,0,25,0,0,0,0,25
61,dublin,"HARDWICKE PLACE","Hardwicke Place",53.357,-6.26323,0,0,OPEN,"2025-02-22 13:39:28",1,0,{},0,25,0,0,0,0,25,0,25,0,0,0,0,25
61,dublin,"HARDWICKE PLACE","Hardwicke Place",53.357,-6.26323,0,0,OPEN,"2025-02-22 13:49:32",1,0,{},0,25,0,0,0,0,25,0,25,0,0,0,0,25
61,dublin,"HARDWICKE PLACE","Hardwicke Place",53.357,-6.26323,0,0,OPEN,"2025-02-22 13:59:36",1,0,{},0,25,0,0,0,0,25,0,25,0,0,0,0,25
61,dublin,"HARDWICKE PLACE","Hardwicke Place",53.357,-6.26323,0,0,OPEN,"2025-02-22 14:09:40",1,0,{},0,25,0,0,0,0,25,0,25,0,0,0,0,25
61,dublin,"HARDWICKE PLACE","Hardwicke Place",53.357,-6.26323,0,0,OPEN,"2025-02-22 14:19:44",1,0,{},0,25,0,0,0,0,25,0,25,0,0,0,0,25
61,dublin,"HARDWICKE PLACE","Hardwicke Place",53.357,-6.26323,0,0,OPEN,"2025-02-22 14:28:32",1,0,{},1,24,1,0,0,0,25,1,24,1,0,0,0,25
61,dublin,"HARDWICKE PLACE","Hardwicke Place",53.357,-6.26323,0,0,OPEN,"2025-02-22 14:29:47",1,0,{},1,24,1,0,0,0,25,1,24,1,0,0,0,25
61,dublin,"HARDWICKE PLACE","Hardwicke Place",53.357,-6.26323,0,0,OPEN,"2025-02-22 14:40:15",1,0,{},0,25,0,0,0,0,25,0,25,0,0,0,0,25
61,dublin,"HARDWICKE PLACE","Hardwicke Place",53.357,-6.26323,0,0,OPEN,"2025-02-22 14:49:57",1,0,{},0,25,0,0,0,0,25,0,25,0,0,0,0,25
61,dublin,"HARDWICKE PLACE","Hardwicke Place",53.357,-6.26323,0,0,OPEN,"2025-02-22 15:00:00",1,0,{},0,25,0,0,0,0,25,0,25,0,0,0,0,25
61,dublin,"HARDWICKE PLACE","Hardwicke Place",53.357,-6.26323,0,0,OPEN,"2025-02-22 15:10:04",1,0,{},0,25,0,0,0,0,25,0,25,0,0,0,0,25
61,dublin,"HARDWICKE PLACE","Hardwicke Place",53.357,-6.26323,0,0,OPEN,"2025-02-22 15:20:07",1,0,{},0,25,0,0,0,0,25,0,25,0,0,0,0,25
61,dublin,"HARDWICKE PLACE","Hardwicke Place",53.357,-6.26323,0,0,OPEN,"2025-02-22 15:30:11",1,0,{},0,25,0,0,0,0,25,0,25,0,0,0,0,25
61,dublin,"HARDWICKE PLACE","Hardwicke Place",53.357,-6.26323,0,0,OPEN,"2025-02-22 15:40:14",1,0,{},0,25,0,0,0,0,25,0,25,0,0,0,0,25
61,dublin,"HARDWICKE PLACE","Hardwicke Place",53.357,-6.26323,0,0,OPEN,"2025-02-22 15:50:18",1,0,{},0,25,0,0,0,0,25,0,25,0,0,0,0,25
61,dublin,"HARDWICKE PLACE","Hardwicke Place",53.357,-6.26323,0,0,OPEN,"2025-02-22 16:00:22",1,0,{},0,25,0,0,0,0,25,0,25,0,0,0,0,25
61,dublin,"HARDWICKE PLACE","Hardwicke Place",53.357,-6.26323,0,0,OPEN,"2025-02-22 16:10:26",1,0,{},0,25,0,0,0,0,25,0,25,0,0,0,0,25
61,dublin,"HARDWICKE PLACE","Hardwicke Place",53.357,-6.26323,0,0,OPEN,"2025-02-22 16:20:29",1,0,{},0,25,0,0,0,0,25,0,25,0,0,0,0,25
61,dublin,"HARDWICKE PLACE","Hardwicke Place",53.357,-6.26323,0,0,OPEN,"2025-02-22 16:30:33",1,0,{},0,25,0,0,0,0,25,0,25,0,0,0,0,25
61,dublin,"HARDWICKE PLACE","Hardwicke Place",53.357,-6.26323,0,0,OPEN,"2025-02-22 16:40:37",1,0,{},0,25,0,0,0,0,25,0,25,0,0,0,0,25
61,dublin,"HARDWICKE PLACE","Hardwicke Place",53.357,-6.26323,0,0,OPEN,"2025-02-22 16:50:40",1,0,{},0,25,0,0,0,0,25,0,25,0,0,0,0,25
61,dublin,"HARDWICKE PLACE","Hardwicke Place",53.357,-6.26323,0,0,OPEN,"2025-02-22 17:00:44",1,0,{},0,25,0,0,0,0,25,0,25,0,0,0,0,25
61,dublin,"HARDWICKE PLACE","Hardwicke Place",53.357,-6.26323,0,0,OPEN,"2025-02-22 17:10:47",1,0,{},0,25,0,0,0,0,25,0,25,0,0,0,0,25
61,dublin,"HARDWICKE PLACE","Hardwicke Place",53.357,-6.26323,0,0,OPEN,"2025-02-22 17:20:51",1,0,{},0,25,0,0,0,0,25,0,25,0,0,0,0,25
61,dublin,"HARDWICKE PLACE","Hardwicke Place",53.357,-6.26323,0,0,OPEN,"2025-02-22 17:30:54",1,0,{},0,25,0,0,0,0,25,0,25,0,0,0,0,25
61,dublin,"HARDWICKE PLACE","Hardwicke Place",53.357,-6.26323,0,0,OPEN,"2025-02-22 17:40:57",1,0,{},1,24,1,0,0,0,25,1,24,1,0,0,0,25
61,dublin,"HARDWICKE PLACE","Hardwicke Place",53.357,-6.26323,0,0,OPEN,"2025-02-22 17:48:18",1,0,{},2,23,2,0,0,0,25,2,23,2,0,0,0,25
61,dublin,"HARDWICKE PLACE","Hardwicke Place",53.357,-6.26323,0,0,OPEN,"2025-02-22 17:51:02",1,0,{},2,23,2,0,0,0,25,2,23,2,0,0,0,25
61,dublin,"HARDWICKE PLACE","Hardwicke Place",53.357,-6.26323,0,0,OPEN,"2025-02-22 18:01:07",1,0,{},1,24,1,0,0,0,25,1,24,1,0,0,0,25
61,dublin,"HARDWICKE PLACE","Hardwicke Place",53.357,-6.26323,0,0,OPEN,"2025-02-22 18:11:11",1,0,{},1,24,1,0,0,0,25,1,24,1,0,0,0,25
61,dublin,"HARDWICKE PLACE","Hardwicke Place",53.357,-6.26323,0,0,OPEN,"2025-02-22 18:21:17",1,0,{},0,25,0,0,0,0,25,0,25,0,0,0,0,25
61,dublin,"HARDWICKE PLACE","Hardwicke Place",53.357,-6.26323,0,0,OPEN,"2025-02-22 18:31:21",1,0,{},0,25,0,0,0,0,25,0,25,0,0,0,0,25
61,dublin,"HARDWICKE PLACE","Hardwicke Place",53.357,-6.26323,0,0,OPEN,"2025-02-22 18:41:24",1,0,{},0,25,0,0,0,0,25,0,25,0,0,0,0,25
61,dublin,"HARDWICKE PLACE","Hardwicke Place",53.357,-6.26323,0,0,OPEN,"2025-02-22 18:51:28",1,0,{},0,25,0,0,0,0,25,0,25,0,0,0,0,25
61,dublin,"HARDWICKE PLACE","Hardwicke Place",53.357,-6.26323,0,0,OPEN,"2025-02-22 19:01:33",1,0,{},0,25,0,0,0,0,25,0,25,0,0,0,0,25
61,dublin,"HARDWICKE PLACE","Hardwicke Place",53.357,-6.26323,0,0,OPEN,"2025-02-22 19:11:37",1,0,{},0,25,0,0,0,0,25,0,25,0,0,0,0,25
61,dublin,"HARDWICKE PLACE","Hardwicke Place",53.357,-6.26323,0,0,OPEN,"2025-02-22 19:21:41",1,0,{},0,25,0,0,0,0,25,0,25,0,0,0,0,25
61,dublin,"HARDWICKE PLACE","Hardwicke Place",53.357,-6.26323,0,0,OPEN,"2025-02-22 19:31:44",1,0,{},0,25,0,0,0,0,25,0,25,0,0,0,0,25
61,dublin,"HARDWICKE PLACE","Hardwicke Place",53.357,-6.26323,0,0,OPEN,"2025-02-22 19:41:48",1,0,{},0,25,0,0,0,0,25,0,25,0,0,0,0,25
61,dublin,"HARDWICKE PLACE","Hardwicke Place",53.357,-6.26323,0,0,OPEN,"2025-02-22 19:51:52",1,0,{},0,25,0,0,0,0,25,0,25,0,0,0,0,25
61,dublin,"HARDWICKE PLACE","Hardwicke Place",53.357,-6.26323,0,0,OPEN,"2025-02-22 20:01:55",1,0,{},0,25,0,0,0,0,25,0,25,0,0,0,0,25
61,dublin,"HARDWICKE PLACE","Hardwicke Place",53.357,-6.26323,0,0,OPEN,"2025-02-22 20:11:59",1,0,{},0,25,0,0,0,0,25,0,25,0,0,0,0,25
61,dublin,"HARDWICKE PLACE","Hardwicke Place",53.357,-6.26323,0,0,OPEN,"2025-02-22 20:15:40",1,0,{},1,24,0,1,0,1,25,1,24,0,1,0,1,25
61,dublin,"HARDWICKE PLACE","Hardwicke Place",53.357,-6.26323,0,0,OPEN,"2025-02-22 20:22:02",1,0,{},1,24,0,1,0,1,25,1,24,0,1,0,1,25
61,dublin,"HARDWICKE PLACE","Hardwicke Place",53.357,-6.26323,0,0,OPEN,"2025-02-22 20:32:06",1,0,{},1,24,0,1,0,1,25,1,24,0,1,0,1,25
61,dublin,"HARDWICKE PLACE","Hardwicke Place",53.357,-6.26323,0,0,OPEN,"2025-02-22 20:42:10",1,0,{},1,24,0,1,0,1,25,1,24,0,1,0,1,25
61,dublin,"HARDWICKE PLACE","Hardwicke Place",53.357,-6.26323,0,0,OPEN,"2025-02-22 20:52:14",1,0,{},1,24,0,1,0,1,25,1,24,0,1,0,1,25
61,dublin,"HARDWICKE PLACE","Hardwicke Place",53.357,-6.26323,0,0,OPEN,"2025-02-22 21:02:18",1,0,{},1,24,0,1,0,1,25,1,24,0,1,0,1,25
61,dublin,"HARDWICKE PLACE","Hardwicke Place",53.357,-6.26323,0,0,OPEN,"2025-02-22 21:12:21",1,0,{},1,24,0,1,0,1,25,1,24,0,1,0,1,25
61,dublin,"HARDWICKE PLACE","Hardwicke Place",53.357,-6.26323,0,0,OPEN,"2025-02-22 21:22:24",1,0,{},1,24,0,1,0,1,25,1,24,0,1,0,1,25
61,dublin,"HARDWICKE PLACE","Hardwicke Place",53.357,-6.26323,0,0,OPEN,"2025-02-22 21:32:27",1,0,{},1,24,0,1,0,1,25,1,24,0,1,0,1,25
61,dublin,"HARDWICKE PLACE","Hardwicke Place",53.357,-6.26323,0,0,OPEN,"2025-02-22 21:42:31",1,0,{},1,24,0,1,0,1,25,1,24,0,1,0,1,25
61,dublin,"HARDWICKE PLACE","Hardwicke Place",53.357,-6.26323,0,0,OPEN,"2025-02-22 21:52:35",1,0,{},1,24,0,1,0,1,25,1,24,0,1,0,1,25
61,dublin,"HARDWICKE PLACE","Hardwicke Place",53.357,-6.26323,0,0,OPEN,"2025-02-22 22:02:39",1,0,{},1,24,0,1,0,1,25,1,24,0,1,0,1,25
61,dublin,"HARDWICKE PLACE","Hardwicke Place",53.357,-6.26323,0,0,OPEN,"2025-02-22 22:12:42",1,0,{},1,24,0,1,0,1,25,1,24,0,1,0,1,25
62,dublin,"LIME STREET","Lime Street",53.346,-6.24358,0,0,OPEN,"2025-02-22 02:56:47",1,0,{},13,27,6,7,0,7,40,13,27,6,7,0,7,40
62,dublin,"LIME STREET","Lime Street",53.346,-6.24358,0,0,OPEN,"2025-02-22 03:06:50",1,0,{},13,27,6,7,0,7,40,13,27,6,7,0,7,40
62,dublin,"LIME STREET","Lime Street",53.346,-6.24358,0,0,OPEN,"2025-02-22 03:16:32",1,0,{},13,27,6,7,0,7,40,13,27,6,7,0,7,40
62,dublin,"LIME STREET","Lime Street",53.346,-6.24358,0,0,OPEN,"2025-02-22 10:11:58",1,0,{},13,27,5,8,0,8,40,13,27,5,8,0,8,40
62,dublin,"LIME STREET","Lime Street",53.346,-6.24358,0,0,OPEN,"2025-02-22 10:19:18",1,0,{},13,27,5,8,0,8,40,13,27,5,8,0,8,40
62,dublin,"LIME STREET","Lime Street",53.346,-6.24358,0,0,OPEN,"2025-02-22 10:29:22",1,0,{},13,27,5,8,0,8,40,13,27,5,8,0,8,40
62,dublin,"LIME STREET","Lime Street",53.346,-6.24358,0,0,OPEN,"2025-02-22 10:39:25",1,0,{},13,27,5,8,0,8,40,13,27,5,8,0,8,40
62,dublin,"LIME STREET","Lime Street",53.346,-6.24358,0,0,OPEN,"2025-02-22 10:49:29",1,0,{},13,27,5,8,0,8,40,13,27,5,8,0,8,40
62,dublin,"LIME STREET","Lime Street",53.346,-6.24358,0,0,OPEN,"2025-02-22 10:59:33",1,0,{},13,27,5,8,0,8,40,13,27,5,8,0,8,40
62,dublin,"LIME STREET","Lime Street",53.346,-6.24358,0,0,OPEN,"2025-02-22 11:09:36",1,0,{},13,27,5,8,0,8,40,13,27,5,8,0,8,40
62,dublin,"LIME STREET","Lime Street",53.346,-6.24358,0,0,OPEN,"2025-02-22 11:19:40",1,0,{},13,27,5,8,0,8,40,13,27,5,8,0,8,40
62,dublin,"LIME STREET","Lime Street",53.346,-6.24358,0,0,OPEN,"2025-02-22 11:27:58",1,0,{},12,28,3,9,0,9,40,12,28,3,9,0,9,40
62,dublin,"LIME STREET","Lime Street",53.346,-6.24358,0,0,OPEN,"2025-02-22 11:29:48",1,0,{},12,28,3,9,0,9,40,12,28,3,9,0,9,40
62,dublin,"LIME STREET","Lime Street",53.346,-6.24358,0,0,OPEN,"2025-02-22 11:42:15",1,0,{},13,27,4,9,0,9,40,13,27,4,9,0,9,40
62,dublin,"LIME STREET","Lime Street",53.346,-6.24358,0,0,OPEN,"2025-02-22 11:49:57",1,0,{},13,27,4,9,0,9,40,13,27,4,9,0,9,40
62,dublin,"LIME STREET","Lime Street",53.346,-6.24358,0,0,OPEN,"2025-02-22 12:00:02",1,0,{},14,26,5,9,0,9,40,14,26,5,9,0,9,40
62,dublin,"LIME STREET","Lime Street",53.346,-6.24358,0,0,OPEN,"2025-02-22 12:05:27",1,0,{},14,26,5,9,0,9,40,14,26,5,9,0,9,40
62,dublin,"LIME STREET","Lime Street",53.346,-6.24358,0,0,OPEN,"2025-02-22 12:10:06",1,0,{},14,26,5,9,0,9,40,14,26,5,9,0,9,40
62,dublin,"LIME STREET","Lime Street",53.346,-6.24358,0,0,OPEN,"2025-02-22 12:14:20",1,0,{},16,24,7,9,0,9,40,16,24,7,9,0,9,40
62,dublin,"LIME STREET","Lime Street",53.346,-6.24358,0,0,OPEN,"2025-02-22 12:20:11",1,0,{},16,24,7,9,0,9,40,16,24,7,9,0,9,40
62,dublin,"LIME STREET","Lime Street",53.346,-6.24358,0,0,OPEN,"2025-02-22 12:28:28",1,0,{},17,23,8,9,0,9,40,17,23,8,9,0,9,40
62,dublin,"LIME STREET","Lime Street",53.346,-6.24358,0,0,OPEN,"2025-02-22 12:30:16",1,0,{},17,23,8,9,0,9,40,17,23,8,9,0,9,40
62,dublin,"LIME STREET","Lime Street",53.346,-6.24358,0,0,OPEN,"2025-02-22 12:37:28",1,0,{},16,24,7,9,0,9,40,16,24,7,9,0,9,40
62,dublin,"LIME STREET","Lime Street",53.346,-6.24358,0,0,OPEN,"2025-02-22 12:40:24",1,0,{},15,25,7,8,0,8,40,15,25,7,8,0,8,40
62,dublin,"LIME STREET","Lime Street",53.346,-6.24358,0,0,OPEN,"2025-02-22 12:52:41",1,0,{},16,24,8,8,0,8,40,16,24,8,8,0,8,40
62,dublin,"LIME STREET","Lime Street",53.346,-6.24358,0,0,OPEN,"2025-02-22 13:00:33",1,0,{},16,24,8,8,0,8,40,16,24,8,8,0,8,40
62,dublin,"LIME STREET","Lime Street",53.346,-6.24358,0,0,OPEN,"2025-02-22 13:03:48",1,0,{},15,25,7,8,0,8,40,15,25,7,8,0,8,40
62,dublin,"LIME STREET","Lime Street",53.346,-6.24358,0,0,OPEN,"2025-02-22 13:10:39",1,0,{},15,25,7,8,0,8,40,15,25,7,8,0,8,40
62,dublin,"LIME STREET","Lime Street",53.346,-6.24358,0,0,OPEN,"2025-02-22 13:20:43",1,0,{},15,25,7,8,0,8,40,15,25,7,8,0,8,40
62,dublin,"LIME STREET","Lime Street",53.346,-6.24358,0,0,OPEN,"2025-02-22 13:30:47",1,0,{},15,25,7,8,0,8,40,15,25,7,8,0,8,40
62,dublin,"LIME STREET","Lime Street",53.346,-6.24358,0,0,OPEN,"2025-02-22 13:35:22",1,0,{},13,27,5,8,0,8,40,13,27,5,8,0,8,40
62,dublin,"LIME STREET","Lime Street",53.346,-6.24358,0,0,OPEN,"2025-02-22 13:40:54",1,0,{},12,28,4,8,0,8,40,12,28,4,8,0,8,40
62,dublin,"LIME STREET","Lime Street",53.346,-6.24358,0,0,OPEN,"2025-02-22 13:46:23",1,0,{},12,28,4,8,0,8,40,12,28,4,8,0,8,40
62,dublin,"LIME STREET","Lime Street",53.346,-6.24358,0,0,OPEN,"2025-02-22 13:50:58",1,0,{},12,28,4,8,0,8,40,12,28,4,8,0,8,40
62,dublin,"LIME STREET","Lime Street",53.346,-6.24358,0,0,OPEN,"2025-02-22 14:01:02",1,0,{},12,28,4,8,0,8,40,12,28,4,8,0,8,40
62,dublin,"LIME STREET","Lime Street",53.346,-6.24358,0,0,OPEN,"2025-02-22 14:11:06",1,0,{},13,27,5,8,0,8,40,13,27,5,8,0,8,40
62,dublin,"LIME STREET","Lime Street",53.346,-6.24358,0,0,OPEN,"2025-02-22 14:21:14",1,0,{},10,30,2,8,0,8,40,10,30,2,8,0,8,40
62,dublin,"LIME STREET","Lime Street",53.346,-6.24358,0,0,OPEN,"2025-02-22 14:31:17",1,0,{},10,30,2,8,0,8,40,10,30,2,8,0,8,40
62,dublin,"LIME STREET","Lime Street",53.346,-6.24358,0,0,OPEN,"2025-02-22 14:34:50",1,0,{},9,31,2,7,0,7,40,9,31,2,7,0,7,40
62,dublin,"LIME STREET","Lime Street",53.346,-6.24358,0,0,OPEN,"2025-02-22 14:41:22",1,0,{},9,31,2,7,0,7,40,9,31,2,7,0,7,40
62,dublin,"LIME STREET","Lime Street",53.346,-6.24358,0,0,OPEN,"2025-02-22 14:51:26",1,0,{},9,31,2,7,0,7,40,9,31,2,7,0,7,40
62,dublin,"LIME STREET","Lime Street",53.346,-6.24358,0,0,OPEN,"2025-02-22 15:03:22",1,0,{},6,34,1,5,0,5,40,6,34,1,5,0,5,40
62,dublin,"LIME STREET","Lime Street",53.346,-6.24358,0,0,OPEN,"2025-02-22 15:11:38",1,0,{},6,34,1,5,0,5,40,6,34,1,5,0,5,40
62,dublin,"LIME STREET","Lime Street",53.346,-6.24358,0,0,OPEN,"2025-02-22 15:16:11",1,0,{},5,35,0,5,0,5,40,5,35,0,5,0,5,40
62,dublin,"LIME STREET","Lime Street",53.346,-6.24358,0,0,OPEN,"2025-02-22 15:21:43",1,0,{},5,35,0,5,0,5,40,5,35,0,5,0,5,40
62,dublin,"LIME STREET","Lime Street",53.346,-6.24358,0,0,OPEN,"2025-02-22 15:31:47",1,0,{},5,35,0,5,0,5,40,5,35,0,5,0,5,40
62,dublin,"LIME STREET","Lime Street",53.346,-6.24358,0,0,OPEN,"2025-02-22 15:41:51",1,0,{},5,35,0,5,0,5,40,5,35,0,5,0,5,40
62,dublin,"LIME STREET","Lime Street",53.346,-6.24358,0,0,OPEN,"2025-02-22 15:44:31",1,0,{},3,37,0,3,0,3,40,3,37,0,3,0,3,40
62,dublin,"LIME STREET","Lime Street",53.346,-6.24358,0,0,OPEN,"2025-02-22 15:51:57",1,0,{},3,37,0,3,0,3,40,3,37,0,3,0,3,40
62,dublin,"LIME STREET","Lime Street",53.346,-6.24358,0,0,OPEN,"2025-02-22 15:55:25",1,0,{},4,36,1,3,0,3,40,4,36,1,3,0,3,40
62,dublin,"LIME STREET","Lime Street",53.346,-6.24358,0,0,OPEN,"2025-02-22 16:02:02",1,0,{},4,36,1,3,0,3,40,4,36,1,3,0,3,40
62,dublin,"LIME STREET","Lime Street",53.346,-6.24358,0,0,OPEN,"2025-02-22 16:12:05",1,0,{},4,36,1,3,0,3,40,4,36,1,3,0,3,40
62,dublin,"LIME STREET","Lime Street",53.346,-6.24358,0,0,OPEN,"2025-02-22 16:15:29",1,0,{},3,37,1,2,0,2,40,3,37,1,2,0,2,40
62,dublin,"LIME STREET","Lime Street",53.346,-6.24358,0,0,OPEN,"2025-02-22 16:22:14",1,0,{},1,39,0,1,0,1,40,1,39,0,1,0,1,40
62,dublin,"LIME STREET","Lime Street",53.346,-6.24358,0,0,OPEN,"2025-02-22 16:32:17",1,0,{},1,39,0,1,0,1,40,1,39,0,1,0,1,40
62,dublin,"LIME STREET","Lime Street",53.346,-6.24358,0,0,OPEN,"2025-02-22 16:42:21",1,0,{},1,39,0,1,0,1,40,1,39,0,1,0,1,40
62,dublin,"LIME STREET","Lime Street",53.346,-6.24358,0,0,OPEN,"2025-02-22 16:52:25",1,0,{},1,39,0,1,0,1,40,1,39,0,1,0,1,40
62,dublin,"LIME STREET","Lime Street",53.346,-6.24358,0,0,OPEN,"2025-02-22 17:02:27",1,0,{},2,38,0,2,0,2,40,2,38,0,2,0,2,40
62,dublin,"LIME STREET","Lime Street",53.346,-6.24358,0,0,OPEN,"2025-02-22 17:12:31",1,0,{},2,38,0,2,0,2,40,2,38,0,2,0,2,40
62,dublin,"LIME STREET","Lime Street",53.346,-6.24358,0,0,OPEN,"2025-02-22 17:22:34",1,0,{},2,38,0,2,0,2,40,2,38,0,2,0,2,40
62,dublin,"LIME STREET","Lime Street",53.346,-6.24358,0,0,OPEN,"2025-02-22 17:32:38",1,0,{},2,38,0,2,0,2,40,2,38,0,2,0,2,40
62,dublin,"LIME STREET","Lime Street",53.346,-6.24358,0,0,OPEN,"2025-02-22 17:42:42",1,0,{},2,38,0,2,0,2,40,2,38,0,2,0,2,40
62,dublin,"LIME STREET","Lime Street",53.346,-6.24358,0,0,OPEN,"2025-02-22 17:52:46",1,0,{},2,38,0,2,0,2,40,2,38,0,2,0,2,40
62,dublin,"LIME STREET","Lime Street",53.346,-6.24358,0,0,OPEN,"2025-02-22 18:02:49",1,0,{},2,38,0,2,0,2,40,2,38,0,2,0,2,40
62,dublin,"LIME STREET","Lime Street",53.346,-6.24358,0,0,OPEN,"2025-02-22 18:05:47",1,0,{},4,36,0,4,0,4,40,4,36,0,4,0,4,40
62,dublin,"LIME STREET","Lime Street",53.346,-6.24358,0,0,OPEN,"2025-02-22 18:12:53",1,0,{},4,36,0,4,0,4,40,4,36,0,4,0,4,40
62,dublin,"LIME STREET","Lime Street",53.346,-6.24358,0,0,OPEN,"2025-02-22 18:23:22",1,0,{},2,38,0,2,0,2,40,2,38,0,2,0,2,40
62,dublin,"LIME STREET","Lime Street",53.346,-6.24358,0,0,OPEN,"2025-02-22 18:25:46",1,0,{},3,37,0,3,0,3,40,3,37,0,3,0,3,40
62,dublin,"LIME STREET","Lime Street",53.346,-6.24358,0,0,OPEN,"2025-02-22 18:33:02",1,0,{},4,36,1,3,0,3,40,4,36,1,3,0,3,40
62,dublin,"LIME STREET","Lime Street",53.346,-6.24358,0,0,OPEN,"2025-02-22 18:43:07",1,0,{},3,37,0,3,0,3,40,3,37,0,3,0,3,40
62,dublin,"LIME STREET","Lime Street",53.346,-6.24358,0,0,OPEN,"2025-02-22 18:53:11",1,0,{},3,37,0,3,0,3,40,3,37,0,3,0,3,40
62,dublin,"LIME STREET","Lime Street",53.346,-6.24358,0,0,OPEN,"2025-02-22 19:03:17",1,0,{},3,37,0,3,0,3,40,3,37,0,3,0,3,40
62,dublin,"LIME STREET","Lime Street",53.346,-6.24358,0,0,OPEN,"2025-02-22 19:13:21",1,0,{},3,37,0,3,0,3,40,3,37,0,3,0,3,40
62,dublin,"LIME STREET","Lime Street",53.346,-6.24358,0,0,OPEN,"2025-02-22 19:23:25",1,0,{},3,37,0,3,0,3,40,3,37,0,3,0,3,40
62,dublin,"LIME STREET","Lime Street",53.346,-6.24358,0,0,OPEN,"2025-02-22 19:33:29",1,0,{},3,37,0,3,0,3,40,3,37,0,3,0,3,40
62,dublin,"LIME STREET","Lime Street",53.346,-6.24358,0,0,OPEN,"2025-02-22 19:43:32",1,0,{},3,37,0,3,0,3,40,3,37,0,3,0,3,40
62,dublin,"LIME STREET","Lime Street",53.346,-6.24358,0,0,OPEN,"2025-02-22 19:45:26",1,0,{},2,38,0,2,0,2,40,2,38,0,2,0,2,40
62,dublin,"LIME STREET","Lime Street",53.346,-6.24358,0,0,OPEN,"2025-02-22 19:53:38",1,0,{},2,38,0,2,0,2,40,2,38,0,2,0,2,40
62,dublin,"LIME STREET","Lime Street",53.346,-6.24358,0,0,OPEN,"2025-02-22 20:03:42",1,0,{},2,38,0,2,0,2,40,2,38,0,2,0,2,40
62,dublin,"LIME STREET","Lime Street",53.346,-6.24358,0,0,OPEN,"2025-02-22 20:13:46",1,0,{},2,38,0,2,0,2,40,2,38,0,2,0,2,40
62,dublin,"LIME STREET","Lime Street",53.346,-6.24358,0,0,OPEN,"2025-02-22 20:23:50",1,0,{},2,38,0,2,0,2,40,2,38,0,2,0,2,40
62,dublin,"LIME STREET","Lime Street",53.346,-6.24358,0,0,OPEN,"2025-02-22 20:33:53",1,0,{},2,38,0,2,0,2,40,2,38,0,2,0,2,40
62,dublin,"LIME STREET","Lime Street",53.346,-6.24358,0,0,OPEN,"2025-02-22 20:43:57",1,0,{},2,38,0,2,0,2,40,2,38,0,2,0,2,40
62,dublin,"LIME STREET","Lime Street",53.346,-6.24358,0,0,OPEN,"2025-02-22 20:54:00",1,0,{},2,38,0,2,0,2,40,2,38,0,2,0,2,40
62,dublin,"LIME STREET","Lime Street",53.346,-6.24358,0,0,OPEN,"2025-02-22 21:04:04",1,0,{},2,38,0,2,0,2,40,2,38,0,2,0,2,40
62,dublin,"LIME STREET","Lime Street",53.346,-6.24358,0,0,OPEN,"2025-02-22 21:14:08",1,0,{},2,38,0,2,0,2,40,2,38,0,2,0,2,40
62,dublin,"LIME STREET","Lime Street",53.346,-6.24358,0,0,OPEN,"2025-02-22 21:24:10",1,0,{},2,38,0,2,0,2,40,2,38,0,2,0,2,40
62,dublin,"LIME STREET","Lime Street",53.346,-6.24358,0,0,OPEN,"2025-02-22 21:34:13",1,0,{},2,38,0,2,0,2,40,2,38,0,2,0,2,40
62,dublin,"LIME STREET","Lime Street",53.346,-6.24358,0,0,OPEN,"2025-02-22 21:44:17",1,0,{},2,38,0,2,0,2,40,2,38,0,2,0,2,40
62,dublin,"LIME STREET","Lime Street",53.346,-6.24358,0,0,OPEN,"2025-02-22 21:54:21",1,0,{},2,38,0,2,0,2,40,2,38,0,2,0,2,40
62,dublin,"LIME STREET","Lime Street",53.346,-6.24358,0,0,OPEN,"2025-02-22 22:04:25",1,0,{},2,38,0,2,0,2,40,2,38,0,2,0,2,40
62,dublin,"LIME STREET","Lime Street",53.346,-6.24358,0,0,OPEN,"2025-02-22 22:14:29",1,0,{},2,38,0,2,0,2,40,2,38,0,2,0,2,40
63,dublin,"FENIAN STREET","Fenian Street",53.3414,-6.24672,0,0,OPEN,"2025-02-22 02:58:05",1,0,{},9,26,4,5,0,5,35,9,26,4,5,0,5,35
63,dublin,"FENIAN STREET","Fenian Street",53.3414,-6.24672,0,0,OPEN,"2025-02-22 03:08:09",1,0,{},9,26,4,5,0,5,35,9,26,4,5,0,5,35
63,dublin,"FENIAN STREET","Fenian Street",53.3414,-6.24672,0,0,OPEN,"2025-02-22 10:12:15",1,0,{},8,27,4,4,0,4,35,8,27,4,4,0,4,35
63,dublin,"FENIAN STREET","Fenian Street",53.3414,-6.24672,0,0,OPEN,"2025-02-22 10:22:19",1,0,{},8,27,4,4,0,4,35,8,27,4,4,0,4,35
63,dublin,"FENIAN STREET","Fenian Street",53.3414,-6.24672,0,0,OPEN,"2025-02-22 10:32:23",1,0,{},8,27,4,4,0,4,35,8,27,4,4,0,4,35
63,dublin,"FENIAN STREET","Fenian Street",53.3414,-6.24672,0,0,OPEN,"2025-02-22 10:34:29",1,0,{},5,30,2,3,0,3,35,5,30,2,3,0,3,35
63,dublin,"FENIAN STREET","Fenian Street",53.3414,-6.24672,0,0,OPEN,"2025-02-22 10:42:31",1,0,{},5,30,2,3,0,3,35,5,30,2,3,0,3,35
63,dublin,"FENIAN STREET","Fenian Street",53.3414,-6.24672,0,0,OPEN,"2025-02-22 10:47:02",1,0,{},6,29,2,4,0,4,35,6,29,2,4,0,4,35
63,dublin,"FENIAN STREET","Fenian Street",53.3414,-6.24672,0,0,OPEN,"2025-02-22 10:52:37",1,0,{},5,30,1,4,0,4,35,5,30,1,4,0,4,35
63,dublin,"FENIAN STREET","Fenian Street",53.3414,-6.24672,0,0,OPEN,"2025-02-22 11:02:42",1,0,{},6,29,1,5,0,5,35,6,29,1,5,0,5,35
63,dublin,"FENIAN STREET","Fenian Street",53.3414,-6.24672,0,0,OPEN,"2025-02-22 11:08:16",1,0,{},6,29,1,5,0,5,35,6,29,1,5,0,5,35
63,dublin,"FENIAN STREET","Fenian Street",53.3414,-6.24672,0,0,OPEN,"2025-02-22 11:13:24",1,0,{},7,28,2,5,0,5,35,7,28,2,5,0,5,35
63,dublin,"FENIAN STREET","Fenian Street",53.3414,-6.24672,0,0,OPEN,"2025-02-22 11:22:53",1,0,{},7,28,2,5,0,5,35,7,28,2,5,0,5,35
63,dublin,"FENIAN STREET","Fenian Street",53.3414,-6.24672,0,0,OPEN,"2025-02-22 11:32:57",1,0,{},7,28,2,5,0,5,35,7,28,2,5,0,5,35
63,dublin,"FENIAN STREET","Fenian Street",53.3414,-6.24672,0,0,OPEN,"2025-02-22 11:43:01",1,0,{},7,28,2,5,0,5,35,7,28,2,5,0,5,35
63,dublin,"FENIAN STREET","Fenian Street",53.3414,-6.24672,0,0,OPEN,"2025-02-22 11:53:07",1,0,{},8,27,2,6,0,6,35,8,27,2,6,0,6,35
63,dublin,"FENIAN STREET","Fenian Street",53.3414,-6.24672,0,0,OPEN,"2025-02-22 11:58:07",1,0,{},9,26,3,6,0,6,35,9,26,3,6,0,6,35
63,dublin,"FENIAN STREET","Fenian Street",53.3414,-6.24672,0,0,OPEN,"2025-02-22 12:03:12",1,0,{},9,26,3,6,0,6,35,9,26,3,6,0,6,35
63,dublin,"FENIAN STREET","Fenian Street",53.3414,-6.24672,0,0,OPEN,"2025-02-22 12:07:50",1,0,{},10,25,3,7,0,7,35,10,25,3,7,0,7,35
63,dublin,"FENIAN STREET","Fenian Street",53.3414,-6.24672,0,0,OPEN,"2025-02-22 12:13:17",1,0,{},10,25,3,7,0,7,35,10,25,3,7,0,7,35
63,dublin,"FENIAN STREET","Fenian Street",53.3414,-6.24672,0,0,OPEN,"2025-02-22 12:23:22",1,0,{},10,25,3,7,0,7,35,10,25,3,7,0,7,35
63,dublin,"FENIAN STREET","Fenian Street",53.3414,-6.24672,0,0,OPEN,"2025-02-22 12:33:26",1,0,{},10,25,3,7,0,7,35,10,25,3,7,0,7,35
63,dublin,"FENIAN STREET","Fenian Street",53.3414,-6.24672,0,0,OPEN,"2025-02-22 12:43:31",1,0,{},10,25,3,7,0,7,35,10,25,3,7,0,7,35
63,dublin,"FENIAN STREET","Fenian Street",53.3414,-6.24672,0,0,OPEN,"2025-02-22 12:53:35",1,0,{},10,25,3,7,0,7,35,10,25,3,7,0,7,35
63,dublin,"FENIAN STREET","Fenian Street",53.3414,-6.24672,0,0,OPEN,"2025-02-22 13:03:39",1,0,{},10,25,3,7,0,7,35,10,25,3,7,0,7,35
63,dublin,"FENIAN STREET","Fenian Street",53.3414,-6.24672,0,0,OPEN,"2025-02-22 13:13:43",1,0,{},10,25,3,7,0,7,35,10,25,3,7,0,7,35
63,dublin,"FENIAN STREET","Fenian Street",53.3414,-6.24672,0,0,OPEN,"2025-02-22 13:26:17",1,0,{},12,23,4,8,0,8,35,12,23,4,8,0,8,35
63,dublin,"FENIAN STREET","Fenian Street",53.3414,-6.24672,0,0,OPEN,"2025-02-22 13:33:54",1,0,{},12,23,4,8,0,8,35,12,23,4,8,0,8,35
63,dublin,"FENIAN STREET","Fenian Street",53.3414,-6.24672,0,0,OPEN,"2025-02-22 13:43:31",1,0,{},11,24,4,7,0,7,35,11,24,4,7,0,7,35
63,dublin,"FENIAN STREET","Fenian Street",53.3414,-6.24672,0,0,OPEN,"2025-02-22 13:44:15",1,0,{},10,25,3,7,0,7,35,10,25,3,7,0,7,35
63,dublin,"FENIAN STREET","Fenian Street",53.3414,-6.24672,0,0,OPEN,"2025-02-22 13:54:06",1,0,{},10,25,3,7,0,7,35,10,25,3,7,0,7,35
63,dublin,"FENIAN STREET","Fenian Street",53.3414,-6.24672,0,0,OPEN,"2025-02-22 14:04:10",1,0,{},10,25,3,7,0,7,35,10,25,3,7,0,7,35
63,dublin,"FENIAN STREET","Fenian Street",53.3414,-6.24672,0,0,OPEN,"2025-02-22 14:09:19",1,0,{},9,26,3,6,0,6,35,9,26,3,6,0,6,35
63,dublin,"FENIAN STREET","Fenian Street",53.3414,-6.24672,0,0,OPEN,"2025-02-22 14:18:02",1,0,{},10,25,4,6,0,6,35,10,25,4,6,0,6,35
63,dublin,"FENIAN STREET","Fenian Street",53.3414,-6.24672,0,0,OPEN,"2025-02-22 14:24:25",1,0,{},10,25,4,6,0,6,35,10,25,4,6,0,6,35
63,dublin,"FENIAN STREET","Fenian Street",53.3414,-6.24672,0,0,OPEN,"2025-02-22 14:34:27",1,0,{},10,25,4,6,0,6,35,10,25,4,6,0,6,35
63,dublin,"FENIAN STREET","Fenian Street",53.3414,-6.24672,0,0,OPEN,"2025-02-22 14:43:30",1,0,{},11,24,5,6,0,6,35,11,24,5,6,0,6,35
63,dublin,"FENIAN STREET","Fenian Street",53.3414,-6.24672,0,0,OPEN,"2025-02-22 14:44:32",1,0,{},11,24,5,6,0,6,35,11,24,5,6,0,6,35
63,dublin,"FENIAN STREET","Fenian Street",53.3414,-6.24672,0,0,OPEN,"2025-02-22 14:54:36",1,0,{},11,24,5,6,0,6,35,11,24,5,6,0,6,35
63,dublin,"FENIAN STREET","Fenian Street",53.3414,-6.24672,0,0,OPEN,"2025-02-22 15:04:41",1,0,{},11,24,5,6,0,6,35,11,24,5,6,0,6,35
63,dublin,"FENIAN STREET","Fenian Street",53.3414,-6.24672,0,0,OPEN,"2025-02-22 15:14:45",1,0,{},11,24,5,6,0,6,35,11,24,5,6,0,6,35
63,dublin,"FENIAN STREET","Fenian Street",53.3414,-6.24672,0,0,OPEN,"2025-02-22 15:24:49",1,0,{},11,24,5,6,0,6,35,11,24,5,6,0,6,35
63,dublin,"FENIAN STREET","Fenian Street",53.3414,-6.24672,0,0,OPEN,"2025-02-22 15:34:54",1,0,{},11,24,5,6,0,6,35,11,24,5,6,0,6,35
63,dublin,"FENIAN STREET","Fenian Street",53.3414,-6.24672,0,0,OPEN,"2025-02-22 15:44:58",1,0,{},11,24,5,6,0,6,35,11,24,5,6,0,6,35
63,dublin,"FENIAN STREET","Fenian Street",53.3414,-6.24672,0,0,OPEN,"2025-02-22 15:51:24",1,0,{},12,23,6,6,0,6,35,12,23,6,6,0,6,35
63,dublin,"FENIAN STREET","Fenian Street",53.3414,-6.24672,0,0,OPEN,"2025-02-22 15:55:03",1,0,{},12,23,6,6,0,6,35,12,23,6,6,0,6,35
63,dublin,"FENIAN STREET","Fenian Street",53.3414,-6.24672,0,0,OPEN,"2025-02-22 16:05:07",1,0,{},12,23,6,6,0,6,35,12,23,6,6,0,6,35
63,dublin,"FENIAN STREET","Fenian Street",53.3414,-6.24672,0,0,OPEN,"2025-02-22 16:15:10",1,0,{},12,23,6,6,0,6,35,12,23,6,6,0,6,35
63,dublin,"FENIAN STREET","Fenian Street",53.3414,-6.24672,0,0,OPEN,"2025-02-22 16:26:27",1,0,{},13,22,6,7,0,7,35,13,22,6,7,0,7,35
63,dublin,"FENIAN STREET","Fenian Street",53.3414,-6.24672,0,0,OPEN,"2025-02-22 16:35:19",1,0,{},13,22,6,7,0,7,35,13,22,6,7,0,7,35
63,dublin,"FENIAN STREET","Fenian Street",53.3414,-6.24672,0,0,OPEN,"2025-02-22 16:45:23",1,0,{},13,22,6,7,0,7,35,13,22,6,7,0,7,35
63,dublin,"FENIAN STREET","Fenian Street",53.3414,-6.24672,0,0,OPEN,"2025-02-22 16:55:28",1,0,{},14,21,6,8,0,8,35,14,21,6,8,0,8,35
63,dublin,"FENIAN STREET","Fenian Street",53.3414,-6.24672,0,0,OPEN,"2025-02-22 17:02:24",1,0,{},15,20,6,9,0,9,35,15,20,6,9,0,9,35
63,dublin,"FENIAN STREET","Fenian Street",53.3414,-6.24672,0,0,OPEN,"2025-02-22 17:05:34",1,0,{},14,21,5,9,0,9,35,14,21,5,9,0,9,35
63,dublin,"FENIAN STREET","Fenian Street",53.3414,-6.24672,0,0,OPEN,"2025-02-22 17:11:08",1,0,{},15,20,6,9,0,9,35,15,20,6,9,0,9,35
63,dublin,"FENIAN STREET","Fenian Street",53.3414,-6.24672,0,0,OPEN,"2025-02-22 17:16:35",1,0,{},14,21,5,9,0,9,35,14,21,5,9,0,9,35
63,dublin,"FENIAN STREET","Fenian Street",53.3414,-6.24672,0,0,OPEN,"2025-02-22 17:25:45",1,0,{},14,21,5,9,0,9,35,14,21,5,9,0,9,35
63,dublin,"FENIAN STREET","Fenian Street",53.3414,-6.24672,0,0,OPEN,"2025-02-22 17:35:49",1,0,{},14,21,5,9,0,9,35,14,21,5,9,0,9,35
63,dublin,"FENIAN STREET","Fenian Street",53.3414,-6.24672,0,0,OPEN,"2025-02-22 17:45:53",1,0,{},14,21,5,9,0,9,35,14,21,5,9,0,9,35
63,dublin,"FENIAN STREET","Fenian Street",53.3414,-6.24672,0,0,OPEN,"2025-02-22 17:55:57",1,0,{},14,21,5,9,0,9,35,14,21,5,9,0,9,35
63,dublin,"FENIAN STREET","Fenian Street",53.3414,-6.24672,0,0,OPEN,"2025-02-22 18:06:02",1,0,{},14,21,5,9,0,9,35,14,21,5,9,0,9,35
63,dublin,"FENIAN STREET","Fenian Street",53.3414,-6.24672,0,0,OPEN,"2025-02-22 18:16:06",1,0,{},14,21,5,9,0,9,35,14,21,5,9,0,9,35
63,dublin,"FENIAN STREET","Fenian Street",53.3414,-6.24672,0,0,OPEN,"2025-02-22 18:26:09",1,0,{},15,20,5,10,0,10,35,15,20,5,10,0,10,35
63,dublin,"FENIAN STREET","Fenian Street",53.3414,-6.24672,0,0,OPEN,"2025-02-22 18:36:13",1,0,{},15,20,5,10,0,10,35,15,20,5,10,0,10,35
63,dublin,"FENIAN STREET","Fenian Street",53.3414,-6.24672,0,0,OPEN,"2025-02-22 18:46:17",1,0,{},15,20,5,10,0,10,35,15,20,5,10,0,10,35
63,dublin,"FENIAN STREET","Fenian Street",53.3414,-6.24672,0,0,OPEN,"2025-02-22 18:56:21",1,0,{},15,20,5,10,0,10,35,15,20,5,10,0,10,35
63,dublin,"FENIAN STREET","Fenian Street",53.3414,-6.24672,0,0,OPEN,"2025-02-22 19:06:27",1,0,{},15,20,5,10,0,10,35,15,20,5,10,0,10,35
63,dublin,"FENIAN STREET","Fenian Street",53.3414,-6.24672,0,0,OPEN,"2025-02-22 19:16:32",1,0,{},15,20,5,10,0,10,35,15,20,5,10,0,10,35
63,dublin,"FENIAN STREET","Fenian Street",53.3414,-6.24672,0,0,OPEN,"2025-02-22 19:26:37",1,0,{},15,20,5,10,0,10,35,15,20,5,10,0,10,35
63,dublin,"FENIAN STREET","Fenian Street",53.3414,-6.24672,0,0,OPEN,"2025-02-22 19:36:41",1,0,{},15,20,5,10,0,10,35,15,20,5,10,0,10,35
63,dublin,"FENIAN STREET","Fenian Street",53.3414,-6.24672,0,0,OPEN,"2025-02-22 19:46:44",1,0,{},15,20,5,10,0,10,35,15,20,5,10,0,10,35
63,dublin,"FENIAN STREET","Fenian Street",53.3414,-6.24672,0,0,OPEN,"2025-02-22 19:56:48",1,0,{},15,20,5,10,0,10,35,15,20,5,10,0,10,35
63,dublin,"FENIAN STREET","Fenian Street",53.3414,-6.24672,0,0,OPEN,"2025-02-22 20:06:52",1,0,{},15,20,5,10,0,10,35,15,20,5,10,0,10,35
63,dublin,"FENIAN STREET","Fenian Street",53.3414,-6.24672,0,0,OPEN,"2025-02-22 20:16:56",1,0,{},15,20,5,10,0,10,35,15,20,5,10,0,10,35
63,dublin,"FENIAN STREET","Fenian Street",53.3414,-6.24672,0,0,OPEN,"2025-02-22 20:27:00",1,0,{},15,20,5,10,0,10,35,15,20,5,10,0,10,35
63,dublin,"FENIAN STREET","Fenian Street",53.3414,-6.24672,0,0,OPEN,"2025-02-22 20:29:56",1,0,{},13,22,3,10,0,10,35,13,22,3,10,0,10,35
63,dublin,"FENIAN STREET","Fenian Street",53.3414,-6.24672,0,0,OPEN,"2025-02-22 20:37:07",1,0,{},13,22,3,10,0,10,35,13,22,3,10,0,10,35
63,dublin,"FENIAN STREET","Fenian Street",53.3414,-6.24672,0,0,OPEN,"2025-02-22 20:47:11",1,0,{},13,22,3,10,0,10,35,13,22,3,10,0,10,35
63,dublin,"FENIAN STREET","Fenian Street",53.3414,-6.24672,0,0,OPEN,"2025-02-22 20:57:16",1,0,{},13,22,3,10,0,10,35,13,22,3,10,0,10,35
63,dublin,"FENIAN STREET","Fenian Street",53.3414,-6.24672,0,0,OPEN,"2025-02-22 21:07:21",1,0,{},13,22,3,10,0,10,35,13,22,3,10,0,10,35
63,dublin,"FENIAN STREET","Fenian Street",53.3414,-6.24672,0,0,OPEN,"2025-02-22 21:17:25",1,0,{},13,22,3,10,0,10,35,13,22,3,10,0,10,35
63,dublin,"FENIAN STREET","Fenian Street",53.3414,-6.24672,0,0,OPEN,"2025-02-22 21:27:29",1,0,{},13,22,3,10,0,10,35,13,22,3,10,0,10,35
63,dublin,"FENIAN STREET","Fenian Street",53.3414,-6.24672,0,0,OPEN,"2025-02-22 21:37:33",1,0,{},13,22,3,10,0,10,35,13,22,3,10,0,10,35
63,dublin,"FENIAN STREET","Fenian Street",53.3414,-6.24672,0,0,OPEN,"2025-02-22 21:47:38",1,0,{},13,22,3,10,0,10,35,13,22,3,10,0,10,35
63,dublin,"FENIAN STREET","Fenian Street",53.3414,-6.24672,0,0,OPEN,"2025-02-22 21:57:42",1,0,{},13,22,3,10,0,10,35,13,22,3,10,0,10,35
63,dublin,"FENIAN STREET","Fenian Street",53.3414,-6.24672,0,0,OPEN,"2025-02-22 22:07:46",1,0,{},13,22,3,10,0,10,35,13,22,3,10,0,10,35
64,dublin,"SANDWITH STREET","Sandwith Street",53.3452,-6.24716,0,0,OPEN,"2025-02-22 03:00:20",1,0,{},3,37,3,0,0,0,40,3,37,3,0,0,0,40
64,dublin,"SANDWITH STREET","Sandwith Street",53.3452,-6.24716,0,0,OPEN,"2025-02-22 03:10:24",1,0,{},3,37,3,0,0,0,40,3,37,3,0,0,0,40
64,dublin,"SANDWITH STREET","Sandwith Street",53.3452,-6.24716,0,0,OPEN,"2025-02-22 10:12:42",1,0,{},5,35,5,0,0,0,40,5,35,5,0,0,0,40
64,dublin,"SANDWITH STREET","Sandwith Street",53.3452,-6.24716,0,0,OPEN,"2025-02-22 10:15:35",1,0,{},6,34,6,0,0,0,40,6,34,6,0,0,0,40
64,dublin,"SANDWITH STREET","Sandwith Street",53.3452,-6.24716,0,0,OPEN,"2025-02-22 10:22:48",1,0,{},6,34,6,0,0,0,40,6,34,6,0,0,0,40
64,dublin,"SANDWITH STREET","Sandwith Street",53.3452,-6.24716,0,0,OPEN,"2025-02-22 10:33:07",1,0,{},7,33,7,0,0,0,40,7,33,7,0,0,0,40
64,dublin,"SANDWITH STREET","Sandwith Street",53.3452,-6.24716,0,0,OPEN,"2025-02-22 10:42:59",1,0,{},6,34,6,0,0,0,40,6,34,6,0,0,0,40
64,dublin,"SANDWITH STREET","Sandwith Street",53.3452,-6.24716,0,0,OPEN,"2025-02-22 10:45:52",1,0,{},5,35,5,0,0,0,40,5,35,5,0,0,0,40
64,dublin,"SANDWITH STREET","Sandwith Street",53.3452,-6.24716,0,0,OPEN,"2025-02-22 10:53:05",1,0,{},5,35,5,0,0,0,40,5,35,5,0,0,0,40
64,dublin,"SANDWITH STREET","Sandwith Street",53.3452,-6.24716,0,0,OPEN,"2025-02-22 11:03:11",1,0,{},5,35,5,0,0,0,40,5,35,5,0,0,0,40
64,dublin,"SANDWITH STREET","Sandwith Street",53.3452,-6.24716,0,0,OPEN,"2025-02-22 11:13:17",1,0,{},5,35,5,0,0,0,40,5,35,5,0,0,0,40
64,dublin,"SANDWITH STREET","Sandwith Street",53.3452,-6.24716,0,0,OPEN,"2025-02-22 11:23:24",1,0,{},3,37,3,0,0,0,40,3,37,3,0,0,0,40
64,dublin,"SANDWITH STREET","Sandwith Street",53.3452,-6.24716,0,0,OPEN,"2025-02-22 11:28:16",1,0,{},2,38,2,0,0,0,40,2,38,2,0,0,0,40
64,dublin,"SANDWITH STREET","Sandwith Street",53.3452,-6.24716,0,0,OPEN,"2025-02-22 11:33:31",1,0,{},2,38,2,0,0,0,40,2,38,2,0,0,0,40
64,dublin,"SANDWITH STREET","Sandwith Street",53.3452,-6.24716,0,0,OPEN,"2025-02-22 11:43:37",1,0,{},2,38,2,0,0,0,40,2,38,2,0,0,0,40
64,dublin,"SANDWITH STREET","Sandwith Street",53.3452,-6.24716,0,0,OPEN,"2025-02-22 11:53:11",1,0,{},4,36,3,1,0,1,40,4,36,3,1,0,1,40
64,dublin,"SANDWITH STREET","Sandwith Street",53.3452,-6.24716,0,0,OPEN,"2025-02-22 11:53:43",1,0,{},4,36,3,1,0,1,40,4,36,3,1,0,1,40
64,dublin,"SANDWITH STREET","Sandwith Street",53.3452,-6.24716,0,0,OPEN,"2025-02-22 12:06:14",1,0,{},5,35,3,2,0,2,40,5,35,3,2,0,2,40
64,dublin,"SANDWITH STREET","Sandwith Street",53.3452,-6.24716,0,0,OPEN,"2025-02-22 12:16:40",1,0,{},6,34,3,3,0,3,40,6,34,3,3,0,3,40
64,dublin,"SANDWITH STREET","Sandwith Street",53.3452,-6.24716,0,0,OPEN,"2025-02-22 12:25:00",1,0,{},7,33,4,3,0,3,40,7,33,4,3,0,3,40
64,dublin,"SANDWITH STREET","Sandwith Street",53.3452,-6.24716,0,0,OPEN,"2025-02-22 12:30:13",1,0,{},6,34,4,2,0,2,40,6,34,4,2,0,2,40
64,dublin,"SANDWITH STREET","Sandwith Street",53.3452,-6.24716,0,0,OPEN,"2025-02-22 12:34:08",1,0,{},6,34,4,2,0,2,40,6,34,4,2,0,2,40
64,dublin,"SANDWITH STREET","Sandwith Street",53.3452,-6.24716,0,0,OPEN,"2025-02-22 12:45:20",1,0,{},5,35,3,2,0,2,40,5,35,3,2,0,2,40
64,dublin,"SANDWITH STREET","Sandwith Street",53.3452,-6.24716,0,0,OPEN,"2025-02-22 12:52:51",1,0,{},4,36,2,2,0,2,40,4,36,2,2,0,2,40
64,dublin,"SANDWITH STREET","Sandwith Street",53.3452,-6.24716,0,0,OPEN,"2025-02-22 12:58:18",1,0,{},4,36,2,2,0,2,40,4,36,2,2,0,2,40
64,dublin,"SANDWITH STREET","Sandwith Street",53.3452,-6.24716,0,0,OPEN,"2025-02-22 13:04:29",1,0,{},3,37,1,2,0,2,40,3,37,1,2,0,2,40
64,dublin,"SANDWITH STREET","Sandwith Street",53.3452,-6.24716,0,0,OPEN,"2025-02-22 13:11:45",1,0,{},6,34,1,5,0,5,40,6,34,1,5,0,5,40
64,dublin,"SANDWITH STREET","Sandwith Street",53.3452,-6.24716,0,0,OPEN,"2025-02-22 13:15:15",1,0,{},5,35,0,5,0,5,40,5,35,0,5,0,5,40
64,dublin,"SANDWITH STREET","Sandwith Street",53.3452,-6.24716,0,0,OPEN,"2025-02-22 13:24:44",1,0,{},3,37,0,3,0,3,40,3,37,0,3,0,3,40
64,dublin,"SANDWITH STREET","Sandwith Street",53.3452,-6.24716,0,0,OPEN,"2025-02-22 13:34:49",1,0,{},3,37,0,3,0,3,40,3,37,0,3,0,3,40
64,dublin,"SANDWITH STREET","Sandwith Street",53.3452,-6.24716,0,0,OPEN,"2025-02-22 13:40:50",1,0,{},4,36,1,3,0,3,40,4,36,1,3,0,3,40
64,dublin,"SANDWITH STREET","Sandwith Street",53.3452,-6.24716,0,0,OPEN,"2025-02-22 13:44:55",1,0,{},4,36,1,3,0,3,40,4,36,1,3,0,3,40
64,dublin,"SANDWITH STREET","Sandwith Street",53.3452,-6.24716,0,0,OPEN,"2025-02-22 13:55:00",1,0,{},5,35,1,4,0,4,40,5,35,1,4,0,4,40
64,dublin,"SANDWITH STREET","Sandwith Street",53.3452,-6.24716,0,0,OPEN,"2025-02-22 14:07:52",1,0,{},4,36,0,4,0,4,40,4,36,0,4,0,4,40
64,dublin,"SANDWITH STREET","Sandwith Street",53.3452,-6.24716,0,0,OPEN,"2025-02-22 14:15:13",1,0,{},4,36,0,4,0,4,40,4,36,0,4,0,4,40
64,dublin,"SANDWITH STREET","Sandwith Street",53.3452,-6.24716,0,0,OPEN,"2025-02-22 14:20:17",1,0,{},4,36,0,4,0,4,40,4,36,0,4,0,4,40
64,dublin,"SANDWITH STREET","Sandwith Street",53.3452,-6.24716,0,0,OPEN,"2025-02-22 14:25:18",1,0,{},4,36,0,4,0,4,40,4,36,0,4,0,4,40
64,dublin,"SANDWITH STREET","Sandwith Street",53.3452,-6.24716,0,0,OPEN,"2025-02-22 14:29:17",1,0,{},5,35,0,5,0,5,40,5,35,0,5,0,5,40
64,dublin,"SANDWITH STREET","Sandwith Street",53.3452,-6.24716,0,0,OPEN,"2025-02-22 14:35:25",1,0,{},5,35,0,5,0,5,40,5,35,0,5,0,5,40
64,dublin,"SANDWITH STREET","Sandwith Street",53.3452,-6.24716,0,0,OPEN,"2025-02-22 14:45:30",1,0,{},6,34,1,5,0,5,40,6,34,1,5,0,5,40
64,dublin,"SANDWITH STREET","Sandwith Street",53.3452,-6.24716,0,0,OPEN,"2025-02-22 14:55:36",1,0,{},6,34,1,5,0,5,40,6,34,1,5,0,5,40
64,dublin,"SANDWITH STREET","Sandwith Street",53.3452,-6.24716,0,0,OPEN,"2025-02-22 15:00:27",1,0,{},5,35,1,4,0,4,40,5,35,1,4,0,4,40
64,dublin,"SANDWITH STREET","Sandwith Street",53.3452,-6.24716,0,0,OPEN,"2025-02-22 15:05:43",1,0,{},5,35,1,4,0,4,40,5,35,1,4,0,4,40
64,dublin,"SANDWITH STREET","Sandwith Street",53.3452,-6.24716,0,0,OPEN,"2025-02-22 15:12:01",1,0,{},6,34,2,4,0,4,40,6,34,2,4,0,4,40
64,dublin,"SANDWITH STREET","Sandwith Street",53.3452,-6.24716,0,0,OPEN,"2025-02-22 15:15:49",1,0,{},6,34,2,4,0,4,40,6,34,2,4,0,4,40
64,dublin,"SANDWITH STREET","Sandwith Street",53.3452,-6.24716,0,0,OPEN,"2025-02-22 15:25:54",1,0,{},6,34,2,4,0,4,40,6,34,2,4,0,4,40
64,dublin,"SANDWITH STREET","Sandwith Street",53.3452,-6.24716,0,0,OPEN,"2025-02-22 15:36:00",1,0,{},6,34,2,4,0,4,40,6,34,2,4,0,4,40
64,dublin,"SANDWITH STREET","Sandwith Street",53.3452,-6.24716,0,0,OPEN,"2025-02-22 15:46:06",1,0,{},5,35,2,3,0,3,40,5,35,2,3,0,3,40
64,dublin,"SANDWITH STREET","Sandwith Street",53.3452,-6.24716,0,0,OPEN,"2025-02-22 15:56:12",1,0,{},6,34,3,3,0,3,40,6,34,3,3,0,3,40
64,dublin,"SANDWITH STREET","Sandwith Street",53.3452,-6.24716,0,0,OPEN,"2025-02-22 16:00:36",1,0,{},6,34,2,4,0,4,40,6,34,2,4,0,4,40
64,dublin,"SANDWITH STREET","Sandwith Street",53.3452,-6.24716,0,0,OPEN,"2025-02-22 16:06:20",1,0,{},6,34,2,4,0,4,40,6,34,2,4,0,4,40
64,dublin,"SANDWITH STREET","Sandwith Street",53.3452,-6.24716,0,0,OPEN,"2025-02-22 16:16:25",1,0,{},6,34,2,4,0,4,40,6,34,2,4,0,4,40
64,dublin,"SANDWITH STREET","Sandwith Street",53.3452,-6.24716,0,0,OPEN,"2025-02-22 16:26:32",1,0,{},5,35,1,4,0,4,40,5,35,1,4,0,4,40
64,dublin,"SANDWITH STREET","Sandwith Street",53.3452,-6.24716,0,0,OPEN,"2025-02-22 16:31:55",1,0,{},4,36,1,3,0,3,40,4,36,1,3,0,3,40
64,dublin,"SANDWITH STREET","Sandwith Street",53.3452,-6.24716,0,0,OPEN,"2025-02-22 16:36:39",1,0,{},4,36,1,3,0,3,40,4,36,1,3,0,3,40
64,dublin,"SANDWITH STREET","Sandwith Street",53.3452,-6.24716,0,0,OPEN,"2025-02-22 16:42:22",1,0,{},3,37,1,2,0,2,40,3,37,1,2,0,2,40
64,dublin,"SANDWITH STREET","Sandwith Street",53.3452,-6.24716,0,0,OPEN,"2025-02-22 16:46:46",1,0,{},3,37,1,2,0,2,40,3,37,1,2,0,2,40
64,dublin,"SANDWITH STREET","Sandwith Street",53.3452,-6.24716,0,0,OPEN,"2025-02-22 16:56:51",1,0,{},3,37,1,2,0,2,40,3,37,1,2,0,2,40
64,dublin,"SANDWITH STREET","Sandwith Street",53.3452,-6.24716,0,0,OPEN,"2025-02-22 17:06:56",1,0,{},3,37,1,2,0,2,40,3,37,1,2,0,2,40
64,dublin,"SANDWITH STREET","Sandwith Street",53.3452,-6.24716,0,0,OPEN,"2025-02-22 17:09:13",1,0,{},4,36,2,2,0,2,40,4,36,2,2,0,2,40
64,dublin,"SANDWITH STREET","Sandwith Street",53.3452,-6.24716,0,0,OPEN,"2025-02-22 17:17:02",1,0,{},4,36,2,2,0,2,40,4,36,2,2,0,2,40
64,dublin,"SANDWITH STREET","Sandwith Street",53.3452,-6.24716,0,0,OPEN,"2025-02-22 17:23:03",1,0,{},4,36,2,2,0,2,40,4,36,2,2,0,2,40
64,dublin,"SANDWITH STREET","Sandwith Street",53.3452,-6.24716,0,0,OPEN,"2025-02-22 17:27:09",1,0,{},4,36,2,2,0,2,40,4,36,2,2,0,2,40
64,dublin,"SANDWITH STREET","Sandwith Street",53.3452,-6.24716,0,0,OPEN,"2025-02-22 17:37:14",1,0,{},4,36,2,2,0,2,40,4,36,2,2,0,2,40
64,dublin,"SANDWITH STREET","Sandwith Street",53.3452,-6.24716,0,0,OPEN,"2025-02-22 17:47:20",1,0,{},4,36,2,2,0,2,40,4,36,2,2,0,2,40
64,dublin,"SANDWITH STREET","Sandwith Street",53.3452,-6.24716,0,0,OPEN,"2025-02-22 17:57:25",1,0,{},4,36,2,2,0,2,40,4,36,2,2,0,2,40
64,dublin,"SANDWITH STREET","Sandwith Street",53.3452,-6.24716,0,0,OPEN,"2025-02-22 18:00:48",1,0,{},5,35,3,2,0,2,40,5,35,3,2,0,2,40
64,dublin,"SANDWITH STREET","Sandwith Street",53.3452,-6.24716,0,0,OPEN,"2025-02-22 18:07:31",1,0,{},5,35,3,2,0,2,40,5,35,3,2,0,2,40
64,dublin,"SANDWITH STREET","Sandwith Street",53.3452,-6.24716,0,0,OPEN,"2025-02-22 18:17:57",1,0,{},5,35,3,2,0,2,40,5,35,3,2,0,2,40
64,dublin,"SANDWITH STREET","Sandwith Street",53.3452,-6.24716,0,0,OPEN,"2025-02-22 18:18:40",1,0,{},6,34,4,2,0,2,40,6,34,4,2,0,2,40
64,dublin,"SANDWITH STREET","Sandwith Street",53.3452,-6.24716,0,0,OPEN,"2025-02-22 18:27:43",1,0,{},6,34,4,2,0,2,40,6,34,4,2,0,2,40
64,dublin,"SANDWITH STREET","Sandwith Street",53.3452,-6.24716,0,0,OPEN,"2025-02-22 18:28:37",1,0,{},5,35,3,2,0,2,40,5,35,3,2,0,2,40
64,dublin,"SANDWITH STREET","Sandwith Street",53.3452,-6.24716,0,0,OPEN,"2025-02-22 18:37:50",1,0,{},5,35,3,2,0,2,40,5,35,3,2,0,2,40
64,dublin,"SANDWITH STREET","Sandwith Street",53.3452,-6.24716,0,0,OPEN,"2025-02-22 18:47:57",1,0,{},4,36,2,2,0,2,40,4,36,2,2,0,2,40
64,dublin,"SANDWITH STREET","Sandwith Street",53.3452,-6.24716,0,0,OPEN,"2025-02-22 18:58:02",1,0,{},4,36,2,2,0,2,40,4,36,2,2,0,2,40
64,dublin,"SANDWITH STREET","Sandwith Street",53.3452,-6.24716,0,0,OPEN,"2025-02-22 19:08:09",1,0,{},4,36,2,2,0,2,40,4,36,2,2,0,2,40
64,dublin,"SANDWITH STREET","Sandwith Street",53.3452,-6.24716,0,0,OPEN,"2025-02-22 19:18:15",1,0,{},3,37,1,2,0,2,40,3,37,1,2,0,2,40
64,dublin,"SANDWITH STREET","Sandwith Street",53.3452,-6.24716,0,0,OPEN,"2025-02-22 19:21:37",1,0,{},4,36,2,2,0,2,40,4,36,2,2,0,2,40
64,dublin,"SANDWITH STREET","Sandwith Street",53.3452,-6.24716,0,0,OPEN,"2025-02-22 19:28:21",1,0,{},4,36,2,2,0,2,40,4,36,2,2,0,2,40
64,dublin,"SANDWITH STREET","Sandwith Street",53.3452,-6.24716,0,0,OPEN,"2025-02-22 19:38:26",1,0,{},4,36,2,2,0,2,40,4,36,2,2,0,2,40
64,dublin,"SANDWITH STREET","Sandwith Street",53.3452,-6.24716,0,0,OPEN,"2025-02-22 19:48:32",1,0,{},4,36,2,2,0,2,40,4,36,2,2,0,2,40
64,dublin,"SANDWITH STREET","Sandwith Street",53.3452,-6.24716,0,0,OPEN,"2025-02-22 19:58:37",1,0,{},4,36,2,2,0,2,40,4,36,2,2,0,2,40
64,dublin,"SANDWITH STREET","Sandwith Street",53.3452,-6.24716,0,0,OPEN,"2025-02-22 20:08:43",1,0,{},4,36,2,2,0,2,40,4,36,2,2,0,2,40
64,dublin,"SANDWITH STREET","Sandwith Street",53.3452,-6.24716,0,0,OPEN,"2025-02-22 20:18:48",1,0,{},4,36,2,2,0,2,40,4,36,2,2,0,2,40
64,dublin,"SANDWITH STREET","Sandwith Street",53.3452,-6.24716,0,0,OPEN,"2025-02-22 20:28:52",1,0,{},4,36,2,2,0,2,40,4,36,2,2,0,2,40
64,dublin,"SANDWITH STREET","Sandwith Street",53.3452,-6.24716,0,0,OPEN,"2025-02-22 20:38:58",1,0,{},4,36,2,2,0,2,40,4,36,2,2,0,2,40
64,dublin,"SANDWITH STREET","Sandwith Street",53.3452,-6.24716,0,0,OPEN,"2025-02-22 20:49:04",1,0,{},5,35,3,2,0,2,40,5,35,3,2,0,2,40
64,dublin,"SANDWITH STREET","Sandwith Street",53.3452,-6.24716,0,0,OPEN,"2025-02-22 20:59:09",1,0,{},5,35,3,2,0,2,40,5,35,3,2,0,2,40
64,dublin,"SANDWITH STREET","Sandwith Street",53.3452,-6.24716,0,0,OPEN,"2025-02-22 21:09:15",1,0,{},5,35,3,2,0,2,40,5,35,3,2,0,2,40
64,dublin,"SANDWITH STREET","Sandwith Street",53.3452,-6.24716,0,0,OPEN,"2025-02-22 21:13:30",1,0,{},6,34,4,2,0,2,40,6,34,4,2,0,2,40
64,dublin,"SANDWITH STREET","Sandwith Street",53.3452,-6.24716,0,0,OPEN,"2025-02-22 21:19:21",1,0,{},6,34,4,2,0,2,40,6,34,4,2,0,2,40
64,dublin,"SANDWITH STREET","Sandwith Street",53.3452,-6.24716,0,0,OPEN,"2025-02-22 21:29:25",1,0,{},6,34,4,2,0,2,40,6,34,4,2,0,2,40
64,dublin,"SANDWITH STREET","Sandwith Street",53.3452,-6.24716,0,0,OPEN,"2025-02-22 21:39:31",1,0,{},6,34,4,2,0,2,40,6,34,4,2,0,2,40
64,dublin,"SANDWITH STREET","Sandwith Street",53.3452,-6.24716,0,0,OPEN,"2025-02-22 21:49:14",1,0,{},12,28,8,4,0,4,40,12,28,8,4,0,4,40
64,dublin,"SANDWITH STREET","Sandwith Street",53.3452,-6.24716,0,0,OPEN,"2025-02-22 21:49:37",1,0,{},12,28,8,4,0,4,40,12,28,8,4,0,4,40
64,dublin,"SANDWITH STREET","Sandwith Street",53.3452,-6.24716,0,0,OPEN,"2025-02-22 21:59:42",1,0,{},12,28,8,4,0,4,40,12,28,8,4,0,4,40
64,dublin,"SANDWITH STREET","Sandwith Street",53.3452,-6.24716,0,0,OPEN,"2025-02-22 22:09:48",1,0,{},12,28,8,4,0,4,40,12,28,8,4,0,4,40
65,dublin,"CONVENTION CENTRE","Convention Centre",53.3474,-6.23852,0,0,OPEN,"2025-02-22 02:53:55",1,0,{},4,36,3,1,0,1,40,4,36,3,1,0,1,40
65,dublin,"CONVENTION CENTRE","Convention Centre",53.3474,-6.23852,0,0,OPEN,"2025-02-22 03:14:06",1,0,{},4,36,3,1,0,1,40,4,36,3,1,0,1,40
65,dublin,"CONVENTION CENTRE","Convention Centre",53.3474,-6.23852,0,0,OPEN,"2025-02-22 10:13:21",1,0,{},1,39,0,1,0,1,40,1,39,0,1,0,1,40
65,dublin,"CONVENTION CENTRE","Convention Centre",53.3474,-6.23852,0,0,OPEN,"2025-02-22 10:23:00",1,0,{},0,40,0,0,0,0,40,0,40,0,0,0,0,40
65,dublin,"CONVENTION CENTRE","Convention Centre",53.3474,-6.23852,0,0,OPEN,"2025-02-22 10:32:22",1,0,{},0,40,0,0,0,0,40,0,40,0,0,0,0,40
65,dublin,"CONVENTION CENTRE","Convention Centre",53.3474,-6.23852,0,0,OPEN,"2025-02-22 10:42:25",1,0,{},0,40,0,0,0,0,40,0,40,0,0,0,0,40
65,dublin,"CONVENTION CENTRE","Convention Centre",53.3474,-6.23852,0,0,OPEN,"2025-02-22 10:52:28",1,0,{},0,40,0,0,0,0,40,0,40,0,0,0,0,40
65,dublin,"CONVENTION CENTRE","Convention Centre",53.3474,-6.23852,0,0,OPEN,"2025-02-22 11:02:31",1,0,{},0,40,0,0,0,0,40,0,40,0,0,0,0,40
65,dublin,"CONVENTION CENTRE","Convention Centre",53.3474,-6.23852,0,0,OPEN,"2025-02-22 11:12:34",1,0,{},0,40,0,0,0,0,40,0,40,0,0,0,0,40
65,dublin,"CONVENTION CENTRE","Convention Centre",53.3474,-6.23852,0,0,OPEN,"2025-02-22 11:22:37",1,0,{},0,40,0,0,0,0,40,0,40,0,0,0,0,40
65,dublin,"CONVENTION CENTRE","Convention Centre",53.3474,-6.23852,0,0,OPEN,"2025-02-22 11:32:40",1,0,{},0,40,0,0,0,0,40,0,40,0,0,0,0,40
65,dublin,"CONVENTION CENTRE","Convention Centre",53.3474,-6.23852,0,0,OPEN,"2025-02-22 11:42:43",1,0,{},0,40,0,0,0,0,40,0,40,0,0,0,0,40
65,dublin,"CONVENTION CENTRE","Convention Centre",53.3474,-6.23852,0,0,OPEN,"2025-02-22 11:52:46",1,0,{},0,40,0,0,0,0,40,0,40,0,0,0,0,40
65,dublin,"CONVENTION CENTRE","Convention Centre",53.3474,-6.23852,0,0,OPEN,"2025-02-22 12:03:23",1,0,{},1,39,1,0,0,0,40,1,39,1,0,0,0,40
65,dublin,"CONVENTION CENTRE","Convention Centre",53.3474,-6.23852,0,0,OPEN,"2025-02-22 12:12:52",1,0,{},1,39,1,0,0,0,40,1,39,1,0,0,0,40
65,dublin,"CONVENTION CENTRE","Convention Centre",53.3474,-6.23852,0,0,OPEN,"2025-02-22 12:22:55",1,0,{},1,39,1,0,0,0,40,1,39,1,0,0,0,40
65,dublin,"CONVENTION CENTRE","Convention Centre",53.3474,-6.23852,0,0,OPEN,"2025-02-22 12:32:59",1,0,{},0,40,0,0,0,0,40,0,40,0,0,0,0,40
65,dublin,"CONVENTION CENTRE","Convention Centre",53.3474,-6.23852,0,0,OPEN,"2025-02-22 12:43:02",1,0,{},1,39,1,0,0,0,40,1,39,1,0,0,0,40
65,dublin,"CONVENTION CENTRE","Convention Centre",53.3474,-6.23852,0,0,OPEN,"2025-02-22 12:53:05",1,0,{},1,39,1,0,0,0,40,1,39,1,0,0,0,40
65,dublin,"CONVENTION CENTRE","Convention Centre",53.3474,-6.23852,0,0,OPEN,"2025-02-22 12:55:45",1,0,{},0,40,0,0,0,0,40,0,40,0,0,0,0,40
65,dublin,"CONVENTION CENTRE","Convention Centre",53.3474,-6.23852,0,0,OPEN,"2025-02-22 13:03:09",1,0,{},0,40,0,0,0,0,40,0,40,0,0,0,0,40
65,dublin,"CONVENTION CENTRE","Convention Centre",53.3474,-6.23852,0,0,OPEN,"2025-02-22 13:13:12",1,0,{},0,40,0,0,0,0,40,0,40,0,0,0,0,40
65,dublin,"CONVENTION CENTRE","Convention Centre",53.3474,-6.23852,0,0,OPEN,"2025-02-22 13:23:15",1,0,{},0,40,0,0,0,0,40,0,40,0,0,0,0,40
65,dublin,"CONVENTION CENTRE","Convention Centre",53.3474,-6.23852,0,0,OPEN,"2025-02-22 13:33:18",1,0,{},2,38,0,2,0,2,40,2,38,0,2,0,2,40
65,dublin,"CONVENTION CENTRE","Convention Centre",53.3474,-6.23852,0,0,OPEN,"2025-02-22 13:37:22",1,0,{},1,39,0,1,0,1,40,1,39,0,1,0,1,40
65,dublin,"CONVENTION CENTRE","Convention Centre",53.3474,-6.23852,0,0,OPEN,"2025-02-22 13:43:23",1,0,{},1,39,0,1,0,1,40,1,39,0,1,0,1,40
65,dublin,"CONVENTION CENTRE","Convention Centre",53.3474,-6.23852,0,0,OPEN,"2025-02-22 13:53:27",1,0,{},0,40,0,0,0,0,40,0,40,0,0,0,0,40
65,dublin,"CONVENTION CENTRE","Convention Centre",53.3474,-6.23852,0,0,OPEN,"2025-02-22 13:56:15",1,0,{},1,39,1,0,0,0,40,1,39,1,0,0,0,40
65,dublin,"CONVENTION CENTRE","Convention Centre",53.3474,-6.23852,0,0,OPEN,"2025-02-22 14:03:30",1,0,{},1,39,1,0,0,0,40,1,39,1,0,0,0,40
65,dublin,"CONVENTION CENTRE","Convention Centre",53.3474,-6.23852,0,0,OPEN,"2025-02-22 14:13:33",1,0,{},0,40,0,0,0,0,40,0,40,0,0,0,0,40
65,dublin,"CONVENTION CENTRE","Convention Centre",53.3474,-6.23852,0,0,OPEN,"2025-02-22 14:23:36",1,0,{},0,40,0,0,0,0,40,0,40,0,0,0,0,40
65,dublin,"CONVENTION CENTRE","Convention Centre",53.3474,-6.23852,0,0,OPEN,"2025-02-22 14:33:38",1,0,{},0,40,0,0,0,0,40,0,40,0,0,0,0,40
65,dublin,"CONVENTION CENTRE","Convention Centre",53.3474,-6.23852,0,0,OPEN,"2025-02-22 14:43:41",1,0,{},0,40,0,0,0,0,40,0,40,0,0,0,0,40
65,dublin,"CONVENTION CENTRE","Convention Centre",53.3474,-6.23852,0,0,OPEN,"2025-02-22 14:53:45",1,0,{},0,40,0,0,0,0,40,0,40,0,0,0,0,40
65,dublin,"CONVENTION CENTRE","Convention Centre",53.3474,-6.23852,0,0,OPEN,"2025-02-22 15:07:55",1,0,{},1,39,1,0,0,0,40,1,39,1,0,0,0,40
65,dublin,"CONVENTION CENTRE","Convention Centre",53.3474,-6.23852,0,0,OPEN,"2025-02-22 15:13:51",1,0,{},1,39,1,0,0,0,40,1,39,1,0,0,0,40
65,dublin,"CONVENTION CENTRE","Convention Centre",53.3474,-6.23852,0,0,OPEN,"2025-02-22 15:23:54",1,0,{},1,39,1,0,0,0,40,1,39,1,0,0,0,40
65,dublin,"CONVENTION CENTRE","Convention Centre",53.3474,-6.23852,0,0,OPEN,"2025-02-22 15:33:57",1,0,{},1,39,1,0,0,0,40,1,39,1,0,0,0,40
65,dublin,"CONVENTION CENTRE","Convention Centre",53.3474,-6.23852,0,0,OPEN,"2025-02-22 15:44:00",1,0,{},1,39,1,0,0,0,40,1,39,1,0,0,0,40
65,dublin,"CONVENTION CENTRE","Convention Centre",53.3474,-6.23852,0,0,OPEN,"2025-02-22 15:54:03",1,0,{},1,39,1,0,0,0,40,1,39,1,0,0,0,40
65,dublin,"CONVENTION CENTRE","Convention Centre",53.3474,-6.23852,0,0,OPEN,"2025-02-22 16:04:05",1,0,{},1,39,1,0,0,0,40,1,39,1,0,0,0,40
65,dublin,"CONVENTION CENTRE","Convention Centre",53.3474,-6.23852,0,0,OPEN,"2025-02-22 16:14:08",1,0,{},1,39,1,0,0,0,40,1,39,1,0,0,0,40
65,dublin,"CONVENTION CENTRE","Convention Centre",53.3474,-6.23852,0,0,OPEN,"2025-02-22 16:26:48",1,0,{},6,34,5,1,0,1,40,6,34,5,1,0,1,40
65,dublin,"CONVENTION CENTRE","Convention Centre",53.3474,-6.23852,0,0,OPEN,"2025-02-22 16:34:15",1,0,{},6,34,5,1,0,1,40,6,34,5,1,0,1,40
65,dublin,"CONVENTION CENTRE","Convention Centre",53.3474,-6.23852,0,0,OPEN,"2025-02-22 16:47:07",1,0,{},5,35,4,1,0,1,40,5,35,4,1,0,1,40
65,dublin,"CONVENTION CENTRE","Convention Centre",53.3474,-6.23852,0,0,OPEN,"2025-02-22 16:54:24",1,0,{},5,35,4,1,0,1,40,5,35,4,1,0,1,40
65,dublin,"CONVENTION CENTRE","Convention Centre",53.3474,-6.23852,0,0,OPEN,"2025-02-22 16:59:33",1,0,{},5,35,3,2,0,2,40,5,35,3,2,0,2,40
65,dublin,"CONVENTION CENTRE","Convention Centre",53.3474,-6.23852,0,0,OPEN,"2025-02-22 17:04:30",1,0,{},5,35,3,2,0,2,40,5,35,3,2,0,2,40
65,dublin,"CONVENTION CENTRE","Convention Centre",53.3474,-6.23852,0,0,OPEN,"2025-02-22 17:14:33",1,0,{},5,35,3,2,0,2,40,5,35,3,2,0,2,40
65,dublin,"CONVENTION CENTRE","Convention Centre",53.3474,-6.23852,0,0,OPEN,"2025-02-22 17:28:05",1,0,{},5,35,3,2,0,2,40,5,35,3,2,0,2,40
65,dublin,"CONVENTION CENTRE","Convention Centre",53.3474,-6.23852,0,0,OPEN,"2025-02-22 17:30:21",1,0,{},3,37,1,2,0,2,40,3,37,1,2,0,2,40
65,dublin,"CONVENTION CENTRE","Convention Centre",53.3474,-6.23852,0,0,OPEN,"2025-02-22 17:38:19",1,0,{},4,36,1,3,0,3,40,4,36,1,3,0,3,40
65,dublin,"CONVENTION CENTRE","Convention Centre",53.3474,-6.23852,0,0,OPEN,"2025-02-22 17:38:42",1,0,{},5,35,2,3,0,3,40,5,35,2,3,0,3,40
65,dublin,"CONVENTION CENTRE","Convention Centre",53.3474,-6.23852,0,0,OPEN,"2025-02-22 17:44:47",1,0,{},5,35,2,3,0,3,40,5,35,2,3,0,3,40
65,dublin,"CONVENTION CENTRE","Convention Centre",53.3474,-6.23852,0,0,OPEN,"2025-02-22 17:54:52",1,0,{},3,37,0,3,0,3,40,3,37,0,3,0,3,40
65,dublin,"CONVENTION CENTRE","Convention Centre",53.3474,-6.23852,0,0,OPEN,"2025-02-22 18:04:55",1,0,{},3,37,0,3,0,3,40,3,37,0,3,0,3,40
65,dublin,"CONVENTION CENTRE","Convention Centre",53.3474,-6.23852,0,0,OPEN,"2025-02-22 18:14:59",1,0,{},3,37,0,3,0,3,40,3,37,0,3,0,3,40
65,dublin,"CONVENTION CENTRE","Convention Centre",53.3474,-6.23852,0,0,OPEN,"2025-02-22 18:25:02",1,0,{},3,37,0,3,0,3,40,3,37,0,3,0,3,40
65,dublin,"CONVENTION CENTRE","Convention Centre",53.3474,-6.23852,0,0,OPEN,"2025-02-22 18:28:49",1,0,{},2,38,0,2,0,2,40,2,38,0,2,0,2,40
65,dublin,"CONVENTION CENTRE","Convention Centre",53.3474,-6.23852,0,0,OPEN,"2025-02-22 18:35:07",1,0,{},2,38,0,2,0,2,40,2,38,0,2,0,2,40
65,dublin,"CONVENTION CENTRE","Convention Centre",53.3474,-6.23852,0,0,OPEN,"2025-02-22 18:43:10",1,0,{},3,37,0,3,0,3,40,3,37,0,3,0,3,40
65,dublin,"CONVENTION CENTRE","Convention Centre",53.3474,-6.23852,0,0,OPEN,"2025-02-22 18:47:45",1,0,{},2,38,0,2,0,2,40,2,38,0,2,0,2,40
65,dublin,"CONVENTION CENTRE","Convention Centre",53.3474,-6.23852,0,0,OPEN,"2025-02-22 18:55:16",1,0,{},2,38,0,2,0,2,40,2,38,0,2,0,2,40
65,dublin,"CONVENTION CENTRE","Convention Centre",53.3474,-6.23852,0,0,OPEN,"2025-02-22 19:09:13",1,0,{},3,37,1,2,0,2,40,3,37,1,2,0,2,40
65,dublin,"CONVENTION CENTRE","Convention Centre",53.3474,-6.23852,0,0,OPEN,"2025-02-22 19:15:26",1,0,{},3,37,1,2,0,2,40,3,37,1,2,0,2,40
65,dublin,"CONVENTION CENTRE","Convention Centre",53.3474,-6.23852,0,0,OPEN,"2025-02-22 19:25:29",1,0,{},3,37,1,2,0,2,40,3,37,1,2,0,2,40
65,dublin,"CONVENTION CENTRE","Convention Centre",53.3474,-6.23852,0,0,OPEN,"2025-02-22 19:35:32",1,0,{},3,37,1,2,0,2,40,3,37,1,2,0,2,40
65,dublin,"CONVENTION CENTRE","Convention Centre",53.3474,-6.23852,0,0,OPEN,"2025-02-22 19:39:57",1,0,{},2,38,1,1,0,1,40,2,38,1,1,0,1,40
65,dublin,"CONVENTION CENTRE","Convention Centre",53.3474,-6.23852,0,0,OPEN,"2025-02-22 19:45:37",1,0,{},2,38,1,1,0,1,40,2,38,1,1,0,1,40
65,dublin,"CONVENTION CENTRE","Convention Centre",53.3474,-6.23852,0,0,OPEN,"2025-02-22 19:55:40",1,0,{},2,38,1,1,0,1,40,2,38,1,1,0,1,40
65,dublin,"CONVENTION CENTRE","Convention Centre",53.3474,-6.23852,0,0,OPEN,"2025-02-22 20:03:39",1,0,{},3,37,2,1,0,1,40,3,37,2,1,0,1,40
65,dublin,"CONVENTION CENTRE","Convention Centre",53.3474,-6.23852,0,0,OPEN,"2025-02-22 20:05:44",1,0,{},3,37,2,1,0,1,40,3,37,2,1,0,1,40
65,dublin,"CONVENTION CENTRE","Convention Centre",53.3474,-6.23852,0,0,OPEN,"2025-02-22 20:15:47",1,0,{},3,37,2,1,0,1,40,3,37,2,1,0,1,40
65,dublin,"CONVENTION CENTRE","Convention Centre",53.3474,-6.23852,0,0,OPEN,"2025-02-22 20:25:50",1,0,{},3,37,2,1,0,1,40,3,37,2,1,0,1,40
65,dublin,"CONVENTION CENTRE","Convention Centre",53.3474,-6.23852,0,0,OPEN,"2025-02-22 20:35:53",1,0,{},3,37,2,1,0,1,40,3,37,2,1,0,1,40
65,dublin,"CONVENTION CENTRE","Convention Centre",53.3474,-6.23852,0,0,OPEN,"2025-02-22 20:40:00",1,0,{},2,38,1,1,0,1,40,2,38,1,1,0,1,40
65,dublin,"CONVENTION CENTRE","Convention Centre",53.3474,-6.23852,0,0,OPEN,"2025-02-22 20:45:59",1,0,{},2,38,1,1,0,1,40,2,38,1,1,0,1,40
65,dublin,"CONVENTION CENTRE","Convention Centre",53.3474,-6.23852,0,0,OPEN,"2025-02-22 20:51:10",1,0,{},3,37,1,2,0,2,40,3,37,1,2,0,2,40
65,dublin,"CONVENTION CENTRE","Convention Centre",53.3474,-6.23852,0,0,OPEN,"2025-02-22 20:56:47",1,0,{},4,36,2,2,0,2,40,4,36,2,2,0,2,40
65,dublin,"CONVENTION CENTRE","Convention Centre",53.3474,-6.23852,0,0,OPEN,"2025-02-22 21:06:07",1,0,{},4,36,2,2,0,2,40,4,36,2,2,0,2,40
65,dublin,"CONVENTION CENTRE","Convention Centre",53.3474,-6.23852,0,0,OPEN,"2025-02-22 21:16:53",1,0,{},4,36,2,2,0,2,40,4,36,2,2,0,2,40
65,dublin,"CONVENTION CENTRE","Convention Centre",53.3474,-6.23852,0,0,OPEN,"2025-02-22 21:26:14",1,0,{},4,36,2,2,0,2,40,4,36,2,2,0,2,40
65,dublin,"CONVENTION CENTRE","Convention Centre",53.3474,-6.23852,0,0,OPEN,"2025-02-22 21:36:17",1,0,{},4,36,2,2,0,2,40,4,36,2,2,0,2,40
65,dublin,"CONVENTION CENTRE","Convention Centre",53.3474,-6.23852,0,0,OPEN,"2025-02-22 21:46:22",1,0,{},3,37,1,2,0,2,40,3,37,1,2,0,2,40
65,dublin,"CONVENTION CENTRE","Convention Centre",53.3474,-6.23852,0,0,OPEN,"2025-02-22 21:56:25",1,0,{},3,37,1,2,0,2,40,3,37,1,2,0,2,40
65,dublin,"CONVENTION CENTRE","Convention Centre",53.3474,-6.23852,0,0,OPEN,"2025-02-22 22:06:28",1,0,{},3,37,1,2,0,2,40,3,37,1,2,0,2,40
65,dublin,"CONVENTION CENTRE","Convention Centre",53.3474,-6.23852,0,0,OPEN,"2025-02-22 22:16:32",1,0,{},3,37,1,2,0,2,40,3,37,1,2,0,2,40
66,dublin,"NEW CENTRAL BANK","New Central Bank",53.3471,-6.23475,0,0,OPEN,"2025-02-22 02:57:20",1,0,{},13,27,11,2,0,2,40,13,27,11,2,0,2,40
66,dublin,"NEW CENTRAL BANK","New Central Bank",53.3471,-6.23475,0,0,OPEN,"2025-02-22 03:07:24",1,0,{},13,27,11,2,0,2,40,13,27,11,2,0,2,40
66,dublin,"NEW CENTRAL BANK","New Central Bank",53.3471,-6.23475,0,0,OPEN,"2025-02-22 03:15:29",1,0,{},13,27,11,2,0,2,40,13,27,11,2,0,2,40
66,dublin,"NEW CENTRAL BANK","New Central Bank",53.3471,-6.23475,0,0,OPEN,"2025-02-22 03:16:31",1,0,{},13,27,11,2,0,2,40,13,27,11,2,0,2,40
66,dublin,"NEW CENTRAL BANK","New Central Bank",53.3471,-6.23475,0,0,OPEN,"2025-02-22 10:09:50",1,0,{},13,27,11,2,0,2,40,13,27,11,2,0,2,40
66,dublin,"NEW CENTRAL BANK","New Central Bank",53.3471,-6.23475,0,0,OPEN,"2025-02-22 10:18:01",1,0,{},13,27,11,2,0,2,40,13,27,11,2,0,2,40
66,dublin,"NEW CENTRAL BANK","New Central Bank",53.3471,-6.23475,0,0,OPEN,"2025-02-22 10:21:01",1,0,{},15,25,11,4,0,4,40,15,25,11,4,0,4,40
66,dublin,"NEW CENTRAL BANK","New Central Bank",53.3471,-6.23475,0,0,OPEN,"2025-02-22 10:28:05",1,0,{},15,25,11,4,0,4,40,15,25,11,4,0,4,40
66,dublin,"NEW CENTRAL BANK","New Central Bank",53.3471,-6.23475,0,0,OPEN,"2025-02-22 10:31:18",1,0,{},14,26,10,4,0,4,40,14,26,10,4,0,4,40
66,dublin,"NEW CENTRAL BANK","New Central Bank",53.3471,-6.23475,0,0,OPEN,"2025-02-22 10:38:10",1,0,{},14,26,10,4,0,4,40,14,26,10,4,0,4,40
66,dublin,"NEW CENTRAL BANK","New Central Bank",53.3471,-6.23475,0,0,OPEN,"2025-02-22 10:41:13",1,0,{},13,27,9,4,0,4,40,13,27,9,4,0,4,40
66,dublin,"NEW CENTRAL BANK","New Central Bank",53.3471,-6.23475,0,0,OPEN,"2025-02-22 10:48:16",1,0,{},13,27,9,4,0,4,40,13,27,9,4,0,4,40
66,dublin,"NEW CENTRAL BANK","New Central Bank",53.3471,-6.23475,0,0,OPEN,"2025-02-22 10:53:09",1,0,{},11,29,8,3,0,3,40,11,29,8,3,0,3,40
66,dublin,"NEW CENTRAL BANK","New Central Bank",53.3471,-6.23475,0,0,OPEN,"2025-02-22 10:58:25",1,0,{},10,30,7,3,0,3,40,10,30,7,3,0,3,40
66,dublin,"NEW CENTRAL BANK","New Central Bank",53.3471,-6.23475,0,0,OPEN,"2025-02-22 11:08:30",1,0,{},9,31,7,2,0,2,40,9,31,7,2,0,2,40
66,dublin,"NEW CENTRAL BANK","New Central Bank",53.3471,-6.23475,0,0,OPEN,"2025-02-22 11:18:20",1,0,{},9,31,6,3,0,3,40,9,31,6,3,0,3,40
66,dublin,"NEW CENTRAL BANK","New Central Bank",53.3471,-6.23475,0,0,OPEN,"2025-02-22 11:21:45",1,0,{},8,32,6,2,0,2,40,8,32,6,2,0,2,40
66,dublin,"NEW CENTRAL BANK","New Central Bank",53.3471,-6.23475,0,0,OPEN,"2025-02-22 11:28:42",1,0,{},8,32,6,2,0,2,40,8,32,6,2,0,2,40
66,dublin,"NEW CENTRAL BANK","New Central Bank",53.3471,-6.23475,0,0,OPEN,"2025-02-22 11:38:14",1,0,{},8,32,6,2,0,2,40,8,32,6,2,0,2,40
66,dublin,"NEW CENTRAL BANK","New Central Bank",53.3471,-6.23475,0,0,OPEN,"2025-02-22 11:38:46",1,0,{},9,31,7,2,0,2,40,9,31,7,2,0,2,40
66,dublin,"NEW CENTRAL BANK","New Central Bank",53.3471,-6.23475,0,0,OPEN,"2025-02-22 11:51:34",1,0,{},5,35,3,2,0,2,40,5,35,3,2,0,2,40
66,dublin,"NEW CENTRAL BANK","New Central Bank",53.3471,-6.23475,0,0,OPEN,"2025-02-22 12:03:29",1,0,{},3,37,2,1,0,1,40,3,37,2,1,0,1,40
66,dublin,"NEW CENTRAL BANK","New Central Bank",53.3471,-6.23475,0,0,OPEN,"2025-02-22 12:09:03",1,0,{},3,37,2,1,0,1,40,3,37,2,1,0,1,40
66,dublin,"NEW CENTRAL BANK","New Central Bank",53.3471,-6.23475,0,0,OPEN,"2025-02-22 12:22:05",1,0,{},3,37,2,1,0,1,40,3,37,2,1,0,1,40
66,dublin,"NEW CENTRAL BANK","New Central Bank",53.3471,-6.23475,0,0,OPEN,"2025-02-22 12:26:18",1,0,{},3,37,2,1,0,1,40,3,37,2,1,0,1,40
66,dublin,"NEW CENTRAL BANK","New Central Bank",53.3471,-6.23475,0,0,OPEN,"2025-02-22 12:29:12",1,0,{},3,37,2,1,0,1,40,3,37,2,1,0,1,40
66,dublin,"NEW CENTRAL BANK","New Central Bank",53.3471,-6.23475,0,0,OPEN,"2025-02-22 12:38:24",1,0,{},4,36,2,2,0,2,40,4,36,2,2,0,2,40
66,dublin,"NEW CENTRAL BANK","New Central Bank",53.3471,-6.23475,0,0,OPEN,"2025-02-22 12:43:03",1,0,{},3,37,1,2,0,2,40,3,37,1,2,0,2,40
66,dublin,"NEW CENTRAL BANK","New Central Bank",53.3471,-6.23475,0,0,OPEN,"2025-02-22 12:52:05",1,0,{},3,37,1,2,0,2,40,3,37,1,2,0,2,40
66,dublin,"NEW CENTRAL BANK","New Central Bank",53.3471,-6.23475,0,0,OPEN,"2025-02-22 12:59:24",1,0,{},3,37,1,2,0,2,40,3,37,1,2,0,2,40
66,dublin,"NEW CENTRAL BANK","New Central Bank",53.3471,-6.23475,0,0,OPEN,"2025-02-22 13:09:27",1,0,{},3,37,1,2,0,2,40,3,37,1,2,0,2,40
66,dublin,"NEW CENTRAL BANK","New Central Bank",53.3471,-6.23475,0,0,OPEN,"2025-02-22 13:17:11",1,0,{},3,37,1,2,0,2,40,3,37,1,2,0,2,40
66,dublin,"NEW CENTRAL BANK","New Central Bank",53.3471,-6.23475,0,0,OPEN,"2025-02-22 13:19:34",1,0,{},2,38,0,2,0,2,40,2,38,0,2,0,2,40
66,dublin,"NEW CENTRAL BANK","New Central Bank",53.3471,-6.23475,0,0,OPEN,"2025-02-22 13:29:37",1,0,{},2,38,0,2,0,2,40,2,38,0,2,0,2,40
66,dublin,"NEW CENTRAL BANK","New Central Bank",53.3471,-6.23475,0,0,OPEN,"2025-02-22 13:42:35",1,0,{},3,37,0,3,0,3,40,3,37,0,3,0,3,40
66,dublin,"NEW CENTRAL BANK","New Central Bank",53.3471,-6.23475,0,0,OPEN,"2025-02-22 13:43:48",1,0,{},2,38,0,2,0,2,40,2,38,0,2,0,2,40
66,dublin,"NEW CENTRAL BANK","New Central Bank",53.3471,-6.23475,0,0,OPEN,"2025-02-22 13:49:47",1,0,{},2,38,0,2,0,2,40,2,38,0,2,0,2,40
66,dublin,"NEW CENTRAL BANK","New Central Bank",53.3471,-6.23475,0,0,OPEN,"2025-02-22 13:57:57",1,0,{},2,38,0,2,0,2,40,2,38,0,2,0,2,40
66,dublin,"NEW CENTRAL BANK","New Central Bank",53.3471,-6.23475,0,0,OPEN,"2025-02-22 14:02:37",1,0,{},0,40,0,0,0,0,40,0,40,0,0,0,0,40
66,dublin,"NEW CENTRAL BANK","New Central Bank",53.3471,-6.23475,0,0,OPEN,"2025-02-22 14:09:59",1,0,{},0,40,0,0,0,0,40,0,40,0,0,0,0,40
66,dublin,"NEW CENTRAL BANK","New Central Bank",53.3471,-6.23475,0,0,OPEN,"2025-02-22 14:20:02",1,0,{},0,40,0,0,0,0,40,0,40,0,0,0,0,40
66,dublin,"NEW CENTRAL BANK","New Central Bank",53.3471,-6.23475,0,0,OPEN,"2025-02-22 14:30:05",1,0,{},0,40,0,0,0,0,40,0,40,0,0,0,0,40
66,dublin,"NEW CENTRAL BANK","New Central Bank",53.3471,-6.23475,0,0,OPEN,"2025-02-22 14:41:42",1,0,{},1,39,1,0,0,0,40,1,39,1,0,0,0,40
66,dublin,"NEW CENTRAL BANK","New Central Bank",53.3471,-6.23475,0,0,OPEN,"2025-02-22 14:48:12",1,0,{},13,27,8,5,0,5,40,13,27,8,5,0,5,40
66,dublin,"NEW CENTRAL BANK","New Central Bank",53.3471,-6.23475,0,0,OPEN,"2025-02-22 14:53:09",1,0,{},20,20,14,6,0,6,40,20,20,14,6,0,6,40
66,dublin,"NEW CENTRAL BANK","New Central Bank",53.3471,-6.23475,0,0,OPEN,"2025-02-22 14:55:19",1,0,{},19,21,13,6,0,6,40,19,21,13,6,0,6,40
66,dublin,"NEW CENTRAL BANK","New Central Bank",53.3471,-6.23475,0,0,OPEN,"2025-02-22 15:00:21",1,0,{},20,20,13,7,0,7,40,20,20,13,7,0,7,40
66,dublin,"NEW CENTRAL BANK","New Central Bank",53.3471,-6.23475,0,0,OPEN,"2025-02-22 15:10:25",1,0,{},19,21,12,7,0,7,40,19,21,12,7,0,7,40
66,dublin,"NEW CENTRAL BANK","New Central Bank",53.3471,-6.23475,0,0,OPEN,"2025-02-22 15:22:43",1,0,{},18,22,11,7,0,7,40,18,22,11,7,0,7,40
66,dublin,"NEW CENTRAL BANK","New Central Bank",53.3471,-6.23475,0,0,OPEN,"2025-02-22 15:30:34",1,0,{},18,22,11,7,0,7,40,18,22,11,7,0,7,40
66,dublin,"NEW CENTRAL BANK","New Central Bank",53.3471,-6.23475,0,0,OPEN,"2025-02-22 15:35:25",1,0,{},18,22,12,6,0,6,40,18,22,12,6,0,6,40
66,dublin,"NEW CENTRAL BANK","New Central Bank",53.3471,-6.23475,0,0,OPEN,"2025-02-22 15:40:38",1,0,{},18,22,12,6,0,6,40,18,22,12,6,0,6,40
66,dublin,"NEW CENTRAL BANK","New Central Bank",53.3471,-6.23475,0,0,OPEN,"2025-02-22 15:50:41",1,0,{},18,22,12,6,0,6,40,18,22,12,6,0,6,40
66,dublin,"NEW CENTRAL BANK","New Central Bank",53.3471,-6.23475,0,0,OPEN,"2025-02-22 16:00:44",1,0,{},18,22,12,6,0,6,40,18,22,12,6,0,6,40
66,dublin,"NEW CENTRAL BANK","New Central Bank",53.3471,-6.23475,0,0,OPEN,"2025-02-22 16:10:47",1,0,{},18,22,12,6,0,6,40,18,22,12,6,0,6,40
66,dublin,"NEW CENTRAL BANK","New Central Bank",53.3471,-6.23475,0,0,OPEN,"2025-02-22 16:14:00",1,0,{},19,21,12,7,0,7,40,19,21,12,7,0,7,40
66,dublin,"NEW CENTRAL BANK","New Central Bank",53.3471,-6.23475,0,0,OPEN,"2025-02-22 16:20:53",1,0,{},19,21,12,7,0,7,40,19,21,12,7,0,7,40
66,dublin,"NEW CENTRAL BANK","New Central Bank",53.3471,-6.23475,0,0,OPEN,"2025-02-22 16:32:15",1,0,{},19,21,12,7,0,7,40,19,21,12,7,0,7,40
66,dublin,"NEW CENTRAL BANK","New Central Bank",53.3471,-6.23475,0,0,OPEN,"2025-02-22 16:41:02",1,0,{},19,21,12,7,0,7,40,19,21,12,7,0,7,40
66,dublin,"NEW CENTRAL BANK","New Central Bank",53.3471,-6.23475,0,0,OPEN,"2025-02-22 16:51:06",1,0,{},19,21,12,7,0,7,40,19,21,12,7,0,7,40
66,dublin,"NEW CENTRAL BANK","New Central Bank",53.3471,-6.23475,0,0,OPEN,"2025-02-22 16:55:10",1,0,{},20,20,13,7,0,7,40,20,20,13,7,0,7,40
66,dublin,"NEW CENTRAL BANK","New Central Bank",53.3471,-6.23475,0,0,OPEN,"2025-02-22 17:02:52",1,0,{},21,19,14,7,0,7,40,21,19,14,7,0,7,40
66,dublin,"NEW CENTRAL BANK","New Central Bank",53.3471,-6.23475,0,0,OPEN,"2025-02-22 17:04:10",1,0,{},20,20,14,6,0,6,40,20,20,14,6,0,6,40
66,dublin,"NEW CENTRAL BANK","New Central Bank",53.3471,-6.23475,0,0,OPEN,"2025-02-22 17:11:16",1,0,{},19,21,13,6,0,6,40,19,21,13,6,0,6,40
66,dublin,"NEW CENTRAL BANK","New Central Bank",53.3471,-6.23475,0,0,OPEN,"2025-02-22 17:21:19",1,0,{},19,21,13,6,0,6,40,19,21,13,6,0,6,40
66,dublin,"NEW CENTRAL BANK","New Central Bank",53.3471,-6.23475,0,0,OPEN,"2025-02-22 17:24:56",1,0,{},18,22,12,6,0,6,40,18,22,12,6,0,6,40
66,dublin,"NEW CENTRAL BANK","New Central Bank",53.3471,-6.23475,0,0,OPEN,"2025-02-22 17:31:26",1,0,{},17,23,12,5,0,5,40,17,23,12,5,0,5,40
66,dublin,"NEW CENTRAL BANK","New Central Bank",53.3471,-6.23475,0,0,OPEN,"2025-02-22 17:42:18",1,0,{},18,22,13,5,0,5,40,18,22,13,5,0,5,40
66,dublin,"NEW CENTRAL BANK","New Central Bank",53.3471,-6.23475,0,0,OPEN,"2025-02-22 17:46:28",1,0,{},20,20,13,7,0,7,40,20,20,13,7,0,7,40
66,dublin,"NEW CENTRAL BANK","New Central Bank",53.3471,-6.23475,0,0,OPEN,"2025-02-22 17:51:34",1,0,{},19,21,12,7,0,7,40,19,21,12,7,0,7,40
66,dublin,"NEW CENTRAL BANK","New Central Bank",53.3471,-6.23475,0,0,OPEN,"2025-02-22 17:58:03",1,0,{},21,19,13,8,0,8,40,21,19,13,8,0,8,40
66,dublin,"NEW CENTRAL BANK","New Central Bank",53.3471,-6.23475,0,0,OPEN,"2025-02-22 18:01:39",1,0,{},22,18,14,8,0,8,40,22,18,14,8,0,8,40
66,dublin,"NEW CENTRAL BANK","New Central Bank",53.3471,-6.23475,0,0,OPEN,"2025-02-22 18:12:13",1,0,{},19,21,11,8,0,8,40,19,21,11,8,0,8,40
66,dublin,"NEW CENTRAL BANK","New Central Bank",53.3471,-6.23475,0,0,OPEN,"2025-02-22 18:23:24",1,0,{},19,21,11,8,0,8,40,19,21,11,8,0,8,40
66,dublin,"NEW CENTRAL BANK","New Central Bank",53.3471,-6.23475,0,0,OPEN,"2025-02-22 18:31:55",1,0,{},21,19,13,8,0,8,40,21,19,13,8,0,8,40
66,dublin,"NEW CENTRAL BANK","New Central Bank",53.3471,-6.23475,0,0,OPEN,"2025-02-22 18:35:03",1,0,{},22,18,14,8,0,8,40,22,18,14,8,0,8,40
66,dublin,"NEW CENTRAL BANK","New Central Bank",53.3471,-6.23475,0,0,OPEN,"2025-02-22 18:41:59",1,0,{},22,18,14,8,0,8,40,22,18,14,8,0,8,40
66,dublin,"NEW CENTRAL BANK","New Central Bank",53.3471,-6.23475,0,0,OPEN,"2025-02-22 18:52:02",1,0,{},22,18,14,8,0,8,40,22,18,14,8,0,8,40
66,dublin,"NEW CENTRAL BANK","New Central Bank",53.3471,-6.23475,0,0,OPEN,"2025-02-22 19:02:06",1,0,{},22,18,14,8,0,8,40,22,18,14,8,0,8,40
66,dublin,"NEW CENTRAL BANK","New Central Bank",53.3471,-6.23475,0,0,OPEN,"2025-02-22 19:05:41",1,0,{},19,21,13,6,0,6,40,19,21,13,6,0,6,40
66,dublin,"NEW CENTRAL BANK","New Central Bank",53.3471,-6.23475,0,0,OPEN,"2025-02-22 19:12:14",1,0,{},19,21,13,6,0,6,40,19,21,13,6,0,6,40
66,dublin,"NEW CENTRAL BANK","New Central Bank",53.3471,-6.23475,0,0,OPEN,"2025-02-22 19:22:17",1,0,{},19,21,13,6,0,6,40,19,21,13,6,0,6,40
66,dublin,"NEW CENTRAL BANK","New Central Bank",53.3471,-6.23475,0,0,OPEN,"2025-02-22 19:27:39",1,0,{},21,19,15,6,0,6,40,21,19,15,6,0,6,40
66,dublin,"NEW CENTRAL BANK","New Central Bank",53.3471,-6.23475,0,0,OPEN,"2025-02-22 19:32:23",1,0,{},20,20,15,5,0,5,40,20,20,15,5,0,5,40
66,dublin,"NEW CENTRAL BANK","New Central Bank",53.3471,-6.23475,0,0,OPEN,"2025-02-22 19:42:26",1,0,{},20,20,15,5,0,5,40,20,20,15,5,0,5,40
66,dublin,"NEW CENTRAL BANK","New Central Bank",53.3471,-6.23475,0,0,OPEN,"2025-02-22 19:45:23",1,0,{},21,19,16,5,0,5,40,21,19,16,5,0,5,40
66,dublin,"NEW CENTRAL BANK","New Central Bank",53.3471,-6.23475,0,0,OPEN,"2025-02-22 19:52:31",1,0,{},21,19,16,5,0,5,40,21,19,16,5,0,5,40
66,dublin,"NEW CENTRAL BANK","New Central Bank",53.3471,-6.23475,0,0,OPEN,"2025-02-22 20:02:33",1,0,{},22,18,16,6,0,6,40,22,18,16,6,0,6,40
66,dublin,"NEW CENTRAL BANK","New Central Bank",53.3471,-6.23475,0,0,OPEN,"2025-02-22 20:12:36",1,0,{},22,18,16,6,0,6,40,22,18,16,6,0,6,40
66,dublin,"NEW CENTRAL BANK","New Central Bank",53.3471,-6.23475,0,0,OPEN,"2025-02-22 20:22:39",1,0,{},22,18,16,6,0,6,40,22,18,16,6,0,6,40
66,dublin,"NEW CENTRAL BANK","New Central Bank",53.3471,-6.23475,0,0,OPEN,"2025-02-22 20:32:42",1,0,{},22,18,16,6,0,6,40,22,18,16,6,0,6,40
66,dublin,"NEW CENTRAL BANK","New Central Bank",53.3471,-6.23475,0,0,OPEN,"2025-02-22 20:35:41",1,0,{},21,19,15,6,0,6,40,21,19,15,6,0,6,40
66,dublin,"NEW CENTRAL BANK","New Central Bank",53.3471,-6.23475,0,0,OPEN,"2025-02-22 20:42:46",1,0,{},25,15,17,8,0,8,40,25,15,17,8,0,8,40
66,dublin,"NEW CENTRAL BANK","New Central Bank",53.3471,-6.23475,0,0,OPEN,"2025-02-22 20:52:51",1,0,{},24,16,16,8,0,8,40,24,16,16,8,0,8,40
66,dublin,"NEW CENTRAL BANK","New Central Bank",53.3471,-6.23475,0,0,OPEN,"2025-02-22 20:55:54",1,0,{},24,16,16,8,0,8,40,24,16,16,8,0,8,40
66,dublin,"NEW CENTRAL BANK","New Central Bank",53.3471,-6.23475,0,0,OPEN,"2025-02-22 21:02:55",1,0,{},24,16,16,8,0,8,40,24,16,16,8,0,8,40
66,dublin,"NEW CENTRAL BANK","New Central Bank",53.3471,-6.23475,0,0,OPEN,"2025-02-22 21:13:57",1,0,{},22,18,15,7,0,7,40,22,18,15,7,0,7,40
66,dublin,"NEW CENTRAL BANK","New Central Bank",53.3471,-6.23475,0,0,OPEN,"2025-02-22 21:23:04",1,0,{},22,18,15,7,0,7,40,22,18,15,7,0,7,40
66,dublin,"NEW CENTRAL BANK","New Central Bank",53.3471,-6.23475,0,0,OPEN,"2025-02-22 21:33:06",1,0,{},22,18,15,7,0,7,40,22,18,15,7,0,7,40
66,dublin,"NEW CENTRAL BANK","New Central Bank",53.3471,-6.23475,0,0,OPEN,"2025-02-22 21:43:10",1,0,{},22,18,15,7,0,7,40,22,18,15,7,0,7,40
66,dublin,"NEW CENTRAL BANK","New Central Bank",53.3471,-6.23475,0,0,OPEN,"2025-02-22 21:48:09",1,0,{},21,19,15,6,0,6,40,21,19,15,6,0,6,40
66,dublin,"NEW CENTRAL BANK","New Central Bank",53.3471,-6.23475,0,0,OPEN,"2025-02-22 21:53:15",1,0,{},21,19,15,6,0,6,40,21,19,15,6,0,6,40
66,dublin,"NEW CENTRAL BANK","New Central Bank",53.3471,-6.23475,0,0,OPEN,"2025-02-22 21:57:24",1,0,{},21,19,15,6,0,6,40,21,19,15,6,0,6,40
66,dublin,"NEW CENTRAL BANK","New Central Bank",53.3471,-6.23475,0,0,OPEN,"2025-02-22 22:03:22",1,0,{},19,21,13,6,0,6,40,19,21,13,6,0,6,40
66,dublin,"NEW CENTRAL BANK","New Central Bank",53.3471,-6.23475,0,0,OPEN,"2025-02-22 22:13:25",1,0,{},19,21,13,6,0,6,40,19,21,13,6,0,6,40
67,dublin,"THE POINT","The Point",53.3469,-6.23085,0,0,OPEN,"2025-02-22 02:52:18",1,0,{},34,6,16,18,0,18,40,34,6,16,18,0,18,40
67,dublin,"THE POINT","The Point",53.3469,-6.23085,0,0,OPEN,"2025-02-22 03:12:29",1,0,{},34,6,16,18,0,18,40,34,6,16,18,0,18,40
67,dublin,"THE POINT","The Point",53.3469,-6.23085,0,0,OPEN,"2025-02-22 03:16:26",1,0,{},34,6,16,18,0,18,40,34,6,16,18,0,18,40
67,dublin,"THE POINT","The Point",53.3469,-6.23085,0,0,OPEN,"2025-02-22 10:12:24",1,0,{},38,2,14,24,0,24,40,38,2,14,24,0,24,40
67,dublin,"THE POINT","The Point",53.3469,-6.23085,0,0,OPEN,"2025-02-22 10:16:38",1,0,{},37,3,13,24,0,24,40,37,3,13,24,0,24,40
67,dublin,"THE POINT","The Point",53.3469,-6.23085,0,0,OPEN,"2025-02-22 10:19:37",1,0,{},37,3,13,24,0,24,40,37,3,13,24,0,24,40
67,dublin,"THE POINT","The Point",53.3469,-6.23085,0,0,OPEN,"2025-02-22 10:29:40",1,0,{},37,3,13,24,0,24,40,37,3,13,24,0,24,40
67,dublin,"THE POINT","The Point",53.3469,-6.23085,0,0,OPEN,"2025-02-22 10:39:43",1,0,{},37,3,13,24,0,24,40,37,3,13,24,0,24,40
67,dublin,"THE POINT","The Point",53.3469,-6.23085,0,0,OPEN,"2025-02-22 10:50:39",1,0,{},36,4,12,24,0,24,40,36,4,12,24,0,24,40
67,dublin,"THE POINT","The Point",53.3469,-6.23085,0,0,OPEN,"2025-02-22 10:57:49",1,0,{},38,2,12,25,0,25,40,38,2,12,25,0,25,40
67,dublin,"THE POINT","The Point",53.3469,-6.23085,0,0,OPEN,"2025-02-22 11:02:46",1,0,{},38,1,13,26,0,26,40,38,1,13,26,0,26,40
67,dublin,"THE POINT","The Point",53.3469,-6.23085,0,0,OPEN,"2025-02-22 11:03:49",1,0,{},38,1,13,26,0,26,40,38,1,13,26,0,26,40
67,dublin,"THE POINT","The Point",53.3469,-6.23085,0,0,OPEN,"2025-02-22 11:13:14",1,0,{},39,1,13,26,0,26,40,39,1,13,26,0,26,40
67,dublin,"THE POINT","The Point",53.3469,-6.23085,0,0,OPEN,"2025-02-22 11:18:26",1,0,{},37,3,12,25,0,25,40,37,3,12,25,0,25,40
67,dublin,"THE POINT","The Point",53.3469,-6.23085,0,0,OPEN,"2025-02-22 11:20:12",1,0,{},37,3,12,25,0,25,40,37,3,12,25,0,25,40
67,dublin,"THE POINT","The Point",53.3469,-6.23085,0,0,OPEN,"2025-02-22 11:26:42",1,0,{},37,3,12,25,0,25,40,37,3,12,25,0,25,40
67,dublin,"THE POINT","The Point",53.3469,-6.23085,0,0,OPEN,"2025-02-22 11:30:17",1,0,{},37,3,12,25,0,25,40,37,3,12,25,0,25,40
67,dublin,"THE POINT","The Point",53.3469,-6.23085,0,0,OPEN,"2025-02-22 11:40:20",1,0,{},37,3,12,25,0,25,40,37,3,12,25,0,25,40
67,dublin,"THE POINT","The Point",53.3469,-6.23085,0,0,OPEN,"2025-02-22 11:48:10",1,0,{},36,4,12,24,0,24,40,36,4,12,24,0,24,40
67,dublin,"THE POINT","The Point",53.3469,-6.23085,0,0,OPEN,"2025-02-22 11:50:27",1,0,{},36,4,12,24,0,24,40,36,4,12,24,0,24,40
67,dublin,"THE POINT","The Point",53.3469,-6.23085,0,0,OPEN,"2025-02-22 12:00:31",1,0,{},36,4,12,24,0,24,40,36,4,12,24,0,24,40
67,dublin,"THE POINT","The Point",53.3469,-6.23085,0,0,OPEN,"2025-02-22 12:10:37",1,0,{},34,6,10,24,0,24,40,34,6,10,24,0,24,40
67,dublin,"THE POINT","The Point",53.3469,-6.23085,0,0,OPEN,"2025-02-22 12:20:41",1,0,{},34,6,10,24,0,24,40,34,6,10,24,0,24,40
67,dublin,"THE POINT","The Point",53.3469,-6.23085,0,0,OPEN,"2025-02-22 12:25:04",1,0,{},32,8,9,23,0,23,40,32,8,9,23,0,23,40
67,dublin,"THE POINT","The Point",53.3469,-6.23085,0,0,OPEN,"2025-02-22 12:30:47",1,0,{},32,8,9,23,0,23,40,32,8,9,23,0,23,40
67,dublin,"THE POINT","The Point",53.3469,-6.23085,0,0,OPEN,"2025-02-22 12:40:51",1,0,{},32,8,9,23,0,23,40,32,8,9,23,0,23,40
67,dublin,"THE POINT","The Point",53.3469,-6.23085,0,0,OPEN,"2025-02-22 12:47:21",1,0,{},33,7,10,23,0,23,40,33,7,10,23,0,23,40
67,dublin,"THE POINT","The Point",53.3469,-6.23085,0,0,OPEN,"2025-02-22 12:50:54",1,0,{},34,6,11,23,0,23,40,34,6,11,23,0,23,40
67,dublin,"THE POINT","The Point",53.3469,-6.23085,0,0,OPEN,"2025-02-22 13:02:57",1,0,{},34,6,11,23,0,23,40,34,6,11,23,0,23,40
67,dublin,"THE POINT","The Point",53.3469,-6.23085,0,0,OPEN,"2025-02-22 13:07:34",1,0,{},35,5,12,23,0,23,40,35,5,12,23,0,23,40
67,dublin,"THE POINT","The Point",53.3469,-6.23085,0,0,OPEN,"2025-02-22 13:11:07",1,0,{},34,6,11,23,0,23,40,34,6,11,23,0,23,40
67,dublin,"THE POINT","The Point",53.3469,-6.23085,0,0,OPEN,"2025-02-22 13:22:23",1,0,{},33,7,10,23,0,23,40,33,7,10,23,0,23,40
67,dublin,"THE POINT","The Point",53.3469,-6.23085,0,0,OPEN,"2025-02-22 13:28:18",1,0,{},33,7,10,23,0,23,40,33,7,10,23,0,23,40
67,dublin,"THE POINT","The Point",53.3469,-6.23085,0,0,OPEN,"2025-02-22 13:31:18",1,0,{},33,7,10,23,0,23,40,33,7,10,23,0,23,40
67,dublin,"THE POINT","The Point",53.3469,-6.23085,0,0,OPEN,"2025-02-22 13:41:21",1,0,{},33,7,10,23,0,23,40,33,7,10,23,0,23,40
67,dublin,"THE POINT","The Point",53.3469,-6.23085,0,0,OPEN,"2025-02-22 13:44:22",1,0,{},33,7,10,23,0,23,40,33,7,10,23,0,23,40
67,dublin,"THE POINT","The Point",53.3469,-6.23085,0,0,OPEN,"2025-02-22 13:51:29",1,0,{},28,12,10,18,0,18,40,28,12,10,18,0,18,40
67,dublin,"THE POINT","The Point",53.3469,-6.23085,0,0,OPEN,"2025-02-22 13:58:04",1,0,{},29,11,11,18,0,18,40,29,11,11,18,0,18,40
67,dublin,"THE POINT","The Point",53.3469,-6.23085,0,0,OPEN,"2025-02-22 14:01:42",1,0,{},24,16,12,12,0,12,40,24,16,12,12,0,12,40
67,dublin,"THE POINT","The Point",53.3469,-6.23085,0,0,OPEN,"2025-02-22 14:08:11",1,0,{},22,18,11,11,0,11,40,22,18,11,11,0,11,40
67,dublin,"THE POINT","The Point",53.3469,-6.23085,0,0,OPEN,"2025-02-22 14:12:28",1,0,{},22,18,12,10,0,10,40,22,18,12,10,0,10,40
67,dublin,"THE POINT","The Point",53.3469,-6.23085,0,0,OPEN,"2025-02-22 14:18:27",1,0,{},20,20,9,11,0,11,40,20,20,9,11,0,11,40
67,dublin,"THE POINT","The Point",53.3469,-6.23085,0,0,OPEN,"2025-02-22 14:21:59",1,0,{},17,23,7,10,0,10,40,17,23,7,10,0,10,40
67,dublin,"THE POINT","The Point",53.3469,-6.23085,0,0,OPEN,"2025-02-22 14:25:59",1,0,{},14,26,7,7,0,7,40,14,26,7,7,0,7,40
67,dublin,"THE POINT","The Point",53.3469,-6.23085,0,0,OPEN,"2025-02-22 14:32:52",1,0,{},13,27,7,6,0,6,40,13,27,7,6,0,6,40
67,dublin,"THE POINT","The Point",53.3469,-6.23085,0,0,OPEN,"2025-02-22 14:37:48",1,0,{},12,28,6,6,0,6,40,12,28,6,6,0,6,40
67,dublin,"THE POINT","The Point",53.3469,-6.23085,0,0,OPEN,"2025-02-22 14:42:20",1,0,{},10,30,4,6,0,6,40,10,30,4,6,0,6,40
67,dublin,"THE POINT","The Point",53.3469,-6.23085,0,0,OPEN,"2025-02-22 14:52:24",1,0,{},10,30,4,6,0,6,40,10,30,4,6,0,6,40
67,dublin,"THE POINT","The Point",53.3469,-6.23085,0,0,OPEN,"2025-02-22 15:02:30",1,0,{},9,31,3,6,0,6,40,9,31,3,6,0,6,40
67,dublin,"THE POINT","The Point",53.3469,-6.23085,0,0,OPEN,"2025-02-22 15:08:02",1,0,{},7,33,2,5,0,5,40,7,33,2,5,0,5,40
67,dublin,"THE POINT","The Point",53.3469,-6.23085,0,0,OPEN,"2025-02-22 15:12:35",1,0,{},7,33,2,5,0,5,40,7,33,2,5,0,5,40
67,dublin,"THE POINT","The Point",53.3469,-6.23085,0,0,OPEN,"2025-02-22 15:14:11",1,0,{},8,32,2,6,0,6,40,8,32,2,6,0,6,40
67,dublin,"THE POINT","The Point",53.3469,-6.23085,0,0,OPEN,"2025-02-22 15:22:41",1,0,{},7,33,1,6,0,6,40,7,33,1,6,0,6,40
67,dublin,"THE POINT","The Point",53.3469,-6.23085,0,0,OPEN,"2025-02-22 15:25:06",1,0,{},6,34,1,5,0,5,40,6,34,1,5,0,5,40
67,dublin,"THE POINT","The Point",53.3469,-6.23085,0,0,OPEN,"2025-02-22 15:32:47",1,0,{},6,34,1,5,0,5,40,6,34,1,5,0,5,40
67,dublin,"THE POINT","The Point",53.3469,-6.23085,0,0,OPEN,"2025-02-22 15:34:20",1,0,{},8,32,3,5,0,5,40,8,32,3,5,0,5,40
67,dublin,"THE POINT","The Point",53.3469,-6.23085,0,0,OPEN,"2025-02-22 15:42:56",1,0,{},6,34,2,4,0,4,40,6,34,2,4,0,4,40
67,dublin,"THE POINT","The Point",53.3469,-6.23085,0,0,OPEN,"2025-02-22 15:53:02",1,0,{},8,32,2,6,0,6,40,8,32,2,6,0,6,40
67,dublin,"THE POINT","The Point",53.3469,-6.23085,0,0,OPEN,"2025-02-22 16:03:07",1,0,{},9,31,2,7,0,7,40,9,31,2,7,0,7,40
67,dublin,"THE POINT","The Point",53.3469,-6.23085,0,0,OPEN,"2025-02-22 16:13:11",1,0,{},9,31,2,7,0,7,40,9,31,2,7,0,7,40
67,dublin,"THE POINT","The Point",53.3469,-6.23085,0,0,OPEN,"2025-02-22 16:23:15",1,0,{},10,30,3,7,0,7,40,10,30,3,7,0,7,40
67,dublin,"THE POINT","The Point",53.3469,-6.23085,0,0,OPEN,"2025-02-22 16:23:38",1,0,{},9,31,2,7,0,7,40,9,31,2,7,0,7,40
67,dublin,"THE POINT","The Point",53.3469,-6.23085,0,0,OPEN,"2025-02-22 16:33:24",1,0,{},7,33,1,6,0,6,40,7,33,1,6,0,6,40
67,dublin,"THE POINT","The Point",53.3469,-6.23085,0,0,OPEN,"2025-02-22 16:36:50",1,0,{},6,34,1,5,0,5,40,6,34,1,5,0,5,40
67,dublin,"THE POINT","The Point",53.3469,-6.23085,0,0,OPEN,"2025-02-22 16:43:30",1,0,{},6,34,1,5,0,5,40,6,34,1,5,0,5,40
67,dublin,"THE POINT","The Point",53.3469,-6.23085,0,0,OPEN,"2025-02-22 16:47:27",1,0,{},5,35,0,5,0,5,40,5,35,0,5,0,5,40
67,dublin,"THE POINT","The Point",53.3469,-6.23085,0,0,OPEN,"2025-02-22 16:53:18",1,0,{},14,26,4,10,0,10,40,14,26,4,10,0,10,40
67,dublin,"THE POINT","The Point",53.3469,-6.23085,0,0,OPEN,"2025-02-22 16:58:32",1,0,{},14,26,3,11,0,11,40,14,26,3,11,0,11,40
67,dublin,"THE POINT","The Point",53.3469,-6.23085,0,0,OPEN,"2025-02-22 17:03:40",1,0,{},14,26,3,11,0,11,40,14,26,3,11,0,11,40
67,dublin,"THE POINT","The Point",53.3469,-6.23085,0,0,OPEN,"2025-02-22 17:09:04",1,0,{},15,25,3,12,0,12,40,15,25,3,12,0,12,40
67,dublin,"THE POINT","The Point",53.3469,-6.23085,0,0,OPEN,"2025-02-22 17:16:10",1,0,{},14,26,2,12,0,12,40,14,26,2,12,0,12,40
67,dublin,"THE POINT","The Point",53.3469,-6.23085,0,0,OPEN,"2025-02-22 17:21:04",1,0,{},16,24,2,14,0,14,40,16,24,2,14,0,14,40
67,dublin,"THE POINT","The Point",53.3469,-6.23085,0,0,OPEN,"2025-02-22 17:23:51",1,0,{},16,24,2,14,0,14,40,16,24,2,14,0,14,40
67,dublin,"THE POINT","The Point",53.3469,-6.23085,0,0,OPEN,"2025-02-22 17:30:11",1,0,{},18,22,3,15,0,15,40,18,22,3,15,0,15,40
67,dublin,"THE POINT","The Point",53.3469,-6.23085,0,0,OPEN,"2025-02-22 17:37:24",1,0,{},20,20,5,15,0,15,40,20,20,5,15,0,15,40
67,dublin,"THE POINT","The Point",53.3469,-6.23085,0,0,OPEN,"2025-02-22 17:43:12",1,0,{},24,16,5,19,0,19,40,24,16,5,19,0,19,40
67,dublin,"THE POINT","The Point",53.3469,-6.23085,0,0,OPEN,"2025-02-22 17:46:29",1,0,{},23,17,4,19,0,19,40,23,17,4,19,0,19,40
67,dublin,"THE POINT","The Point",53.3469,-6.23085,0,0,OPEN,"2025-02-22 17:49:23",1,0,{},24,16,5,19,0,19,40,24,16,5,19,0,19,40
67,dublin,"THE POINT","The Point",53.3469,-6.23085,0,0,OPEN,"2025-02-22 17:54:06",1,0,{},24,16,5,19,0,19,40,24,16,5,19,0,19,40
67,dublin,"THE POINT","The Point",53.3469,-6.23085,0,0,OPEN,"2025-02-22 18:03:26",1,0,{},24,16,6,18,0,18,40,24,16,6,18,0,18,40
67,dublin,"THE POINT","The Point",53.3469,-6.23085,0,0,OPEN,"2025-02-22 18:05:46",1,0,{},25,15,7,18,0,18,40,25,15,7,18,0,18,40
67,dublin,"THE POINT","The Point",53.3469,-6.23085,0,0,OPEN,"2025-02-22 18:10:06",1,0,{},24,16,7,17,0,17,40,24,16,7,17,0,17,40
67,dublin,"THE POINT","The Point",53.3469,-6.23085,0,0,OPEN,"2025-02-22 18:14:17",1,0,{},24,16,7,17,0,17,40,24,16,7,17,0,17,40
67,dublin,"THE POINT","The Point",53.3469,-6.23085,0,0,OPEN,"2025-02-22 18:18:57",1,0,{},25,15,8,17,0,17,40,25,15,8,17,0,17,40
67,dublin,"THE POINT","The Point",53.3469,-6.23085,0,0,OPEN,"2025-02-22 18:24:22",1,0,{},25,15,8,17,0,17,40,25,15,8,17,0,17,40
67,dublin,"THE POINT","The Point",53.3469,-6.23085,0,0,OPEN,"2025-02-22 18:34:26",1,0,{},25,15,8,17,0,17,40,25,15,8,17,0,17,40
67,dublin,"THE POINT","The Point",53.3469,-6.23085,0,0,OPEN,"2025-02-22 18:44:31",1,0,{},24,16,7,17,0,17,40,24,16,7,17,0,17,40
67,dublin,"THE POINT","The Point",53.3469,-6.23085,0,0,OPEN,"2025-02-22 18:48:41",1,0,{},26,14,8,18,0,18,40,26,14,8,18,0,18,40
67,dublin,"THE POINT","The Point",53.3469,-6.23085,0,0,OPEN,"2025-02-22 18:51:10",1,0,{},28,12,10,18,0,18,40,28,12,10,18,0,18,40
67,dublin,"THE POINT","The Point",53.3469,-6.23085,0,0,OPEN,"2025-02-22 18:54:39",1,0,{},28,12,10,18,0,18,40,28,12,10,18,0,18,40
67,dublin,"THE POINT","The Point",53.3469,-6.23085,0,0,OPEN,"2025-02-22 19:04:45",1,0,{},28,12,10,18,0,18,40,28,12,10,18,0,18,40
67,dublin,"THE POINT","The Point",53.3469,-6.23085,0,0,OPEN,"2025-02-22 19:10:06",1,0,{},27,13,9,18,0,18,40,27,13,9,18,0,18,40
67,dublin,"THE POINT","The Point",53.3469,-6.23085,0,0,OPEN,"2025-02-22 19:14:51",1,0,{},27,13,9,18,0,18,40,27,13,9,18,0,18,40
67,dublin,"THE POINT","The Point",53.3469,-6.23085,0,0,OPEN,"2025-02-22 19:24:55",1,0,{},27,13,9,18,0,18,40,27,13,9,18,0,18,40
67,dublin,"THE POINT","The Point",53.3469,-6.23085,0,0,OPEN,"2025-02-22 19:36:11",1,0,{},28,12,10,18,0,18,40,28,12,10,18,0,18,40
67,dublin,"THE POINT","The Point",53.3469,-6.23085,0,0,OPEN,"2025-02-22 19:43:58",1,0,{},27,13,10,17,0,17,40,27,13,10,17,0,17,40
67,dublin,"THE POINT","The Point",53.3469,-6.23085,0,0,OPEN,"2025-02-22 19:45:05",1,0,{},27,13,10,17,0,17,40,27,13,10,17,0,17,40
67,dublin,"THE POINT","The Point",53.3469,-6.23085,0,0,OPEN,"2025-02-22 19:54:32",1,0,{},25,15,8,17,0,17,40,25,15,8,17,0,17,40
67,dublin,"THE POINT","The Point",53.3469,-6.23085,0,0,OPEN,"2025-02-22 19:55:10",1,0,{},25,15,8,17,0,17,40,25,15,8,17,0,17,40
67,dublin,"THE POINT","The Point",53.3469,-6.23085,0,0,OPEN,"2025-02-22 19:59:45",1,0,{},24,16,7,17,0,17,40,24,16,7,17,0,17,40
67,dublin,"THE POINT","The Point",53.3469,-6.23085,0,0,OPEN,"2025-02-22 20:05:17",1,0,{},24,16,7,17,0,17,40,24,16,7,17,0,17,40
67,dublin,"THE POINT","The Point",53.3469,-6.23085,0,0,OPEN,"2025-02-22 20:16:17",1,0,{},23,17,7,16,0,16,40,23,17,7,16,0,16,40
67,dublin,"THE POINT","The Point",53.3469,-6.23085,0,0,OPEN,"2025-02-22 20:25:27",1,0,{},23,17,7,16,0,16,40,23,17,7,16,0,16,40
67,dublin,"THE POINT","The Point",53.3469,-6.23085,0,0,OPEN,"2025-02-22 20:35:32",1,0,{},25,15,8,17,0,17,40,25,15,8,17,0,17,40
67,dublin,"THE POINT","The Point",53.3469,-6.23085,0,0,OPEN,"2025-02-22 20:46:52",1,0,{},25,15,8,17,0,17,40,25,15,8,17,0,17,40
67,dublin,"THE POINT","The Point",53.3469,-6.23085,0,0,OPEN,"2025-02-22 20:58:00",1,0,{},27,13,9,18,0,18,40,27,13,9,18,0,18,40
67,dublin,"THE POINT","The Point",53.3469,-6.23085,0,0,OPEN,"2025-02-22 21:05:46",1,0,{},27,13,9,18,0,18,40,27,13,9,18,0,18,40
67,dublin,"THE POINT","The Point",53.3469,-6.23085,0,0,OPEN,"2025-02-22 21:13:40",1,0,{},28,12,10,18,0,18,40,28,12,10,18,0,18,40
67,dublin,"THE POINT","The Point",53.3469,-6.23085,0,0,OPEN,"2025-02-22 21:15:50",1,0,{},28,12,10,18,0,18,40,28,12,10,18,0,18,40
67,dublin,"THE POINT","The Point",53.3469,-6.23085,0,0,OPEN,"2025-02-22 21:22:35",1,0,{},27,13,9,18,0,18,40,27,13,9,18,0,18,40
67,dublin,"THE POINT","The Point",53.3469,-6.23085,0,0,OPEN,"2025-02-22 21:25:55",1,0,{},27,13,9,18,0,18,40,27,13,9,18,0,18,40
67,dublin,"THE POINT","The Point",53.3469,-6.23085,0,0,OPEN,"2025-02-22 21:37:33",1,0,{},27,13,10,17,0,17,40,27,13,10,17,0,17,40
67,dublin,"THE POINT","The Point",53.3469,-6.23085,0,0,OPEN,"2025-02-22 21:46:04",1,0,{},27,13,10,17,0,17,40,27,13,10,17,0,17,40
67,dublin,"THE POINT","The Point",53.3469,-6.23085,0,0,OPEN,"2025-02-22 21:56:08",1,0,{},27,13,10,17,0,17,40,27,13,10,17,0,17,40
67,dublin,"THE POINT","The Point",53.3469,-6.23085,0,0,OPEN,"2025-02-22 22:02:13",1,0,{},28,12,10,18,0,18,40,28,12,10,18,0,18,40
67,dublin,"THE POINT","The Point",53.3469,-6.23085,0,0,OPEN,"2025-02-22 22:07:49",1,0,{},26,14,9,17,0,17,40,26,14,9,17,0,17,40
67,dublin,"THE POINT","The Point",53.3469,-6.23085,0,0,OPEN,"2025-02-22 22:13:15",1,0,{},27,13,10,17,0,17,40,27,13,10,17,0,17,40
67,dublin,"THE POINT","The Point",53.3469,-6.23085,0,0,OPEN,"2025-02-22 22:16:21",1,0,{},26,14,9,17,0,17,40,26,14,9,17,0,17,40
68,dublin,"HANOVER QUAY","Hanover Quay",53.3441,-6.23715,0,0,OPEN,"2025-02-22 02:57:13",1,0,{},6,34,4,2,0,2,40,6,34,4,2,0,2,40
68,dublin,"HANOVER QUAY","Hanover Quay",53.3441,-6.23715,0,0,OPEN,"2025-02-22 03:07:16",1,0,{},6,34,4,2,0,2,40,6,34,4,2,0,2,40
68,dublin,"HANOVER QUAY","Hanover Quay",53.3441,-6.23715,0,0,OPEN,"2025-02-22 10:11:18",1,0,{},6,34,3,3,0,3,40,6,34,3,3,0,3,40
68,dublin,"HANOVER QUAY","Hanover Quay",53.3441,-6.23715,0,0,OPEN,"2025-02-22 10:21:34",1,0,{},4,36,2,2,0,2,40,4,36,2,2,0,2,40
68,dublin,"HANOVER QUAY","Hanover Quay",53.3441,-6.23715,0,0,OPEN,"2025-02-22 10:28:33",1,0,{},4,36,1,2,0,2,40,4,36,1,2,0,2,40
68,dublin,"HANOVER QUAY","Hanover Quay",53.3441,-6.23715,0,0,OPEN,"2025-02-22 10:31:33",1,0,{},3,37,1,2,0,2,40,3,37,1,2,0,2,40
68,dublin,"HANOVER QUAY","Hanover Quay",53.3441,-6.23715,0,0,OPEN,"2025-02-22 10:36:50",1,0,{},4,36,2,2,0,2,40,4,36,2,2,0,2,40
68,dublin,"HANOVER QUAY","Hanover Quay",53.3441,-6.23715,0,0,OPEN,"2025-02-22 10:41:38",1,0,{},3,37,1,2,0,2,40,3,37,1,2,0,2,40
68,dublin,"HANOVER QUAY","Hanover Quay",53.3441,-6.23715,0,0,OPEN,"2025-02-22 10:45:26",1,0,{},2,38,1,1,0,1,40,2,38,1,1,0,1,40
68,dublin,"HANOVER QUAY","Hanover Quay",53.3441,-6.23715,0,0,OPEN,"2025-02-22 10:51:46",1,0,{},0,40,0,0,0,0,40,0,40,0,0,0,0,40
68,dublin,"HANOVER QUAY","Hanover Quay",53.3441,-6.23715,0,0,OPEN,"2025-02-22 11:01:49",1,0,{},0,40,0,0,0,0,40,0,40,0,0,0,0,40
68,dublin,"HANOVER QUAY","Hanover Quay",53.3441,-6.23715,0,0,OPEN,"2025-02-22 11:11:53",1,0,{},0,40,0,0,0,0,40,0,40,0,0,0,0,40
68,dublin,"HANOVER QUAY","Hanover Quay",53.3441,-6.23715,0,0,OPEN,"2025-02-22 11:21:56",1,0,{},0,40,0,0,0,0,40,0,40,0,0,0,0,40
68,dublin,"HANOVER QUAY","Hanover Quay",53.3441,-6.23715,0,0,OPEN,"2025-02-22 11:32:00",1,0,{},0,40,0,0,0,0,40,0,40,0,0,0,0,40
68,dublin,"HANOVER QUAY","Hanover Quay",53.3441,-6.23715,0,0,OPEN,"2025-02-22 11:42:03",1,0,{},0,40,0,0,0,0,40,0,40,0,0,0,0,40
68,dublin,"HANOVER QUAY","Hanover Quay",53.3441,-6.23715,0,0,OPEN,"2025-02-22 11:52:07",1,0,{},0,40,0,0,0,0,40,0,40,0,0,0,0,40
68,dublin,"HANOVER QUAY","Hanover Quay",53.3441,-6.23715,0,0,OPEN,"2025-02-22 12:02:11",1,0,{},0,40,0,0,0,0,40,0,40,0,0,0,0,40
68,dublin,"HANOVER QUAY","Hanover Quay",53.3441,-6.23715,0,0,OPEN,"2025-02-22 12:12:15",1,0,{},0,40,0,0,0,0,40,0,40,0,0,0,0,40
68,dublin,"HANOVER QUAY","Hanover Quay",53.3441,-6.23715,0,0,OPEN,"2025-02-22 12:22:19",1,0,{},0,40,0,0,0,0,40,0,40,0,0,0,0,40
68,dublin,"HANOVER QUAY","Hanover Quay",53.3441,-6.23715,0,0,OPEN,"2025-02-22 12:33:14",1,0,{},1,39,1,0,0,0,40,1,39,1,0,0,0,40
68,dublin,"HANOVER QUAY","Hanover Quay",53.3441,-6.23715,0,0,OPEN,"2025-02-22 12:38:19",1,0,{},2,38,2,0,0,0,40,2,38,2,0,0,0,40
68,dublin,"HANOVER QUAY","Hanover Quay",53.3441,-6.23715,0,0,OPEN,"2025-02-22 12:42:28",1,0,{},0,40,0,0,0,0,40,0,40,0,0,0,0,40
68,dublin,"HANOVER QUAY","Hanover Quay",53.3441,-6.23715,0,0,OPEN,"2025-02-22 12:52:32",1,0,{},2,38,2,0,0,0,40,2,38,2,0,0,0,40
68,dublin,"HANOVER QUAY","Hanover Quay",53.3441,-6.23715,0,0,OPEN,"2025-02-22 12:55:20",1,0,{},2,38,2,0,0,0,40,2,38,2,0,0,0,40
68,dublin,"HANOVER QUAY","Hanover Quay",53.3441,-6.23715,0,0,OPEN,"2025-02-22 13:02:36",1,0,{},3,37,3,0,0,0,40,3,37,3,0,0,0,40
68,dublin,"HANOVER QUAY","Hanover Quay",53.3441,-6.23715,0,0,OPEN,"2025-02-22 13:12:40",1,0,{},3,37,3,0,0,0,40,3,37,3,0,0,0,40
68,dublin,"HANOVER QUAY","Hanover Quay",53.3441,-6.23715,0,0,OPEN,"2025-02-22 13:22:44",1,0,{},3,37,3,0,0,0,40,3,37,3,0,0,0,40
68,dublin,"HANOVER QUAY","Hanover Quay",53.3441,-6.23715,0,0,OPEN,"2025-02-22 13:32:51",1,0,{},4,36,3,1,0,1,40,4,36,3,1,0,1,40
68,dublin,"HANOVER QUAY","Hanover Quay",53.3441,-6.23715,0,0,OPEN,"2025-02-22 13:43:31",1,0,{},1,39,1,0,0,0,40,1,39,1,0,0,0,40
68,dublin,"HANOVER QUAY","Hanover Quay",53.3441,-6.23715,0,0,OPEN,"2025-02-22 13:53:00",1,0,{},1,39,1,0,0,0,40,1,39,1,0,0,0,40
68,dublin,"HANOVER QUAY","Hanover Quay",53.3441,-6.23715,0,0,OPEN,"2025-02-22 14:03:04",1,0,{},1,39,1,0,0,0,40,1,39,1,0,0,0,40
68,dublin,"HANOVER QUAY","Hanover Quay",53.3441,-6.23715,0,0,OPEN,"2025-02-22 14:05:31",1,0,{},5,35,2,3,0,3,40,5,35,2,3,0,3,40
68,dublin,"HANOVER QUAY","Hanover Quay",53.3441,-6.23715,0,0,OPEN,"2025-02-22 14:13:08",1,0,{},5,35,2,3,0,3,40,5,35,2,3,0,3,40
68,dublin,"HANOVER QUAY","Hanover Quay",53.3441,-6.23715,0,0,OPEN,"2025-02-22 14:23:11",1,0,{},5,35,2,3,0,3,40,5,35,2,3,0,3,40
68,dublin,"HANOVER QUAY","Hanover Quay",53.3441,-6.23715,0,0,OPEN,"2025-02-22 14:33:19",1,0,{},4,36,1,3,0,3,40,4,36,1,3,0,3,40
68,dublin,"HANOVER QUAY","Hanover Quay",53.3441,-6.23715,0,0,OPEN,"2025-02-22 14:38:12",1,0,{},3,37,1,2,0,2,40,3,37,1,2,0,2,40
68,dublin,"HANOVER QUAY","Hanover Quay",53.3441,-6.23715,0,0,OPEN,"2025-02-22 14:43:27",1,0,{},2,38,1,1,0,1,40,2,38,1,1,0,1,40
68,dublin,"HANOVER QUAY","Hanover Quay",53.3441,-6.23715,0,0,OPEN,"2025-02-22 14:46:56",1,0,{},2,38,2,0,0,0,40,2,38,2,0,0,0,40
68,dublin,"HANOVER QUAY","Hanover Quay",53.3441,-6.23715,0,0,OPEN,"2025-02-22 14:53:31",1,0,{},6,34,6,0,0,0,40,6,34,6,0,0,0,40
68,dublin,"HANOVER QUAY","Hanover Quay",53.3441,-6.23715,0,0,OPEN,"2025-02-22 15:04:55",1,0,{},5,35,5,0,0,0,40,5,35,5,0,0,0,40
68,dublin,"HANOVER QUAY","Hanover Quay",53.3441,-6.23715,0,0,OPEN,"2025-02-22 15:09:54",1,0,{},1,39,1,0,0,0,40,1,39,1,0,0,0,40
68,dublin,"HANOVER QUAY","Hanover Quay",53.3441,-6.23715,0,0,OPEN,"2025-02-22 15:14:51",1,0,{},0,40,0,0,0,0,40,0,40,0,0,0,0,40
68,dublin,"HANOVER QUAY","Hanover Quay",53.3441,-6.23715,0,0,OPEN,"2025-02-22 15:20:02",1,0,{},1,39,1,0,0,0,40,1,39,1,0,0,0,40
68,dublin,"HANOVER QUAY","Hanover Quay",53.3441,-6.23715,0,0,OPEN,"2025-02-22 15:26:46",1,0,{},1,39,0,1,0,1,40,1,39,0,1,0,1,40
68,dublin,"HANOVER QUAY","Hanover Quay",53.3441,-6.23715,0,0,OPEN,"2025-02-22 15:30:52",1,0,{},2,38,0,2,0,2,40,2,38,0,2,0,2,40
68,dublin,"HANOVER QUAY","Hanover Quay",53.3441,-6.23715,0,0,OPEN,"2025-02-22 15:33:52",1,0,{},2,38,0,2,0,2,40,2,38,0,2,0,2,40
68,dublin,"HANOVER QUAY","Hanover Quay",53.3441,-6.23715,0,0,OPEN,"2025-02-22 15:43:55",1,0,{},2,38,0,2,0,2,40,2,38,0,2,0,2,40
68,dublin,"HANOVER QUAY","Hanover Quay",53.3441,-6.23715,0,0,OPEN,"2025-02-22 15:50:37",1,0,{},3,37,1,2,0,2,40,3,37,1,2,0,2,40
68,dublin,"HANOVER QUAY","Hanover Quay",53.3441,-6.23715,0,0,OPEN,"2025-02-22 15:54:00",1,0,{},3,37,1,2,0,2,40,3,37,1,2,0,2,40
68,dublin,"HANOVER QUAY","Hanover Quay",53.3441,-6.23715,0,0,OPEN,"2025-02-22 16:04:04",1,0,{},3,37,1,2,0,2,40,3,37,1,2,0,2,40
68,dublin,"HANOVER QUAY","Hanover Quay",53.3441,-6.23715,0,0,OPEN,"2025-02-22 16:14:08",1,0,{},3,37,1,2,0,2,40,3,37,1,2,0,2,40
68,dublin,"HANOVER QUAY","Hanover Quay",53.3441,-6.23715,0,0,OPEN,"2025-02-22 16:27:25",1,0,{},2,38,0,2,0,2,40,2,38,0,2,0,2,40
68,dublin,"HANOVER QUAY","Hanover Quay",53.3441,-6.23715,0,0,OPEN,"2025-02-22 16:34:17",1,0,{},2,38,0,2,0,2,40,2,38,0,2,0,2,40
68,dublin,"HANOVER QUAY","Hanover Quay",53.3441,-6.23715,0,0,OPEN,"2025-02-22 16:45:21",1,0,{},1,39,0,1,0,1,40,1,39,0,1,0,1,40
68,dublin,"HANOVER QUAY","Hanover Quay",53.3441,-6.23715,0,0,OPEN,"2025-02-22 16:54:25",1,0,{},1,39,0,1,0,1,40,1,39,0,1,0,1,40
68,dublin,"HANOVER QUAY","Hanover Quay",53.3441,-6.23715,0,0,OPEN,"2025-02-22 17:05:21",1,0,{},0,40,0,0,0,0,40,0,40,0,0,0,0,40
68,dublin,"HANOVER QUAY","Hanover Quay",53.3441,-6.23715,0,0,OPEN,"2025-02-22 17:16:23",1,0,{},1,39,0,1,0,1,40,1,39,0,1,0,1,40
68,dublin,"HANOVER QUAY","Hanover Quay",53.3441,-6.23715,0,0,OPEN,"2025-02-22 17:24:39",1,0,{},1,39,0,1,0,1,40,1,39,0,1,0,1,40
68,dublin,"HANOVER QUAY","Hanover Quay",53.3441,-6.23715,0,0,OPEN,"2025-02-22 17:33:30",1,0,{},2,38,1,1,0,1,40,2,38,1,1,0,1,40
68,dublin,"HANOVER QUAY","Hanover Quay",53.3441,-6.23715,0,0,OPEN,"2025-02-22 17:34:43",1,0,{},2,38,1,1,0,1,40,2,38,1,1,0,1,40
68,dublin,"HANOVER QUAY","Hanover Quay",53.3441,-6.23715,0,0,OPEN,"2025-02-22 17:48:18",1,0,{},1,39,0,1,0,1,40,1,39,0,1,0,1,40
68,dublin,"HANOVER QUAY","Hanover Quay",53.3441,-6.23715,0,0,OPEN,"2025-02-22 17:54:53",1,0,{},1,39,0,1,0,1,40,1,39,0,1,0,1,40
68,dublin,"HANOVER QUAY","Hanover Quay",53.3441,-6.23715,0,0,OPEN,"2025-02-22 18:06:37",1,0,{},2,38,1,1,0,1,40,2,38,1,1,0,1,40
68,dublin,"HANOVER QUAY","Hanover Quay",53.3441,-6.23715,0,0,OPEN,"2025-02-22 18:12:52",1,0,{},2,38,1,1,0,1,40,2,38,1,1,0,1,40
68,dublin,"HANOVER QUAY","Hanover Quay",53.3441,-6.23715,0,0,OPEN,"2025-02-22 18:15:02",1,0,{},2,38,1,1,0,1,40,2,38,1,1,0,1,40
68,dublin,"HANOVER QUAY","Hanover Quay",53.3441,-6.23715,0,0,OPEN,"2025-02-22 18:18:43",1,0,{},3,37,2,1,0,1,40,3,37,2,1,0,1,40
68,dublin,"HANOVER QUAY","Hanover Quay",53.3441,-6.23715,0,0,OPEN,"2025-02-22 18:25:06",1,0,{},3,37,2,1,0,1,40,3,37,2,1,0,1,40
68,dublin,"HANOVER QUAY","Hanover Quay",53.3441,-6.23715,0,0,OPEN,"2025-02-22 18:35:10",1,0,{},3,37,2,1,0,1,40,3,37,2,1,0,1,40
68,dublin,"HANOVER QUAY","Hanover Quay",53.3441,-6.23715,0,0,OPEN,"2025-02-22 18:44:30",1,0,{},3,37,2,1,0,1,40,3,37,2,1,0,1,40
68,dublin,"HANOVER QUAY","Hanover Quay",53.3441,-6.23715,0,0,OPEN,"2025-02-22 18:45:15",1,0,{},2,38,1,1,0,1,40,2,38,1,1,0,1,40
68,dublin,"HANOVER QUAY","Hanover Quay",53.3441,-6.23715,0,0,OPEN,"2025-02-22 18:55:23",1,0,{},3,37,2,1,0,1,40,3,37,2,1,0,1,40
68,dublin,"HANOVER QUAY","Hanover Quay",53.3441,-6.23715,0,0,OPEN,"2025-02-22 19:05:24",1,0,{},3,37,2,1,0,1,40,3,37,2,1,0,1,40
68,dublin,"HANOVER QUAY","Hanover Quay",53.3441,-6.23715,0,0,OPEN,"2025-02-22 19:15:28",1,0,{},3,37,2,1,0,1,40,3,37,2,1,0,1,40
68,dublin,"HANOVER QUAY","Hanover Quay",53.3441,-6.23715,0,0,OPEN,"2025-02-22 19:23:52",1,0,{},4,36,2,2,0,2,40,4,36,2,2,0,2,40
68,dublin,"HANOVER QUAY","Hanover Quay",53.3441,-6.23715,0,0,OPEN,"2025-02-22 19:25:56",1,0,{},5,35,3,2,0,2,40,5,35,3,2,0,2,40
68,dublin,"HANOVER QUAY","Hanover Quay",53.3441,-6.23715,0,0,OPEN,"2025-02-22 19:35:37",1,0,{},5,35,3,2,0,2,40,5,35,3,2,0,2,40
68,dublin,"HANOVER QUAY","Hanover Quay",53.3441,-6.23715,0,0,OPEN,"2025-02-22 19:45:40",1,0,{},5,35,3,2,0,2,40,5,35,3,2,0,2,40
68,dublin,"HANOVER QUAY","Hanover Quay",53.3441,-6.23715,0,0,OPEN,"2025-02-22 19:51:42",1,0,{},4,36,3,1,0,1,40,4,36,3,1,0,1,40
68,dublin,"HANOVER QUAY","Hanover Quay",53.3441,-6.23715,0,0,OPEN,"2025-02-22 19:55:46",1,0,{},4,36,3,1,0,1,40,4,36,3,1,0,1,40
68,dublin,"HANOVER QUAY","Hanover Quay",53.3441,-6.23715,0,0,OPEN,"2025-02-22 20:05:50",1,0,{},4,36,3,1,0,1,40,4,36,3,1,0,1,40
68,dublin,"HANOVER QUAY","Hanover Quay",53.3441,-6.23715,0,0,OPEN,"2025-02-22 20:19:17",1,0,{},5,35,3,2,0,2,40,5,35,3,2,0,2,40
68,dublin,"HANOVER QUAY","Hanover Quay",53.3441,-6.23715,0,0,OPEN,"2025-02-22 20:24:10",1,0,{},3,37,2,1,0,1,40,3,37,2,1,0,1,40
68,dublin,"HANOVER QUAY","Hanover Quay",53.3441,-6.23715,0,0,OPEN,"2025-02-22 20:26:01",1,0,{},3,37,2,1,0,1,40,3,37,2,1,0,1,40
68,dublin,"HANOVER QUAY","Hanover Quay",53.3441,-6.23715,0,0,OPEN,"2025-02-22 20:38:15",1,0,{},2,38,1,1,0,1,40,2,38,1,1,0,1,40
68,dublin,"HANOVER QUAY","Hanover Quay",53.3441,-6.23715,0,0,OPEN,"2025-02-22 20:48:02",1,0,{},1,39,1,0,0,0,40,1,39,1,0,0,0,40
68,dublin,"HANOVER QUAY","Hanover Quay",53.3441,-6.23715,0,0,OPEN,"2025-02-22 20:54:27",1,0,{},4,36,2,2,0,2,40,4,36,2,2,0,2,40
68,dublin,"HANOVER QUAY","Hanover Quay",53.3441,-6.23715,0,0,OPEN,"2025-02-22 20:57:41",1,0,{},3,37,1,2,0,2,40,3,37,1,2,0,2,40
68,dublin,"HANOVER QUAY","Hanover Quay",53.3441,-6.23715,0,0,OPEN,"2025-02-22 21:06:25",1,0,{},3,37,1,2,0,2,40,3,37,1,2,0,2,40
68,dublin,"HANOVER QUAY","Hanover Quay",53.3441,-6.23715,0,0,OPEN,"2025-02-22 21:16:29",1,0,{},3,37,1,2,0,2,40,3,37,1,2,0,2,40
68,dublin,"HANOVER QUAY","Hanover Quay",53.3441,-6.23715,0,0,OPEN,"2025-02-22 21:26:31",1,0,{},3,37,1,2,0,2,40,3,37,1,2,0,2,40
68,dublin,"HANOVER QUAY","Hanover Quay",53.3441,-6.23715,0,0,OPEN,"2025-02-22 21:36:35",1,0,{},3,37,1,2,0,2,40,3,37,1,2,0,2,40
68,dublin,"HANOVER QUAY","Hanover Quay",53.3441,-6.23715,0,0,OPEN,"2025-02-22 21:46:38",1,0,{},3,37,1,2,0,2,40,3,37,1,2,0,2,40
68,dublin,"HANOVER QUAY","Hanover Quay",53.3441,-6.23715,0,0,OPEN,"2025-02-22 21:56:42",1,0,{},3,37,1,2,0,2,40,3,37,1,2,0,2,40
68,dublin,"HANOVER QUAY","Hanover Quay",53.3441,-6.23715,0,0,OPEN,"2025-02-22 21:59:47",1,0,{},2,38,0,2,0,2,40,2,38,0,2,0,2,40
68,dublin,"HANOVER QUAY","Hanover Quay",53.3441,-6.23715,0,0,OPEN,"2025-02-22 22:06:46",1,0,{},3,37,1,2,0,2,40,3,37,1,2,0,2,40
68,dublin,"HANOVER QUAY","Hanover Quay",53.3441,-6.23715,0,0,OPEN,"2025-02-22 22:16:51",1,0,{},3,37,1,2,0,2,40,3,37,1,2,0,2,40
69,dublin,"GRAND CANAL DOCK","Grand Canal Dock",53.3426,-6.2387,0,0,OPEN,"2025-02-22 02:54:31",1,0,{},1,39,1,0,0,0,40,1,39,1,0,0,0,40
69,dublin,"GRAND CANAL DOCK","Grand Canal Dock",53.3426,-6.2387,0,0,OPEN,"2025-02-22 03:04:35",1,0,{},1,39,1,0,0,0,40,1,39,1,0,0,0,40
69,dublin,"GRAND CANAL DOCK","Grand Canal Dock",53.3426,-6.2387,0,0,OPEN,"2025-02-22 03:14:39",1,0,{},1,39,1,0,0,0,40,1,39,1,0,0,0,40
69,dublin,"GRAND CANAL DOCK","Grand Canal Dock",53.3426,-6.2387,0,0,OPEN,"2025-02-22 10:12:37",1,0,{},8,32,6,2,0,2,40,8,32,6,2,0,2,40
69,dublin,"GRAND CANAL DOCK","Grand Canal Dock",53.3426,-6.2387,0,0,OPEN,"2025-02-22 10:17:15",1,0,{},9,31,7,2,0,2,40,9,31,7,2,0,2,40
69,dublin,"GRAND CANAL DOCK","Grand Canal Dock",53.3426,-6.2387,0,0,OPEN,"2025-02-22 10:22:44",1,0,{},10,30,8,2,0,2,40,10,30,8,2,0,2,40
69,dublin,"GRAND CANAL DOCK","Grand Canal Dock",53.3426,-6.2387,0,0,OPEN,"2025-02-22 10:32:50",1,0,{},10,30,8,2,0,2,40,10,30,8,2,0,2,40
69,dublin,"GRAND CANAL DOCK","Grand Canal Dock",53.3426,-6.2387,0,0,OPEN,"2025-02-22 10:42:58",1,0,{},9,31,7,2,0,2,40,9,31,7,2,0,2,40
69,dublin,"GRAND CANAL DOCK","Grand Canal Dock",53.3426,-6.2387,0,0,OPEN,"2025-02-22 10:44:43",1,0,{},11,29,9,2,0,2,40,11,29,9,2,0,2,40
69,dublin,"GRAND CANAL DOCK","Grand Canal Dock",53.3426,-6.2387,0,0,OPEN,"2025-02-22 10:53:03",1,0,{},12,28,10,2,0,2,40,12,28,10,2,0,2,40
69,dublin,"GRAND CANAL DOCK","Grand Canal Dock",53.3426,-6.2387,0,0,OPEN,"2025-02-22 11:03:09",1,0,{},11,29,9,2,0,2,40,11,29,9,2,0,2,40
69,dublin,"GRAND CANAL DOCK","Grand Canal Dock",53.3426,-6.2387,0,0,OPEN,"2025-02-22 11:07:56",1,0,{},13,27,11,2,0,2,40,13,27,11,2,0,2,40
69,dublin,"GRAND CANAL DOCK","Grand Canal Dock",53.3426,-6.2387,0,0,OPEN,"2025-02-22 11:13:17",1,0,{},11,29,9,2,0,2,40,11,29,9,2,0,2,40
69,dublin,"GRAND CANAL DOCK","Grand Canal Dock",53.3426,-6.2387,0,0,OPEN,"2025-02-22 11:18:30",1,0,{},10,30,9,1,0,1,40,10,30,9,1,0,1,40
69,dublin,"GRAND CANAL DOCK","Grand Canal Dock",53.3426,-6.2387,0,0,OPEN,"2025-02-22 11:23:27",1,0,{},9,31,8,1,0,1,40,9,31,8,1,0,1,40
69,dublin,"GRAND CANAL DOCK","Grand Canal Dock",53.3426,-6.2387,0,0,OPEN,"2025-02-22 11:26:23",1,0,{},10,30,8,2,0,2,40,10,30,8,2,0,2,40
69,dublin,"GRAND CANAL DOCK","Grand Canal Dock",53.3426,-6.2387,0,0,OPEN,"2025-02-22 11:33:07",1,0,{},8,32,6,2,0,2,40,8,32,6,2,0,2,40
69,dublin,"GRAND CANAL DOCK","Grand Canal Dock",53.3426,-6.2387,0,0,OPEN,"2025-02-22 11:33:36",1,0,{},8,32,6,2,0,2,40,8,32,6,2,0,2,40
69,dublin,"GRAND CANAL DOCK","Grand Canal Dock",53.3426,-6.2387,0,0,OPEN,"2025-02-22 11:42:23",1,0,{},9,31,7,2,0,2,40,9,31,7,2,0,2,40
69,dublin,"GRAND CANAL DOCK","Grand Canal Dock",53.3426,-6.2387,0,0,OPEN,"2025-02-22 11:47:29",1,0,{},8,32,6,2,0,2,40,8,32,6,2,0,2,40
69,dublin,"GRAND CANAL DOCK","Grand Canal Dock",53.3426,-6.2387,0,0,OPEN,"2025-02-22 11:58:28",1,0,{},11,29,9,2,0,2,40,11,29,9,2,0,2,40
69,dublin,"GRAND CANAL DOCK","Grand Canal Dock",53.3426,-6.2387,0,0,OPEN,"2025-02-22 12:01:02",1,0,{},11,29,10,1,0,1,40,11,29,10,1,0,1,40
69,dublin,"GRAND CANAL DOCK","Grand Canal Dock",53.3426,-6.2387,0,0,OPEN,"2025-02-22 12:04:21",1,0,{},10,30,9,1,0,1,40,10,30,9,1,0,1,40
69,dublin,"GRAND CANAL DOCK","Grand Canal Dock",53.3426,-6.2387,0,0,OPEN,"2025-02-22 12:11:03",1,0,{},8,32,8,0,0,0,40,8,32,8,0,0,0,40
69,dublin,"GRAND CANAL DOCK","Grand Canal Dock",53.3426,-6.2387,0,0,OPEN,"2025-02-22 12:18:23",1,0,{},5,35,5,0,0,0,40,5,35,5,0,0,0,40
69,dublin,"GRAND CANAL DOCK","Grand Canal Dock",53.3426,-6.2387,0,0,OPEN,"2025-02-22 12:21:31",1,0,{},7,33,7,0,0,0,40,7,33,7,0,0,0,40
69,dublin,"GRAND CANAL DOCK","Grand Canal Dock",53.3426,-6.2387,0,0,OPEN,"2025-02-22 12:27:11",1,0,{},5,35,5,0,0,0,40,5,35,5,0,0,0,40
69,dublin,"GRAND CANAL DOCK","Grand Canal Dock",53.3426,-6.2387,0,0,OPEN,"2025-02-22 12:32:52",1,0,{},4,36,4,0,0,0,40,4,36,4,0,0,0,40
69,dublin,"GRAND CANAL DOCK","Grand Canal Dock",53.3426,-6.2387,0,0,OPEN,"2025-02-22 12:38:14",1,0,{},2,38,2,0,0,0,40,2,38,2,0,0,0,40
69,dublin,"GRAND CANAL DOCK","Grand Canal Dock",53.3426,-6.2387,0,0,OPEN,"2025-02-22 12:39:40",1,0,{},3,37,3,0,0,0,40,3,37,3,0,0,0,40
69,dublin,"GRAND CANAL DOCK","Grand Canal Dock",53.3426,-6.2387,0,0,OPEN,"2025-02-22 12:44:38",1,0,{},3,37,3,0,0,0,40,3,37,3,0,0,0,40
69,dublin,"GRAND CANAL DOCK","Grand Canal Dock",53.3426,-6.2387,0,0,OPEN,"2025-02-22 12:49:58",1,0,{},1,39,1,0,0,0,40,1,39,1,0,0,0,40
69,dublin,"GRAND CANAL DOCK","Grand Canal Dock",53.3426,-6.2387,0,0,OPEN,"2025-02-22 12:58:31",1,0,{},4,36,3,1,0,1,40,4,36,3,1,0,1,40
69,dublin,"GRAND CANAL DOCK","Grand Canal Dock",53.3426,-6.2387,0,0,OPEN,"2025-02-22 13:06:26",1,0,{},4,36,3,1,0,1,40,4,36,3,1,0,1,40
69,dublin,"GRAND CANAL DOCK","Grand Canal Dock",53.3426,-6.2387,0,0,OPEN,"2025-02-22 13:09:04",1,0,{},3,37,2,1,0,1,40,3,37,2,1,0,1,40
69,dublin,"GRAND CANAL DOCK","Grand Canal Dock",53.3426,-6.2387,0,0,OPEN,"2025-02-22 13:18:19",1,0,{},4,36,3,1,0,1,40,4,36,3,1,0,1,40
69,dublin,"GRAND CANAL DOCK","Grand Canal Dock",53.3426,-6.2387,0,0,OPEN,"2025-02-22 13:22:53",1,0,{},3,37,2,1,0,1,40,3,37,2,1,0,1,40
69,dublin,"GRAND CANAL DOCK","Grand Canal Dock",53.3426,-6.2387,0,0,OPEN,"2025-02-22 13:25:10",1,0,{},3,37,2,1,0,1,40,3,37,2,1,0,1,40
69,dublin,"GRAND CANAL DOCK","Grand Canal Dock",53.3426,-6.2387,0,0,OPEN,"2025-02-22 13:32:28",1,0,{},4,36,3,1,0,1,40,4,36,3,1,0,1,40
69,dublin,"GRAND CANAL DOCK","Grand Canal Dock",53.3426,-6.2387,0,0,OPEN,"2025-02-22 13:37:42",1,0,{},3,37,2,1,0,1,40,3,37,2,1,0,1,40
69,dublin,"GRAND CANAL DOCK","Grand Canal Dock",53.3426,-6.2387,0,0,OPEN,"2025-02-22 13:47:32",1,0,{},0,40,0,0,0,0,40,0,40,0,0,0,0,40
69,dublin,"GRAND CANAL DOCK","Grand Canal Dock",53.3426,-6.2387,0,0,OPEN,"2025-02-22 13:51:45",1,0,{},3,37,2,1,0,1,40,3,37,2,1,0,1,40
69,dublin,"GRAND CANAL DOCK","Grand Canal Dock",53.3426,-6.2387,0,0,OPEN,"2025-02-22 13:57:31",1,0,{},5,35,3,2,0,2,40,5,35,3,2,0,2,40
69,dublin,"GRAND CANAL DOCK","Grand Canal Dock",53.3426,-6.2387,0,0,OPEN,"2025-02-22 13:59:57",1,0,{},4,36,2,2,0,2,40,4,36,2,2,0,2,40
69,dublin,"GRAND CANAL DOCK","Grand Canal Dock",53.3426,-6.2387,0,0,OPEN,"2025-02-22 14:05:40",1,0,{},5,35,3,2,0,2,40,5,35,3,2,0,2,40
69,dublin,"GRAND CANAL DOCK","Grand Canal Dock",53.3426,-6.2387,0,0,OPEN,"2025-02-22 14:13:16",1,0,{},3,37,2,1,0,1,40,3,37,2,1,0,1,40
69,dublin,"GRAND CANAL DOCK","Grand Canal Dock",53.3426,-6.2387,0,0,OPEN,"2025-02-22 14:15:50",1,0,{},2,38,2,0,0,0,40,2,38,2,0,0,0,40
69,dublin,"GRAND CANAL DOCK","Grand Canal Dock",53.3426,-6.2387,0,0,OPEN,"2025-02-22 14:27:39",1,0,{},4,36,3,1,0,1,40,4,36,3,1,0,1,40
69,dublin,"GRAND CANAL DOCK","Grand Canal Dock",53.3426,-6.2387,0,0,OPEN,"2025-02-22 14:29:05",1,0,{},3,37,3,0,0,0,40,3,37,3,0,0,0,40
69,dublin,"GRAND CANAL DOCK","Grand Canal Dock",53.3426,-6.2387,0,0,OPEN,"2025-02-22 14:37:54",1,0,{},7,33,7,0,0,0,40,7,33,7,0,0,0,40
69,dublin,"GRAND CANAL DOCK","Grand Canal Dock",53.3426,-6.2387,0,0,OPEN,"2025-02-22 14:43:23",1,0,{},8,32,7,1,0,1,40,8,32,7,1,0,1,40
69,dublin,"GRAND CANAL DOCK","Grand Canal Dock",53.3426,-6.2387,0,0,OPEN,"2025-02-22 14:46:17",1,0,{},5,35,4,1,0,1,40,5,35,4,1,0,1,40
69,dublin,"GRAND CANAL DOCK","Grand Canal Dock",53.3426,-6.2387,0,0,OPEN,"2025-02-22 14:56:24",1,0,{},4,36,4,0,0,0,40,4,36,4,0,0,0,40
69,dublin,"GRAND CANAL DOCK","Grand Canal Dock",53.3426,-6.2387,0,0,OPEN,"2025-02-22 15:02:19",1,0,{},5,35,5,0,0,0,40,5,35,5,0,0,0,40
69,dublin,"GRAND CANAL DOCK","Grand Canal Dock",53.3426,-6.2387,0,0,OPEN,"2025-02-22 15:06:30",1,0,{},6,34,5,1,0,1,40,6,34,5,1,0,1,40
69,dublin,"GRAND CANAL DOCK","Grand Canal Dock",53.3426,-6.2387,0,0,OPEN,"2025-02-22 15:13:29",1,0,{},9,31,8,1,0,1,40,9,31,8,1,0,1,40
69,dublin,"GRAND CANAL DOCK","Grand Canal Dock",53.3426,-6.2387,0,0,OPEN,"2025-02-22 15:18:32",1,0,{},8,32,7,1,0,1,40,8,32,7,1,0,1,40
69,dublin,"GRAND CANAL DOCK","Grand Canal Dock",53.3426,-6.2387,0,0,OPEN,"2025-02-22 15:21:58",1,0,{},6,34,5,1,0,1,40,6,34,5,1,0,1,40
69,dublin,"GRAND CANAL DOCK","Grand Canal Dock",53.3426,-6.2387,0,0,OPEN,"2025-02-22 15:27:31",1,0,{},7,33,6,1,0,1,40,7,33,6,1,0,1,40
69,dublin,"GRAND CANAL DOCK","Grand Canal Dock",53.3426,-6.2387,0,0,OPEN,"2025-02-22 15:29:43",1,0,{},6,34,6,0,0,0,40,6,34,6,0,0,0,40
69,dublin,"GRAND CANAL DOCK","Grand Canal Dock",53.3426,-6.2387,0,0,OPEN,"2025-02-22 15:37:01",1,0,{},6,34,6,0,0,0,40,6,34,6,0,0,0,40
69,dublin,"GRAND CANAL DOCK","Grand Canal Dock",53.3426,-6.2387,0,0,OPEN,"2025-02-22 15:39:06",1,0,{},5,35,5,0,0,0,40,5,35,5,0,0,0,40
69,dublin,"GRAND CANAL DOCK","Grand Canal Dock",53.3426,-6.2387,0,0,OPEN,"2025-02-22 15:47:31",1,0,{},5,35,4,1,0,1,40,5,35,4,1,0,1,40
69,dublin,"GRAND CANAL DOCK","Grand Canal Dock",53.3426,-6.2387,0,0,OPEN,"2025-02-22 15:52:07",1,0,{},5,35,4,1,0,1,40,5,35,4,1,0,1,40
69,dublin,"GRAND CANAL DOCK","Grand Canal Dock",53.3426,-6.2387,0,0,OPEN,"2025-02-22 15:57:19",1,0,{},5,35,4,1,0,1,40,5,35,4,1,0,1,40
69,dublin,"GRAND CANAL DOCK","Grand Canal Dock",53.3426,-6.2387,0,0,OPEN,"2025-02-22 16:03:31",1,0,{},7,33,6,1,0,1,40,7,33,6,1,0,1,40
69,dublin,"GRAND CANAL DOCK","Grand Canal Dock",53.3426,-6.2387,0,0,OPEN,"2025-02-22 16:07:45",1,0,{},7,33,6,1,0,1,40,7,33,6,1,0,1,40
69,dublin,"GRAND CANAL DOCK","Grand Canal Dock",53.3426,-6.2387,0,0,OPEN,"2025-02-22 16:17:33",1,0,{},7,33,6,1,0,1,40,7,33,6,1,0,1,40
69,dublin,"GRAND CANAL DOCK","Grand Canal Dock",53.3426,-6.2387,0,0,OPEN,"2025-02-22 16:21:51",1,0,{},9,31,7,2,0,2,40,9,31,7,2,0,2,40
69,dublin,"GRAND CANAL DOCK","Grand Canal Dock",53.3426,-6.2387,0,0,OPEN,"2025-02-22 16:27:38",1,0,{},9,31,7,2,0,2,40,9,31,7,2,0,2,40
69,dublin,"GRAND CANAL DOCK","Grand Canal Dock",53.3426,-6.2387,0,0,OPEN,"2025-02-22 16:37:46",1,0,{},8,32,6,2,0,2,40,8,32,6,2,0,2,40
69,dublin,"GRAND CANAL DOCK","Grand Canal Dock",53.3426,-6.2387,0,0,OPEN,"2025-02-22 16:41:42",1,0,{},6,34,4,2,0,2,40,6,34,4,2,0,2,40
69,dublin,"GRAND CANAL DOCK","Grand Canal Dock",53.3426,-6.2387,0,0,OPEN,"2025-02-22 16:47:56",1,0,{},7,33,5,2,0,2,40,7,33,5,2,0,2,40
69,dublin,"GRAND CANAL DOCK","Grand Canal Dock",53.3426,-6.2387,0,0,OPEN,"2025-02-22 16:58:31",1,0,{},6,34,4,2,0,2,40,6,34,4,2,0,2,40
69,dublin,"GRAND CANAL DOCK","Grand Canal Dock",53.3426,-6.2387,0,0,OPEN,"2025-02-22 16:58:33",1,0,{},5,35,3,2,0,2,40,5,35,3,2,0,2,40
69,dublin,"GRAND CANAL DOCK","Grand Canal Dock",53.3426,-6.2387,0,0,OPEN,"2025-02-22 17:08:22",1,0,{},5,35,3,2,0,2,40,5,35,3,2,0,2,40
69,dublin,"GRAND CANAL DOCK","Grand Canal Dock",53.3426,-6.2387,0,0,OPEN,"2025-02-22 17:13:19",1,0,{},9,31,7,2,0,2,40,9,31,7,2,0,2,40
69,dublin,"GRAND CANAL DOCK","Grand Canal Dock",53.3426,-6.2387,0,0,OPEN,"2025-02-22 17:18:19",1,0,{},8,32,7,1,0,1,40,8,32,7,1,0,1,40
69,dublin,"GRAND CANAL DOCK","Grand Canal Dock",53.3426,-6.2387,0,0,OPEN,"2025-02-22 17:20:38",1,0,{},7,33,6,1,0,1,40,7,33,6,1,0,1,40
69,dublin,"GRAND CANAL DOCK","Grand Canal Dock",53.3426,-6.2387,0,0,OPEN,"2025-02-22 17:28:29",1,0,{},8,32,6,2,0,2,40,8,32,6,2,0,2,40
69,dublin,"GRAND CANAL DOCK","Grand Canal Dock",53.3426,-6.2387,0,0,OPEN,"2025-02-22 17:32:01",1,0,{},6,34,5,1,0,1,40,6,34,5,1,0,1,40
69,dublin,"GRAND CANAL DOCK","Grand Canal Dock",53.3426,-6.2387,0,0,OPEN,"2025-02-22 17:36:17",1,0,{},5,35,4,1,0,1,40,5,35,4,1,0,1,40
69,dublin,"GRAND CANAL DOCK","Grand Canal Dock",53.3426,-6.2387,0,0,OPEN,"2025-02-22 17:42:48",1,0,{},2,38,1,1,0,1,40,2,38,1,1,0,1,40
69,dublin,"GRAND CANAL DOCK","Grand Canal Dock",53.3426,-6.2387,0,0,OPEN,"2025-02-22 17:48:50",1,0,{},2,38,1,1,0,1,40,2,38,1,1,0,1,40
69,dublin,"GRAND CANAL DOCK","Grand Canal Dock",53.3426,-6.2387,0,0,OPEN,"2025-02-22 17:54:22",1,0,{},6,34,2,4,0,4,40,6,34,2,4,0,4,40
69,dublin,"GRAND CANAL DOCK","Grand Canal Dock",53.3426,-6.2387,0,0,OPEN,"2025-02-22 18:03:28",1,0,{},5,35,1,4,0,4,40,5,35,1,4,0,4,40
69,dublin,"GRAND CANAL DOCK","Grand Canal Dock",53.3426,-6.2387,0,0,OPEN,"2025-02-22 18:09:02",1,0,{},5,35,1,4,0,4,40,5,35,1,4,0,4,40
69,dublin,"GRAND CANAL DOCK","Grand Canal Dock",53.3426,-6.2387,0,0,OPEN,"2025-02-22 18:16:45",1,0,{},4,36,1,3,0,3,40,4,36,1,3,0,3,40
69,dublin,"GRAND CANAL DOCK","Grand Canal Dock",53.3426,-6.2387,0,0,OPEN,"2025-02-22 18:19:11",1,0,{},4,36,1,3,0,3,40,4,36,1,3,0,3,40
69,dublin,"GRAND CANAL DOCK","Grand Canal Dock",53.3426,-6.2387,0,0,OPEN,"2025-02-22 18:25:27",1,0,{},5,35,1,4,0,4,40,5,35,1,4,0,4,40
69,dublin,"GRAND CANAL DOCK","Grand Canal Dock",53.3426,-6.2387,0,0,OPEN,"2025-02-22 18:33:32",1,0,{},3,37,0,3,0,3,40,3,37,0,3,0,3,40
69,dublin,"GRAND CANAL DOCK","Grand Canal Dock",53.3426,-6.2387,0,0,OPEN,"2025-02-22 18:39:27",1,0,{},2,38,0,2,0,2,40,2,38,0,2,0,2,40
69,dublin,"GRAND CANAL DOCK","Grand Canal Dock",53.3426,-6.2387,0,0,OPEN,"2025-02-22 18:40:06",1,0,{},0,40,0,0,0,0,40,0,40,0,0,0,0,40
69,dublin,"GRAND CANAL DOCK","Grand Canal Dock",53.3426,-6.2387,0,0,OPEN,"2025-02-22 18:46:56",1,0,{},1,39,1,0,0,0,40,1,39,1,0,0,0,40
69,dublin,"GRAND CANAL DOCK","Grand Canal Dock",53.3426,-6.2387,0,0,OPEN,"2025-02-22 18:52:27",1,0,{},4,36,4,0,0,0,40,4,36,4,0,0,0,40
69,dublin,"GRAND CANAL DOCK","Grand Canal Dock",53.3426,-6.2387,0,0,OPEN,"2025-02-22 18:59:42",1,0,{},4,36,4,0,0,0,40,4,36,4,0,0,0,40
69,dublin,"GRAND CANAL DOCK","Grand Canal Dock",53.3426,-6.2387,0,0,OPEN,"2025-02-22 19:06:42",1,0,{},2,38,2,0,0,0,40,2,38,2,0,0,0,40
69,dublin,"GRAND CANAL DOCK","Grand Canal Dock",53.3426,-6.2387,0,0,OPEN,"2025-02-22 19:13:48",1,0,{},4,36,3,1,0,1,40,4,36,3,1,0,1,40
69,dublin,"GRAND CANAL DOCK","Grand Canal Dock",53.3426,-6.2387,0,0,OPEN,"2025-02-22 19:19:56",1,0,{},4,36,3,1,0,1,40,4,36,3,1,0,1,40
69,dublin,"GRAND CANAL DOCK","Grand Canal Dock",53.3426,-6.2387,0,0,OPEN,"2025-02-22 19:30:01",1,0,{},4,36,3,1,0,1,40,4,36,3,1,0,1,40
69,dublin,"GRAND CANAL DOCK","Grand Canal Dock",53.3426,-6.2387,0,0,OPEN,"2025-02-22 19:35:01",1,0,{},5,35,3,2,0,2,40,5,35,3,2,0,2,40
69,dublin,"GRAND CANAL DOCK","Grand Canal Dock",53.3426,-6.2387,0,0,OPEN,"2025-02-22 19:43:09",1,0,{},7,33,4,3,0,3,40,7,33,4,3,0,3,40
69,dublin,"GRAND CANAL DOCK","Grand Canal Dock",53.3426,-6.2387,0,0,OPEN,"2025-02-22 19:50:15",1,0,{},7,33,4,3,0,3,40,7,33,4,3,0,3,40
69,dublin,"GRAND CANAL DOCK","Grand Canal Dock",53.3426,-6.2387,0,0,OPEN,"2025-02-22 19:59:19",1,0,{},6,34,3,3,0,3,40,6,34,3,3,0,3,40
69,dublin,"GRAND CANAL DOCK","Grand Canal Dock",53.3426,-6.2387,0,0,OPEN,"2025-02-22 20:04:09",1,0,{},7,33,3,4,0,4,40,7,33,3,4,0,4,40
69,dublin,"GRAND CANAL DOCK","Grand Canal Dock",53.3426,-6.2387,0,0,OPEN,"2025-02-22 20:04:44",1,0,{},7,33,3,4,0,4,40,7,33,3,4,0,4,40
69,dublin,"GRAND CANAL DOCK","Grand Canal Dock",53.3426,-6.2387,0,0,OPEN,"2025-02-22 20:10:28",1,0,{},7,33,3,4,0,4,40,7,33,3,4,0,4,40
69,dublin,"GRAND CANAL DOCK","Grand Canal Dock",53.3426,-6.2387,0,0,OPEN,"2025-02-22 20:20:34",1,0,{},7,33,3,4,0,4,40,7,33,3,4,0,4,40
69,dublin,"GRAND CANAL DOCK","Grand Canal Dock",53.3426,-6.2387,0,0,OPEN,"2025-02-22 20:30:39",1,0,{},7,33,3,4,0,4,40,7,33,3,4,0,4,40
69,dublin,"GRAND CANAL DOCK","Grand Canal Dock",53.3426,-6.2387,0,0,OPEN,"2025-02-22 20:35:11",1,0,{},8,32,4,4,0,4,40,8,32,4,4,0,4,40
69,dublin,"GRAND CANAL DOCK","Grand Canal Dock",53.3426,-6.2387,0,0,OPEN,"2025-02-22 20:40:45",1,0,{},8,32,4,4,0,4,40,8,32,4,4,0,4,40
69,dublin,"GRAND CANAL DOCK","Grand Canal Dock",53.3426,-6.2387,0,0,OPEN,"2025-02-22 20:53:46",1,0,{},6,34,3,3,0,3,40,6,34,3,3,0,3,40
69,dublin,"GRAND CANAL DOCK","Grand Canal Dock",53.3426,-6.2387,0,0,OPEN,"2025-02-22 21:00:58",1,0,{},7,33,4,3,0,3,40,7,33,4,3,0,3,40
69,dublin,"GRAND CANAL DOCK","Grand Canal Dock",53.3426,-6.2387,0,0,OPEN,"2025-02-22 21:08:22",1,0,{},6,34,3,3,0,3,40,6,34,3,3,0,3,40
69,dublin,"GRAND CANAL DOCK","Grand Canal Dock",53.3426,-6.2387,0,0,OPEN,"2025-02-22 21:11:06",1,0,{},6,34,3,3,0,3,40,6,34,3,3,0,3,40
69,dublin,"GRAND CANAL DOCK","Grand Canal Dock",53.3426,-6.2387,0,0,OPEN,"2025-02-22 21:16:02",1,0,{},7,33,4,3,0,3,40,7,33,4,3,0,3,40
69,dublin,"GRAND CANAL DOCK","Grand Canal Dock",53.3426,-6.2387,0,0,OPEN,"2025-02-22 21:21:11",1,0,{},7,33,4,3,0,3,40,7,33,4,3,0,3,40
69,dublin,"GRAND CANAL DOCK","Grand Canal Dock",53.3426,-6.2387,0,0,OPEN,"2025-02-22 21:24:40",1,0,{},6,34,3,3,0,3,40,6,34,3,3,0,3,40
69,dublin,"GRAND CANAL DOCK","Grand Canal Dock",53.3426,-6.2387,0,0,OPEN,"2025-02-22 21:31:20",1,0,{},7,33,3,4,0,4,40,7,33,3,4,0,4,40
69,dublin,"GRAND CANAL DOCK","Grand Canal Dock",53.3426,-6.2387,0,0,OPEN,"2025-02-22 21:41:25",1,0,{},7,33,3,4,0,4,40,7,33,3,4,0,4,40
69,dublin,"GRAND CANAL DOCK","Grand Canal Dock",53.3426,-6.2387,0,0,OPEN,"2025-02-22 21:44:43",1,0,{},8,32,4,4,0,4,40,8,32,4,4,0,4,40
69,dublin,"GRAND CANAL DOCK","Grand Canal Dock",53.3426,-6.2387,0,0,OPEN,"2025-02-22 21:53:22",1,0,{},7,33,3,4,0,4,40,7,33,3,4,0,4,40
69,dublin,"GRAND CANAL DOCK","Grand Canal Dock",53.3426,-6.2387,0,0,OPEN,"2025-02-22 21:58:36",1,0,{},8,32,4,4,0,4,40,8,32,4,4,0,4,40
69,dublin,"GRAND CANAL DOCK","Grand Canal Dock",53.3426,-6.2387,0,0,OPEN,"2025-02-22 22:01:39",1,0,{},8,32,4,4,0,4,40,8,32,4,4,0,4,40
69,dublin,"GRAND CANAL DOCK","Grand Canal Dock",53.3426,-6.2387,0,0,OPEN,"2025-02-22 22:11:45",1,0,{},10,30,6,4,0,4,40,10,30,6,4,0,4,40
71,dublin,"KEVIN STREET","Kevin Street",53.3378,-6.2677,0,0,OPEN,"2025-02-22 02:59:09",1,0,{},8,32,6,2,0,2,40,8,32,6,2,0,2,40
71,dublin,"KEVIN STREET","Kevin Street",53.3378,-6.2677,0,0,OPEN,"2025-02-22 03:09:13",1,0,{},8,32,6,2,0,2,40,8,32,6,2,0,2,40
71,dublin,"KEVIN STREET","Kevin Street",53.3378,-6.2677,0,0,OPEN,"2025-02-22 03:15:34",1,0,{},8,32,6,2,0,2,40,8,32,6,2,0,2,40
71,dublin,"KEVIN STREET","Kevin Street",53.3378,-6.2677,0,0,OPEN,"2025-02-22 03:16:33",1,0,{},8,32,6,2,0,2,40,8,32,6,2,0,2,40
71,dublin,"KEVIN STREET","Kevin Street",53.3378,-6.2677,0,0,OPEN,"2025-02-22 10:09:28",1,0,{},8,32,5,3,0,3,40,8,32,5,3,0,3,40
71,dublin,"KEVIN STREET","Kevin Street",53.3378,-6.2677,0,0,OPEN,"2025-02-22 10:19:33",1,0,{},8,32,5,3,0,3,40,8,32,5,3,0,3,40
71,dublin,"KEVIN STREET","Kevin Street",53.3378,-6.2677,0,0,OPEN,"2025-02-22 10:32:04",1,0,{},7,33,4,3,0,3,40,7,33,4,3,0,3,40
71,dublin,"KEVIN STREET","Kevin Street",53.3378,-6.2677,0,0,OPEN,"2025-02-22 10:40:55",1,0,{},8,32,5,3,0,3,40,8,32,5,3,0,3,40
71,dublin,"KEVIN STREET","Kevin Street",53.3378,-6.2677,0,0,OPEN,"2025-02-22 10:49:53",1,0,{},7,33,5,2,0,2,40,7,33,5,2,0,2,40
71,dublin,"KEVIN STREET","Kevin Street",53.3378,-6.2677,0,0,OPEN,"2025-02-22 10:59:59",1,0,{},7,33,5,2,0,2,40,7,33,5,2,0,2,40
71,dublin,"KEVIN STREET","Kevin Street",53.3378,-6.2677,0,0,OPEN,"2025-02-22 11:05:21",1,0,{},8,32,5,3,0,3,40,8,32,5,3,0,3,40
71,dublin,"KEVIN STREET","Kevin Street",53.3378,-6.2677,0,0,OPEN,"2025-02-22 11:10:04",1,0,{},8,32,5,3,0,3,40,8,32,5,3,0,3,40
71,dublin,"KEVIN STREET","Kevin Street",53.3378,-6.2677,0,0,OPEN,"2025-02-22 11:20:11",1,0,{},9,31,5,4,0,4,40,9,31,5,4,0,4,40
71,dublin,"KEVIN STREET","Kevin Street",53.3378,-6.2677,0,0,OPEN,"2025-02-22 11:26:19",1,0,{},10,30,6,4,0,4,40,10,30,6,4,0,4,40
71,dublin,"KEVIN STREET","Kevin Street",53.3378,-6.2677,0,0,OPEN,"2025-02-22 11:30:16",1,0,{},10,30,6,4,0,4,40,10,30,6,4,0,4,40
71,dublin,"KEVIN STREET","Kevin Street",53.3378,-6.2677,0,0,OPEN,"2025-02-22 11:37:32",1,0,{},9,31,6,3,0,3,40,9,31,6,3,0,3,40
71,dublin,"KEVIN STREET","Kevin Street",53.3378,-6.2677,0,0,OPEN,"2025-02-22 11:40:25",1,0,{},9,31,6,3,0,3,40,9,31,6,3,0,3,40
71,dublin,"KEVIN STREET","Kevin Street",53.3378,-6.2677,0,0,OPEN,"2025-02-22 11:46:57",1,0,{},9,31,6,3,0,3,40,9,31,6,3,0,3,40
71,dublin,"KEVIN STREET","Kevin Street",53.3378,-6.2677,0,0,OPEN,"2025-02-22 11:50:32",1,0,{},9,31,6,3,0,3,40,9,31,6,3,0,3,40
71,dublin,"KEVIN STREET","Kevin Street",53.3378,-6.2677,0,0,OPEN,"2025-02-22 12:00:38",1,0,{},8,32,5,3,0,3,40,8,32,5,3,0,3,40
71,dublin,"KEVIN STREET","Kevin Street",53.3378,-6.2677,0,0,OPEN,"2025-02-22 12:04:06",1,0,{},7,33,4,3,0,3,40,7,33,4,3,0,3,40
71,dublin,"KEVIN STREET","Kevin Street",53.3378,-6.2677,0,0,OPEN,"2025-02-22 12:11:57",1,0,{},7,33,4,3,0,3,40,7,33,4,3,0,3,40
71,dublin,"KEVIN STREET","Kevin Street",53.3378,-6.2677,0,0,OPEN,"2025-02-22 12:20:53",1,0,{},7,33,4,3,0,3,40,7,33,4,3,0,3,40
71,dublin,"KEVIN STREET","Kevin Street",53.3378,-6.2677,0,0,OPEN,"2025-02-22 12:33:29",1,0,{},6,34,3,3,0,3,40,6,34,3,3,0,3,40
71,dublin,"KEVIN STREET","Kevin Street",53.3378,-6.2677,0,0,OPEN,"2025-02-22 12:41:06",1,0,{},6,34,3,3,0,3,40,6,34,3,3,0,3,40
71,dublin,"KEVIN STREET","Kevin Street",53.3378,-6.2677,0,0,OPEN,"2025-02-22 12:51:14",1,0,{},4,36,1,3,0,3,40,4,36,1,3,0,3,40
71,dublin,"KEVIN STREET","Kevin Street",53.3378,-6.2677,0,0,OPEN,"2025-02-22 13:01:20",1,0,{},5,35,2,3,0,3,40,5,35,2,3,0,3,40
71,dublin,"KEVIN STREET","Kevin Street",53.3378,-6.2677,0,0,OPEN,"2025-02-22 13:04:48",1,0,{},6,34,2,4,0,4,40,6,34,2,4,0,4,40
71,dublin,"KEVIN STREET","Kevin Street",53.3378,-6.2677,0,0,OPEN,"2025-02-22 13:11:27",1,0,{},6,34,2,4,0,4,40,6,34,2,4,0,4,40
71,dublin,"KEVIN STREET","Kevin Street",53.3378,-6.2677,0,0,OPEN,"2025-02-22 13:21:32",1,0,{},6,34,2,4,0,4,40,6,34,2,4,0,4,40
71,dublin,"KEVIN STREET","Kevin Street",53.3378,-6.2677,0,0,OPEN,"2025-02-22 13:24:12",1,0,{},7,33,2,5,0,5,40,7,33,2,5,0,5,40
71,dublin,"KEVIN STREET","Kevin Street",53.3378,-6.2677,0,0,OPEN,"2025-02-22 13:31:39",1,0,{},7,33,2,5,0,5,40,7,33,2,5,0,5,40
71,dublin,"KEVIN STREET","Kevin Street",53.3378,-6.2677,0,0,OPEN,"2025-02-22 13:36:39",1,0,{},7,33,3,4,0,4,40,7,33,3,4,0,4,40
71,dublin,"KEVIN STREET","Kevin Street",53.3378,-6.2677,0,0,OPEN,"2025-02-22 13:41:45",1,0,{},7,33,3,4,0,4,40,7,33,3,4,0,4,40
71,dublin,"KEVIN STREET","Kevin Street",53.3378,-6.2677,0,0,OPEN,"2025-02-22 13:43:37",1,0,{},8,32,4,4,0,4,40,8,32,4,4,0,4,40
71,dublin,"KEVIN STREET","Kevin Street",53.3378,-6.2677,0,0,OPEN,"2025-02-22 13:51:52",1,0,{},8,32,4,4,0,4,40,8,32,4,4,0,4,40
71,dublin,"KEVIN STREET","Kevin Street",53.3378,-6.2677,0,0,OPEN,"2025-02-22 14:01:57",1,0,{},8,32,4,4,0,4,40,8,32,4,4,0,4,40
71,dublin,"KEVIN STREET","Kevin Street",53.3378,-6.2677,0,0,OPEN,"2025-02-22 14:12:03",1,0,{},8,32,4,4,0,4,40,8,32,4,4,0,4,40
71,dublin,"KEVIN STREET","Kevin Street",53.3378,-6.2677,0,0,OPEN,"2025-02-22 14:22:08",1,0,{},8,32,4,4,0,4,40,8,32,4,4,0,4,40
71,dublin,"KEVIN STREET","Kevin Street",53.3378,-6.2677,0,0,OPEN,"2025-02-22 14:32:13",1,0,{},8,32,4,4,0,4,40,8,32,4,4,0,4,40
71,dublin,"KEVIN STREET","Kevin Street",53.3378,-6.2677,0,0,OPEN,"2025-02-22 14:42:19",1,0,{},8,32,4,4,0,4,40,8,32,4,4,0,4,40
71,dublin,"KEVIN STREET","Kevin Street",53.3378,-6.2677,0,0,OPEN,"2025-02-22 14:52:26",1,0,{},9,31,5,4,0,4,40,9,31,5,4,0,4,40
71,dublin,"KEVIN STREET","Kevin Street",53.3378,-6.2677,0,0,OPEN,"2025-02-22 14:54:55",1,0,{},8,32,4,4,0,4,40,8,32,4,4,0,4,40
71,dublin,"KEVIN STREET","Kevin Street",53.3378,-6.2677,0,0,OPEN,"2025-02-22 15:02:31",1,0,{},8,32,4,4,0,4,40,8,32,4,4,0,4,40
71,dublin,"KEVIN STREET","Kevin Street",53.3378,-6.2677,0,0,OPEN,"2025-02-22 15:12:37",1,0,{},8,32,4,4,0,4,40,8,32,4,4,0,4,40
71,dublin,"KEVIN STREET","Kevin Street",53.3378,-6.2677,0,0,OPEN,"2025-02-22 15:16:18",1,0,{},7,33,3,4,0,4,40,7,33,3,4,0,4,40
71,dublin,"KEVIN STREET","Kevin Street",53.3378,-6.2677,0,0,OPEN,"2025-02-22 15:22:44",1,0,{},7,33,3,4,0,4,40,7,33,3,4,0,4,40
71,dublin,"KEVIN STREET","Kevin Street",53.3378,-6.2677,0,0,OPEN,"2025-02-22 15:32:51",1,0,{},8,32,3,5,0,5,40,8,32,3,5,0,5,40
71,dublin,"KEVIN STREET","Kevin Street",53.3378,-6.2677,0,0,OPEN,"2025-02-22 15:34:27",1,0,{},8,32,3,5,0,5,40,8,32,3,5,0,5,40
71,dublin,"KEVIN STREET","Kevin Street",53.3378,-6.2677,0,0,OPEN,"2025-02-22 15:42:57",1,0,{},8,32,3,5,0,5,40,8,32,3,5,0,5,40
71,dublin,"KEVIN STREET","Kevin Street",53.3378,-6.2677,0,0,OPEN,"2025-02-22 15:53:03",1,0,{},8,32,3,5,0,5,40,8,32,3,5,0,5,40
71,dublin,"KEVIN STREET","Kevin Street",53.3378,-6.2677,0,0,OPEN,"2025-02-22 16:03:08",1,0,{},8,32,3,5,0,5,40,8,32,3,5,0,5,40
71,dublin,"KEVIN STREET","Kevin Street",53.3378,-6.2677,0,0,OPEN,"2025-02-22 16:13:14",1,0,{},8,32,3,5,0,5,40,8,32,3,5,0,5,40
71,dublin,"KEVIN STREET","Kevin Street",53.3378,-6.2677,0,0,OPEN,"2025-02-22 16:23:19",1,0,{},8,32,3,5,0,5,40,8,32,3,5,0,5,40
71,dublin,"KEVIN STREET","Kevin Street",53.3378,-6.2677,0,0,OPEN,"2025-02-22 16:24:27",1,0,{},9,31,4,5,0,5,40,9,31,4,5,0,5,40
71,dublin,"KEVIN STREET","Kevin Street",53.3378,-6.2677,0,0,OPEN,"2025-02-22 16:33:25",1,0,{},9,31,4,5,0,5,40,9,31,4,5,0,5,40
71,dublin,"KEVIN STREET","Kevin Street",53.3378,-6.2677,0,0,OPEN,"2025-02-22 16:38:21",1,0,{},11,29,5,6,0,6,40,11,29,5,6,0,6,40
71,dublin,"KEVIN STREET","Kevin Street",53.3378,-6.2677,0,0,OPEN,"2025-02-22 16:38:44",1,0,{},10,30,5,5,0,5,40,10,30,5,5,0,5,40
71,dublin,"KEVIN STREET","Kevin Street",53.3378,-6.2677,0,0,OPEN,"2025-02-22 16:43:33",1,0,{},10,30,5,5,0,5,40,10,30,5,5,0,5,40
71,dublin,"KEVIN STREET","Kevin Street",53.3378,-6.2677,0,0,OPEN,"2025-02-22 16:53:39",1,0,{},10,30,5,5,0,5,40,10,30,5,5,0,5,40
71,dublin,"KEVIN STREET","Kevin Street",53.3378,-6.2677,0,0,OPEN,"2025-02-22 17:03:18",1,0,{},9,31,4,5,0,5,40,9,31,4,5,0,5,40
71,dublin,"KEVIN STREET","Kevin Street",53.3378,-6.2677,0,0,OPEN,"2025-02-22 17:04:36",1,0,{},10,30,5,5,0,5,40,10,30,5,5,0,5,40
71,dublin,"KEVIN STREET","Kevin Street",53.3378,-6.2677,0,0,OPEN,"2025-02-22 17:13:52",1,0,{},10,30,5,5,0,5,40,10,30,5,5,0,5,40
71,dublin,"KEVIN STREET","Kevin Street",53.3378,-6.2677,0,0,OPEN,"2025-02-22 17:23:58",1,0,{},10,30,5,5,0,5,40,10,30,5,5,0,5,40
71,dublin,"KEVIN STREET","Kevin Street",53.3378,-6.2677,0,0,OPEN,"2025-02-22 17:34:03",1,0,{},10,30,5,5,0,5,40,10,30,5,5,0,5,40
71,dublin,"KEVIN STREET","Kevin Street",53.3378,-6.2677,0,0,OPEN,"2025-02-22 17:44:08",1,0,{},10,30,5,5,0,5,40,10,30,5,5,0,5,40
71,dublin,"KEVIN STREET","Kevin Street",53.3378,-6.2677,0,0,OPEN,"2025-02-22 17:49:36",1,0,{},9,31,5,4,0,4,40,9,31,5,4,0,4,40
71,dublin,"KEVIN STREET","Kevin Street",53.3378,-6.2677,0,0,OPEN,"2025-02-22 17:54:16",1,0,{},9,31,5,4,0,4,40,9,31,5,4,0,4,40
71,dublin,"KEVIN STREET","Kevin Street",53.3378,-6.2677,0,0,OPEN,"2025-02-22 18:02:39",1,0,{},10,30,6,4,0,4,40,10,30,6,4,0,4,40
71,dublin,"KEVIN STREET","Kevin Street",53.3378,-6.2677,0,0,OPEN,"2025-02-22 18:04:22",1,0,{},10,30,6,4,0,4,40,10,30,6,4,0,4,40
71,dublin,"KEVIN STREET","Kevin Street",53.3378,-6.2677,0,0,OPEN,"2025-02-22 18:14:27",1,0,{},10,30,6,4,0,4,40,10,30,6,4,0,4,40
71,dublin,"KEVIN STREET","Kevin Street",53.3378,-6.2677,0,0,OPEN,"2025-02-22 18:20:42",1,0,{},13,27,9,4,0,4,40,13,27,9,4,0,4,40
71,dublin,"KEVIN STREET","Kevin Street",53.3378,-6.2677,0,0,OPEN,"2025-02-22 18:24:33",1,0,{},13,27,9,4,0,4,40,13,27,9,4,0,4,40
71,dublin,"KEVIN STREET","Kevin Street",53.3378,-6.2677,0,0,OPEN,"2025-02-22 18:34:39",1,0,{},13,27,9,4,0,4,40,13,27,9,4,0,4,40
71,dublin,"KEVIN STREET","Kevin Street",53.3378,-6.2677,0,0,OPEN,"2025-02-22 18:43:45",1,0,{},16,24,12,4,0,4,40,16,24,12,4,0,4,40
71,dublin,"KEVIN STREET","Kevin Street",53.3378,-6.2677,0,0,OPEN,"2025-02-22 18:49:13",1,0,{},16,24,12,4,0,4,40,16,24,12,4,0,4,40
71,dublin,"KEVIN STREET","Kevin Street",53.3378,-6.2677,0,0,OPEN,"2025-02-22 18:49:45",1,0,{},16,24,12,4,0,4,40,16,24,12,4,0,4,40
71,dublin,"KEVIN STREET","Kevin Street",53.3378,-6.2677,0,0,OPEN,"2025-02-22 18:58:40",1,0,{},16,24,13,3,0,3,40,16,24,13,3,0,3,40
71,dublin,"KEVIN STREET","Kevin Street",53.3378,-6.2677,0,0,OPEN,"2025-02-22 19:05:03",1,0,{},16,24,13,3,0,3,40,16,24,13,3,0,3,40
71,dublin,"KEVIN STREET","Kevin Street",53.3378,-6.2677,0,0,OPEN,"2025-02-22 19:15:08",1,0,{},16,24,13,3,0,3,40,16,24,13,3,0,3,40
71,dublin,"KEVIN STREET","Kevin Street",53.3378,-6.2677,0,0,OPEN,"2025-02-22 19:25:13",1,0,{},16,24,13,3,0,3,40,16,24,13,3,0,3,40
71,dublin,"KEVIN STREET","Kevin Street",53.3378,-6.2677,0,0,OPEN,"2025-02-22 19:36:02",1,0,{},19,21,14,5,0,5,40,19,21,14,5,0,5,40
71,dublin,"KEVIN STREET","Kevin Street",53.3378,-6.2677,0,0,OPEN,"2025-02-22 19:41:30",1,0,{},20,20,15,5,0,5,40,20,20,15,5,0,5,40
71,dublin,"KEVIN STREET","Kevin Street",53.3378,-6.2677,0,0,OPEN,"2025-02-22 19:45:26",1,0,{},20,20,15,5,0,5,40,20,20,15,5,0,5,40
71,dublin,"KEVIN STREET","Kevin Street",53.3378,-6.2677,0,0,OPEN,"2025-02-22 19:59:00",1,0,{},21,19,16,5,0,5,40,21,19,16,5,0,5,40
71,dublin,"KEVIN STREET","Kevin Street",53.3378,-6.2677,0,0,OPEN,"2025-02-22 20:00:15",1,0,{},21,19,16,5,0,5,40,21,19,16,5,0,5,40
71,dublin,"KEVIN STREET","Kevin Street",53.3378,-6.2677,0,0,OPEN,"2025-02-22 20:07:43",1,0,{},22,18,17,5,0,5,40,22,18,17,5,0,5,40
71,dublin,"KEVIN STREET","Kevin Street",53.3378,-6.2677,0,0,OPEN,"2025-02-22 20:13:47",1,0,{},20,20,15,5,0,5,40,20,20,15,5,0,5,40
71,dublin,"KEVIN STREET","Kevin Street",53.3378,-6.2677,0,0,OPEN,"2025-02-22 20:18:17",1,0,{},21,19,16,5,0,5,40,21,19,16,5,0,5,40
71,dublin,"KEVIN STREET","Kevin Street",53.3378,-6.2677,0,0,OPEN,"2025-02-22 20:25:50",1,0,{},21,19,16,5,0,5,40,21,19,16,5,0,5,40
71,dublin,"KEVIN STREET","Kevin Street",53.3378,-6.2677,0,0,OPEN,"2025-02-22 20:30:34",1,0,{},22,18,17,5,0,5,40,22,18,17,5,0,5,40
71,dublin,"KEVIN STREET","Kevin Street",53.3378,-6.2677,0,0,OPEN,"2025-02-22 20:36:41",1,0,{},23,17,18,5,0,5,40,23,17,18,5,0,5,40
71,dublin,"KEVIN STREET","Kevin Street",53.3378,-6.2677,0,0,OPEN,"2025-02-22 20:46:02",1,0,{},23,17,18,5,0,5,40,23,17,18,5,0,5,40
71,dublin,"KEVIN STREET","Kevin Street",53.3378,-6.2677,0,0,OPEN,"2025-02-22 20:56:07",1,0,{},23,17,18,5,0,5,40,23,17,18,5,0,5,40
71,dublin,"KEVIN STREET","Kevin Street",53.3378,-6.2677,0,0,OPEN,"2025-02-22 21:06:13",1,0,{},23,17,18,5,0,5,40,23,17,18,5,0,5,40
71,dublin,"KEVIN STREET","Kevin Street",53.3378,-6.2677,0,0,OPEN,"2025-02-22 21:16:19",1,0,{},23,17,18,5,0,5,40,23,17,18,5,0,5,40
71,dublin,"KEVIN STREET","Kevin Street",53.3378,-6.2677,0,0,OPEN,"2025-02-22 21:26:24",1,0,{},23,17,18,5,0,5,40,23,17,18,5,0,5,40
71,dublin,"KEVIN STREET","Kevin Street",53.3378,-6.2677,0,0,OPEN,"2025-02-22 21:36:29",1,0,{},23,17,18,5,0,5,40,23,17,18,5,0,5,40
71,dublin,"KEVIN STREET","Kevin Street",53.3378,-6.2677,0,0,OPEN,"2025-02-22 21:43:40",1,0,{},25,15,20,5,0,5,40,25,15,20,5,0,5,40
71,dublin,"KEVIN STREET","Kevin Street",53.3378,-6.2677,0,0,OPEN,"2025-02-22 21:46:34",1,0,{},25,15,20,5,0,5,40,25,15,20,5,0,5,40
71,dublin,"KEVIN STREET","Kevin Street",53.3378,-6.2677,0,0,OPEN,"2025-02-22 21:53:17",1,0,{},26,14,21,5,0,5,40,26,14,21,5,0,5,40
71,dublin,"KEVIN STREET","Kevin Street",53.3378,-6.2677,0,0,OPEN,"2025-02-22 21:56:41",1,0,{},28,12,22,6,0,6,40,28,12,22,6,0,6,40
71,dublin,"KEVIN STREET","Kevin Street",53.3378,-6.2677,0,0,OPEN,"2025-02-22 22:06:46",1,0,{},28,12,22,6,0,6,40,28,12,22,6,0,6,40
71,dublin,"KEVIN STREET","Kevin Street",53.3378,-6.2677,0,0,OPEN,"2025-02-22 22:12:35",1,0,{},27,13,22,5,0,5,40,27,13,22,5,0,5,40
71,dublin,"KEVIN STREET","Kevin Street",53.3378,-6.2677,0,0,OPEN,"2025-02-22 22:16:54",1,0,{},27,13,22,5,0,5,40,27,13,22,5,0,5,40
72,dublin,"JOHN STREET WEST","John Street West",53.3431,-6.27717,0,0,OPEN,"2025-02-22 03:00:29",1,0,{},1,30,1,0,0,0,31,1,30,1,0,0,0,31
72,dublin,"JOHN STREET WEST","John Street West",53.3431,-6.27717,0,0,OPEN,"2025-02-22 03:10:33",1,0,{},1,30,1,0,0,0,31,1,30,1,0,0,0,31
72,dublin,"JOHN STREET WEST","John Street West",53.3431,-6.27717,0,0,OPEN,"2025-02-22 10:11:40",1,0,{},2,29,1,1,0,1,31,2,29,1,1,0,1,31
72,dublin,"JOHN STREET WEST","John Street West",53.3431,-6.27717,0,0,OPEN,"2025-02-22 10:21:45",1,0,{},2,29,1,1,0,1,31,2,29,1,1,0,1,31
72,dublin,"JOHN STREET WEST","John Street West",53.3431,-6.27717,0,0,OPEN,"2025-02-22 10:31:48",1,0,{},2,29,1,1,0,1,31,2,29,1,1,0,1,31
72,dublin,"JOHN STREET WEST","John Street West",53.3431,-6.27717,0,0,OPEN,"2025-02-22 10:41:53",1,0,{},2,29,1,1,0,1,31,2,29,1,1,0,1,31
72,dublin,"JOHN STREET WEST","John Street West",53.3431,-6.27717,0,0,OPEN,"2025-02-22 10:51:59",1,0,{},1,30,1,0,0,0,31,1,30,1,0,0,0,31
72,dublin,"JOHN STREET WEST","John Street West",53.3431,-6.27717,0,0,OPEN,"2025-02-22 11:02:31",1,0,{},0,31,0,0,0,0,31,0,31,0,0,0,0,31
72,dublin,"JOHN STREET WEST","John Street West",53.3431,-6.27717,0,0,OPEN,"2025-02-22 11:12:35",1,0,{},0,31,0,0,0,0,31,0,31,0,0,0,0,31
72,dublin,"JOHN STREET WEST","John Street West",53.3431,-6.27717,0,0,OPEN,"2025-02-22 11:22:39",1,0,{},0,31,0,0,0,0,31,0,31,0,0,0,0,31
72,dublin,"JOHN STREET WEST","John Street West",53.3431,-6.27717,0,0,OPEN,"2025-02-22 11:24:38",1,0,{},1,30,1,0,0,0,31,1,30,1,0,0,0,31
72,dublin,"JOHN STREET WEST","John Street West",53.3431,-6.27717,0,0,OPEN,"2025-02-22 11:32:43",1,0,{},1,30,1,0,0,0,31,1,30,1,0,0,0,31
72,dublin,"JOHN STREET WEST","John Street West",53.3431,-6.27717,0,0,OPEN,"2025-02-22 11:36:43",1,0,{},2,29,2,0,0,0,31,2,29,2,0,0,0,31
72,dublin,"JOHN STREET WEST","John Street West",53.3431,-6.27717,0,0,OPEN,"2025-02-22 11:43:22",1,0,{},1,30,1,0,0,0,31,1,30,1,0,0,0,31
72,dublin,"JOHN STREET WEST","John Street West",53.3431,-6.27717,0,0,OPEN,"2025-02-22 11:52:54",1,0,{},1,30,1,0,0,0,31,1,30,1,0,0,0,31
72,dublin,"JOHN STREET WEST","John Street West",53.3431,-6.27717,0,0,OPEN,"2025-02-22 12:02:58",1,0,{},1,30,1,0,0,0,31,1,30,1,0,0,0,31
72,dublin,"JOHN STREET WEST","John Street West",53.3431,-6.27717,0,0,OPEN,"2025-02-22 12:04:59",1,0,{},2,29,2,0,0,0,31,2,29,2,0,0,0,31
72,dublin,"JOHN STREET WEST","John Street West",53.3431,-6.27717,0,0,OPEN,"2025-02-22 12:13:03",1,0,{},2,29,2,0,0,0,31,2,29,2,0,0,0,31
72,dublin,"JOHN STREET WEST","John Street West",53.3431,-6.27717,0,0,OPEN,"2025-02-22 12:17:31",1,0,{},3,28,3,0,0,0,31,3,28,3,0,0,0,31
72,dublin,"JOHN STREET WEST","John Street West",53.3431,-6.27717,0,0,OPEN,"2025-02-22 12:23:07",1,0,{},3,28,3,0,0,0,31,3,28,3,0,0,0,31
72,dublin,"JOHN STREET WEST","John Street West",53.3431,-6.27717,0,0,OPEN,"2025-02-22 12:27:13",1,0,{},2,29,2,0,0,0,31,2,29,2,0,0,0,31
72,dublin,"JOHN STREET WEST","John Street West",53.3431,-6.27717,0,0,OPEN,"2025-02-22 12:33:13",1,0,{},2,29,2,0,0,0,31,2,29,2,0,0,0,31
72,dublin,"JOHN STREET WEST","John Street West",53.3431,-6.27717,0,0,OPEN,"2025-02-22 12:43:17",1,0,{},2,29,2,0,0,0,31,2,29,2,0,0,0,31
72,dublin,"JOHN STREET WEST","John Street West",53.3431,-6.27717,0,0,OPEN,"2025-02-22 12:53:22",1,0,{},2,29,2,0,0,0,31,2,29,2,0,0,0,31
72,dublin,"JOHN STREET WEST","John Street West",53.3431,-6.27717,0,0,OPEN,"2025-02-22 12:57:28",1,0,{},3,28,3,0,0,0,31,3,28,3,0,0,0,31
72,dublin,"JOHN STREET WEST","John Street West",53.3431,-6.27717,0,0,OPEN,"2025-02-22 13:03:29",1,0,{},3,28,3,0,0,0,31,3,28,3,0,0,0,31
72,dublin,"JOHN STREET WEST","John Street West",53.3431,-6.27717,0,0,OPEN,"2025-02-22 13:17:31",1,0,{},3,28,2,1,0,1,31,3,28,2,1,0,1,31
72,dublin,"JOHN STREET WEST","John Street West",53.3431,-6.27717,0,0,OPEN,"2025-02-22 13:21:55",1,0,{},2,29,1,1,0,1,31,2,29,1,1,0,1,31
72,dublin,"JOHN STREET WEST","John Street West",53.3431,-6.27717,0,0,OPEN,"2025-02-22 13:27:05",1,0,{},1,30,1,0,0,0,31,1,30,1,0,0,0,31
72,dublin,"JOHN STREET WEST","John Street West",53.3431,-6.27717,0,0,OPEN,"2025-02-22 13:32:58",1,0,{},2,29,1,1,0,1,31,2,29,1,1,0,1,31
72,dublin,"JOHN STREET WEST","John Street West",53.3431,-6.27717,0,0,OPEN,"2025-02-22 13:33:47",1,0,{},2,29,1,1,0,1,31,2,29,1,1,0,1,31
72,dublin,"JOHN STREET WEST","John Street West",53.3431,-6.27717,0,0,OPEN,"2025-02-22 13:43:51",1,0,{},2,29,1,1,0,1,31,2,29,1,1,0,1,31
72,dublin,"JOHN STREET WEST","John Street West",53.3431,-6.27717,0,0,OPEN,"2025-02-22 13:53:54",1,0,{},2,29,1,1,0,1,31,2,29,1,1,0,1,31
72,dublin,"JOHN STREET WEST","John Street West",53.3431,-6.27717,0,0,OPEN,"2025-02-22 14:03:58",1,0,{},2,29,1,1,0,1,31,2,29,1,1,0,1,31
72,dublin,"JOHN STREET WEST","John Street West",53.3431,-6.27717,0,0,OPEN,"2025-02-22 14:09:49",1,0,{},1,30,0,1,0,1,31,1,30,0,1,0,1,31
72,dublin,"JOHN STREET WEST","John Street West",53.3431,-6.27717,0,0,OPEN,"2025-02-22 14:14:04",1,0,{},1,30,0,1,0,1,31,1,30,0,1,0,1,31
72,dublin,"JOHN STREET WEST","John Street West",53.3431,-6.27717,0,0,OPEN,"2025-02-22 14:20:18",1,0,{},0,31,0,0,0,0,31,0,31,0,0,0,0,31
72,dublin,"JOHN STREET WEST","John Street West",53.3431,-6.27717,0,0,OPEN,"2025-02-22 14:26:25",1,0,{},2,29,1,1,0,1,31,2,29,1,1,0,1,31
72,dublin,"JOHN STREET WEST","John Street West",53.3431,-6.27717,0,0,OPEN,"2025-02-22 14:34:13",1,0,{},2,29,1,1,0,1,31,2,29,1,1,0,1,31
72,dublin,"JOHN STREET WEST","John Street West",53.3431,-6.27717,0,0,OPEN,"2025-02-22 14:44:17",1,0,{},2,29,1,1,0,1,31,2,29,1,1,0,1,31
72,dublin,"JOHN STREET WEST","John Street West",53.3431,-6.27717,0,0,OPEN,"2025-02-22 14:52:30",1,0,{},3,28,2,1,0,1,31,3,28,2,1,0,1,31
72,dublin,"JOHN STREET WEST","John Street West",53.3431,-6.27717,0,0,OPEN,"2025-02-22 14:54:22",1,0,{},3,28,2,1,0,1,31,3,28,2,1,0,1,31
72,dublin,"JOHN STREET WEST","John Street West",53.3431,-6.27717,0,0,OPEN,"2025-02-22 15:03:01",1,0,{},1,30,0,1,0,1,31,1,30,0,1,0,1,31
72,dublin,"JOHN STREET WEST","John Street West",53.3431,-6.27717,0,0,OPEN,"2025-02-22 15:04:29",1,0,{},1,30,0,1,0,1,31,1,30,0,1,0,1,31
72,dublin,"JOHN STREET WEST","John Street West",53.3431,-6.27717,0,0,OPEN,"2025-02-22 15:14:34",1,0,{},1,30,0,1,0,1,31,1,30,0,1,0,1,31
72,dublin,"JOHN STREET WEST","John Street West",53.3431,-6.27717,0,0,OPEN,"2025-02-22 15:24:38",1,0,{},1,30,0,1,0,1,31,1,30,0,1,0,1,31
72,dublin,"JOHN STREET WEST","John Street West",53.3431,-6.27717,0,0,OPEN,"2025-02-22 15:34:43",1,0,{},1,30,0,1,0,1,31,1,30,0,1,0,1,31
72,dublin,"JOHN STREET WEST","John Street West",53.3431,-6.27717,0,0,OPEN,"2025-02-22 15:44:46",1,0,{},1,30,0,1,0,1,31,1,30,0,1,0,1,31
72,dublin,"JOHN STREET WEST","John Street West",53.3431,-6.27717,0,0,OPEN,"2025-02-22 15:54:51",1,0,{},1,30,0,1,0,1,31,1,30,0,1,0,1,31
72,dublin,"JOHN STREET WEST","John Street West",53.3431,-6.27717,0,0,OPEN,"2025-02-22 16:05:09",1,0,{},3,28,1,2,0,2,31,3,28,1,2,0,2,31
72,dublin,"JOHN STREET WEST","John Street West",53.3431,-6.27717,0,0,OPEN,"2025-02-22 16:15:02",1,0,{},3,28,1,2,0,2,31,3,28,1,2,0,2,31
72,dublin,"JOHN STREET WEST","John Street West",53.3431,-6.27717,0,0,OPEN,"2025-02-22 16:25:06",1,0,{},3,28,1,2,0,2,31,3,28,1,2,0,2,31
72,dublin,"JOHN STREET WEST","John Street West",53.3431,-6.27717,0,0,OPEN,"2025-02-22 16:38:14",1,0,{},2,29,0,2,0,2,31,2,29,0,2,0,2,31
72,dublin,"JOHN STREET WEST","John Street West",53.3431,-6.27717,0,0,OPEN,"2025-02-22 16:42:14",1,0,{},0,31,0,0,0,0,31,0,31,0,0,0,0,31
72,dublin,"JOHN STREET WEST","John Street West",53.3431,-6.27717,0,0,OPEN,"2025-02-22 16:45:42",1,0,{},0,31,0,0,0,0,31,0,31,0,0,0,0,31
72,dublin,"JOHN STREET WEST","John Street West",53.3431,-6.27717,0,0,OPEN,"2025-02-22 16:52:24",1,0,{},1,30,1,0,0,0,31,1,30,1,0,0,0,31
72,dublin,"JOHN STREET WEST","John Street West",53.3431,-6.27717,0,0,OPEN,"2025-02-22 16:55:47",1,0,{},1,30,1,0,0,0,31,1,30,1,0,0,0,31
72,dublin,"JOHN STREET WEST","John Street West",53.3431,-6.27717,0,0,OPEN,"2025-02-22 16:59:45",1,0,{},0,31,0,0,0,0,31,0,31,0,0,0,0,31
72,dublin,"JOHN STREET WEST","John Street West",53.3431,-6.27717,0,0,OPEN,"2025-02-22 17:06:18",1,0,{},0,31,0,0,0,0,31,0,31,0,0,0,0,31
72,dublin,"JOHN STREET WEST","John Street West",53.3431,-6.27717,0,0,OPEN,"2025-02-22 17:16:21",1,0,{},0,31,0,0,0,0,31,0,31,0,0,0,0,31
72,dublin,"JOHN STREET WEST","John Street West",53.3431,-6.27717,0,0,OPEN,"2025-02-22 17:26:25",1,0,{},0,31,0,0,0,0,31,0,31,0,0,0,0,31
72,dublin,"JOHN STREET WEST","John Street West",53.3431,-6.27717,0,0,OPEN,"2025-02-22 17:36:54",1,0,{},0,31,0,0,0,0,31,0,31,0,0,0,0,31
72,dublin,"JOHN STREET WEST","John Street West",53.3431,-6.27717,0,0,OPEN,"2025-02-22 17:46:57",1,0,{},0,31,0,0,0,0,31,0,31,0,0,0,0,31
72,dublin,"JOHN STREET WEST","John Street West",53.3431,-6.27717,0,0,OPEN,"2025-02-22 17:57:01",1,0,{},0,31,0,0,0,0,31,0,31,0,0,0,0,31
72,dublin,"JOHN STREET WEST","John Street West",53.3431,-6.27717,0,0,OPEN,"2025-02-22 18:07:31",1,0,{},0,31,0,0,0,0,31,0,31,0,0,0,0,31
72,dublin,"JOHN STREET WEST","John Street West",53.3431,-6.27717,0,0,OPEN,"2025-02-22 18:17:34",1,0,{},0,31,0,0,0,0,31,0,31,0,0,0,0,31
72,dublin,"JOHN STREET WEST","John Street West",53.3431,-6.27717,0,0,OPEN,"2025-02-22 18:27:38",1,0,{},0,31,0,0,0,0,31,0,31,0,0,0,0,31
72,dublin,"JOHN STREET WEST","John Street West",53.3431,-6.27717,0,0,OPEN,"2025-02-22 18:38:07",1,0,{},0,31,0,0,0,0,31,0,31,0,0,0,0,31
72,dublin,"JOHN STREET WEST","John Street West",53.3431,-6.27717,0,0,OPEN,"2025-02-22 18:48:10",1,0,{},0,31,0,0,0,0,31,0,31,0,0,0,0,31
72,dublin,"JOHN STREET WEST","John Street West",53.3431,-6.27717,0,0,OPEN,"2025-02-22 18:58:15",1,0,{},0,31,0,0,0,0,31,0,31,0,0,0,0,31
72,dublin,"JOHN STREET WEST","John Street West",53.3431,-6.27717,0,0,OPEN,"2025-02-22 19:08:45",1,0,{},0,31,0,0,0,0,31,0,31,0,0,0,0,31
72,dublin,"JOHN STREET WEST","John Street West",53.3431,-6.27717,0,0,OPEN,"2025-02-22 19:18:52",1,0,{},0,31,0,0,0,0,31,0,31,0,0,0,0,31
72,dublin,"JOHN STREET WEST","John Street West",53.3431,-6.27717,0,0,OPEN,"2025-02-22 19:28:56",1,0,{},0,31,0,0,0,0,31,0,31,0,0,0,0,31
72,dublin,"JOHN STREET WEST","John Street West",53.3431,-6.27717,0,0,OPEN,"2025-02-22 19:39:25",1,0,{},0,31,0,0,0,0,31,0,31,0,0,0,0,31
72,dublin,"JOHN STREET WEST","John Street West",53.3431,-6.27717,0,0,OPEN,"2025-02-22 19:49:28",1,0,{},0,31,0,0,0,0,31,0,31,0,0,0,0,31
72,dublin,"JOHN STREET WEST","John Street West",53.3431,-6.27717,0,0,OPEN,"2025-02-22 19:59:32",1,0,{},0,31,0,0,0,0,31,0,31,0,0,0,0,31
72,dublin,"JOHN STREET WEST","John Street West",53.3431,-6.27717,0,0,OPEN,"2025-02-22 20:10:01",1,0,{},0,31,0,0,0,0,31,0,31,0,0,0,0,31
72,dublin,"JOHN STREET WEST","John Street West",53.3431,-6.27717,0,0,OPEN,"2025-02-22 20:20:05",1,0,{},0,31,0,0,0,0,31,0,31,0,0,0,0,31
72,dublin,"JOHN STREET WEST","John Street West",53.3431,-6.27717,0,0,OPEN,"2025-02-22 20:30:09",1,0,{},0,31,0,0,0,0,31,0,31,0,0,0,0,31
72,dublin,"JOHN STREET WEST","John Street West",53.3431,-6.27717,0,0,OPEN,"2025-02-22 20:40:39",1,0,{},0,31,0,0,0,0,31,0,31,0,0,0,0,31
72,dublin,"JOHN STREET WEST","John Street West",53.3431,-6.27717,0,0,OPEN,"2025-02-22 20:50:42",1,0,{},0,31,0,0,0,0,31,0,31,0,0,0,0,31
72,dublin,"JOHN STREET WEST","John Street West",53.3431,-6.27717,0,0,OPEN,"2025-02-22 21:00:46",1,0,{},0,31,0,0,0,0,31,0,31,0,0,0,0,31
72,dublin,"JOHN STREET WEST","John Street West",53.3431,-6.27717,0,0,OPEN,"2025-02-22 21:10:50",1,0,{},0,31,0,0,0,0,31,0,31,0,0,0,0,31
72,dublin,"JOHN STREET WEST","John Street West",53.3431,-6.27717,0,0,OPEN,"2025-02-22 21:21:12",1,0,{},0,31,0,0,0,0,31,0,31,0,0,0,0,31
72,dublin,"JOHN STREET WEST","John Street West",53.3431,-6.27717,0,0,OPEN,"2025-02-22 21:30:58",1,0,{},1,30,1,0,0,0,31,1,30,1,0,0,0,31
72,dublin,"JOHN STREET WEST","John Street West",53.3431,-6.27717,0,0,OPEN,"2025-02-22 21:42:59",1,0,{},0,31,0,0,0,0,31,0,31,0,0,0,0,31
72,dublin,"JOHN STREET WEST","John Street West",53.3431,-6.27717,0,0,OPEN,"2025-02-22 21:52:04",1,0,{},0,31,0,0,0,0,31,0,31,0,0,0,0,31
72,dublin,"JOHN STREET WEST","John Street West",53.3431,-6.27717,0,0,OPEN,"2025-02-22 22:01:39",1,0,{},0,31,0,0,0,0,31,0,31,0,0,0,0,31
72,dublin,"JOHN STREET WEST","John Street West",53.3431,-6.27717,0,0,OPEN,"2025-02-22 22:11:42",1,0,{},0,31,0,0,0,0,31,0,31,0,0,0,0,31
73,dublin,"FRANCIS STREET","Francis Street",53.3421,-6.27523,0,0,OPEN,"2025-02-22 02:58:45",1,0,{},10,20,5,5,0,5,30,10,20,5,5,0,5,30
73,dublin,"FRANCIS STREET","Francis Street",53.3421,-6.27523,0,0,OPEN,"2025-02-22 03:08:49",1,0,{},10,20,5,5,0,5,30,10,20,5,5,0,5,30
73,dublin,"FRANCIS STREET","Francis Street",53.3421,-6.27523,0,0,OPEN,"2025-02-22 10:11:36",1,0,{},0,30,0,0,0,0,30,0,30,0,0,0,0,30
73,dublin,"FRANCIS STREET","Francis Street",53.3421,-6.27523,0,0,OPEN,"2025-02-22 10:22:56",1,0,{},1,29,0,1,0,1,30,1,29,0,1,0,1,30
73,dublin,"FRANCIS STREET","Francis Street",53.3421,-6.27523,0,0,OPEN,"2025-02-22 10:31:46",1,0,{},1,29,0,1,0,1,30,1,29,0,1,0,1,30
73,dublin,"FRANCIS STREET","Francis Street",53.3421,-6.27523,0,0,OPEN,"2025-02-22 10:41:50",1,0,{},1,29,0,1,0,1,30,1,29,0,1,0,1,30
73,dublin,"FRANCIS STREET","Francis Street",53.3421,-6.27523,0,0,OPEN,"2025-02-22 10:51:54",1,0,{},1,29,0,1,0,1,30,1,29,0,1,0,1,30
73,dublin,"FRANCIS STREET","Francis Street",53.3421,-6.27523,0,0,OPEN,"2025-02-22 11:01:58",1,0,{},1,29,0,1,0,1,30,1,29,0,1,0,1,30
73,dublin,"FRANCIS STREET","Francis Street",53.3421,-6.27523,0,0,OPEN,"2025-02-22 11:12:02",1,0,{},1,29,0,1,0,1,30,1,29,0,1,0,1,30
73,dublin,"FRANCIS STREET","Francis Street",53.3421,-6.27523,0,0,OPEN,"2025-02-22 11:16:01",1,0,{},0,30,0,0,0,0,30,0,30,0,0,0,0,30
73,dublin,"FRANCIS STREET","Francis Street",53.3421,-6.27523,0,0,OPEN,"2025-02-22 11:22:08",1,0,{},0,30,0,0,0,0,30,0,30,0,0,0,0,30
73,dublin,"FRANCIS STREET","Francis Street",53.3421,-6.27523,0,0,OPEN,"2025-02-22 11:32:11",1,0,{},1,29,1,0,0,0,30,1,29,1,0,0,0,30
73,dublin,"FRANCIS STREET","Francis Street",53.3421,-6.27523,0,0,OPEN,"2025-02-22 11:42:17",1,0,{},2,28,1,1,0,1,30,2,28,1,1,0,1,30
73,dublin,"FRANCIS STREET","Francis Street",53.3421,-6.27523,0,0,OPEN,"2025-02-22 11:52:21",1,0,{},2,28,1,1,0,1,30,2,28,1,1,0,1,30
73,dublin,"FRANCIS STREET","Francis Street",53.3421,-6.27523,0,0,OPEN,"2025-02-22 12:02:25",1,0,{},2,28,1,1,0,1,30,2,28,1,1,0,1,30
73,dublin,"FRANCIS STREET","Francis Street",53.3421,-6.27523,0,0,OPEN,"2025-02-22 12:13:06",1,0,{},0,30,0,0,0,0,30,0,30,0,0,0,0,30
73,dublin,"FRANCIS STREET","Francis Street",53.3421,-6.27523,0,0,OPEN,"2025-02-22 12:22:37",1,0,{},0,30,0,0,0,0,30,0,30,0,0,0,0,30
73,dublin,"FRANCIS STREET","Francis Street",53.3421,-6.27523,0,0,OPEN,"2025-02-22 12:32:41",1,0,{},0,30,0,0,0,0,30,0,30,0,0,0,0,30
73,dublin,"FRANCIS STREET","Francis Street",53.3421,-6.27523,0,0,OPEN,"2025-02-22 12:42:45",1,0,{},0,30,0,0,0,0,30,0,30,0,0,0,0,30
73,dublin,"FRANCIS STREET","Francis Street",53.3421,-6.27523,0,0,OPEN,"2025-02-22 12:52:49",1,0,{},1,29,1,0,0,0,30,1,29,1,0,0,0,30
73,dublin,"FRANCIS STREET","Francis Street",53.3421,-6.27523,0,0,OPEN,"2025-02-22 12:56:12",1,0,{},2,28,1,1,0,1,30,2,28,1,1,0,1,30
73,dublin,"FRANCIS STREET","Francis Street",53.3421,-6.27523,0,0,OPEN,"2025-02-22 13:02:54",1,0,{},2,28,1,1,0,1,30,2,28,1,1,0,1,30
73,dublin,"FRANCIS STREET","Francis Street",53.3421,-6.27523,0,0,OPEN,"2025-02-22 13:12:58",1,0,{},2,28,1,1,0,1,30,2,28,1,1,0,1,30
73,dublin,"FRANCIS STREET","Francis Street",53.3421,-6.27523,0,0,OPEN,"2025-02-22 13:23:03",1,0,{},2,28,1,1,0,1,30,2,28,1,1,0,1,30
73,dublin,"FRANCIS STREET","Francis Street",53.3421,-6.27523,0,0,OPEN,"2025-02-22 13:33:07",1,0,{},2,28,1,1,0,1,30,2,28,1,1,0,1,30
73,dublin,"FRANCIS STREET","Francis Street",53.3421,-6.27523,0,0,OPEN,"2025-02-22 13:36:59",1,0,{},3,27,2,1,0,1,30,3,27,2,1,0,1,30
73,dublin,"FRANCIS STREET","Francis Street",53.3421,-6.27523,0,0,OPEN,"2025-02-22 13:43:11",1,0,{},3,27,2,1,0,1,30,3,27,2,1,0,1,30
73,dublin,"FRANCIS STREET","Francis Street",53.3421,-6.27523,0,0,OPEN,"2025-02-22 13:53:15",1,0,{},3,27,2,1,0,1,30,3,27,2,1,0,1,30
73,dublin,"FRANCIS STREET","Francis Street",53.3421,-6.27523,0,0,OPEN,"2025-02-22 13:57:31",1,0,{},1,29,0,1,0,1,30,1,29,0,1,0,1,30
73,dublin,"FRANCIS STREET","Francis Street",53.3421,-6.27523,0,0,OPEN,"2025-02-22 14:03:23",1,0,{},2,28,1,1,0,1,30,2,28,1,1,0,1,30
73,dublin,"FRANCIS STREET","Francis Street",53.3421,-6.27523,0,0,OPEN,"2025-02-22 14:13:29",1,0,{},1,29,1,0,0,0,30,1,29,1,0,0,0,30
73,dublin,"FRANCIS STREET","Francis Street",53.3421,-6.27523,0,0,OPEN,"2025-02-22 14:21:18",1,0,{},1,29,1,0,0,0,30,1,29,1,0,0,0,30
73,dublin,"FRANCIS STREET","Francis Street",53.3421,-6.27523,0,0,OPEN,"2025-02-22 14:23:33",1,0,{},1,29,1,0,0,0,30,1,29,1,0,0,0,30
73,dublin,"FRANCIS STREET","Francis Street",53.3421,-6.27523,0,0,OPEN,"2025-02-22 14:38:22",1,0,{},2,28,1,1,0,1,30,2,28,1,1,0,1,30
73,dublin,"FRANCIS STREET","Francis Street",53.3421,-6.27523,0,0,OPEN,"2025-02-22 14:38:40",1,0,{},2,28,1,1,0,1,30,2,28,1,1,0,1,30
73,dublin,"FRANCIS STREET","Francis Street",53.3421,-6.27523,0,0,OPEN,"2025-02-22 14:43:42",1,0,{},2,28,1,1,0,1,30,2,28,1,1,0,1,30
73,dublin,"FRANCIS STREET","Francis Street",53.3421,-6.27523,0,0,OPEN,"2025-02-22 14:56:42",1,0,{},4,26,3,1,0,1,30,4,26,3,1,0,1,30
73,dublin,"FRANCIS STREET","Francis Street",53.3421,-6.27523,0,0,OPEN,"2025-02-22 15:03:49",1,0,{},4,26,3,1,0,1,30,4,26,3,1,0,1,30
73,dublin,"FRANCIS STREET","Francis Street",53.3421,-6.27523,0,0,OPEN,"2025-02-22 15:09:37",1,0,{},5,25,3,2,0,2,30,5,25,3,2,0,2,30
73,dublin,"FRANCIS STREET","Francis Street",53.3421,-6.27523,0,0,OPEN,"2025-02-22 15:15:03",1,0,{},3,27,1,2,0,2,30,3,27,1,2,0,2,30
73,dublin,"FRANCIS STREET","Francis Street",53.3421,-6.27523,0,0,OPEN,"2025-02-22 15:22:34",1,0,{},4,26,2,2,0,2,30,4,26,2,2,0,2,30
73,dublin,"FRANCIS STREET","Francis Street",53.3421,-6.27523,0,0,OPEN,"2025-02-22 15:25:54",1,0,{},3,27,2,1,0,1,30,3,27,2,1,0,1,30
73,dublin,"FRANCIS STREET","Francis Street",53.3421,-6.27523,0,0,OPEN,"2025-02-22 15:32:30",1,0,{},3,27,2,1,0,1,30,3,27,2,1,0,1,30
73,dublin,"FRANCIS STREET","Francis Street",53.3421,-6.27523,0,0,OPEN,"2025-02-22 15:34:09",1,0,{},3,27,2,1,0,1,30,3,27,2,1,0,1,30
73,dublin,"FRANCIS STREET","Francis Street",53.3421,-6.27523,0,0,OPEN,"2025-02-22 15:38:53",1,0,{},2,28,1,1,0,1,30,2,28,1,1,0,1,30
73,dublin,"FRANCIS STREET","Francis Street",53.3421,-6.27523,0,0,OPEN,"2025-02-22 15:44:15",1,0,{},2,28,1,1,0,1,30,2,28,1,1,0,1,30
73,dublin,"FRANCIS STREET","Francis Street",53.3421,-6.27523,0,0,OPEN,"2025-02-22 15:54:19",1,0,{},2,28,1,1,0,1,30,2,28,1,1,0,1,30
73,dublin,"FRANCIS STREET","Francis Street",53.3421,-6.27523,0,0,OPEN,"2025-02-22 16:02:23",1,0,{},3,27,2,1,0,1,30,3,27,2,1,0,1,30
73,dublin,"FRANCIS STREET","Francis Street",53.3421,-6.27523,0,0,OPEN,"2025-02-22 16:05:47",1,0,{},1,29,1,0,0,0,30,1,29,1,0,0,0,30
73,dublin,"FRANCIS STREET","Francis Street",53.3421,-6.27523,0,0,OPEN,"2025-02-22 16:14:31",1,0,{},1,29,1,0,0,0,30,1,29,1,0,0,0,30
73,dublin,"FRANCIS STREET","Francis Street",53.3421,-6.27523,0,0,OPEN,"2025-02-22 16:24:35",1,0,{},0,30,0,0,0,0,30,0,30,0,0,0,0,30
73,dublin,"FRANCIS STREET","Francis Street",53.3421,-6.27523,0,0,OPEN,"2025-02-22 16:34:40",1,0,{},0,30,0,0,0,0,30,0,30,0,0,0,0,30
73,dublin,"FRANCIS STREET","Francis Street",53.3421,-6.27523,0,0,OPEN,"2025-02-22 16:48:29",1,0,{},3,27,2,1,0,1,30,3,27,2,1,0,1,30
73,dublin,"FRANCIS STREET","Francis Street",53.3421,-6.27523,0,0,OPEN,"2025-02-22 16:54:50",1,0,{},3,27,2,1,0,1,30,3,27,2,1,0,1,30
73,dublin,"FRANCIS STREET","Francis Street",53.3421,-6.27523,0,0,OPEN,"2025-02-22 17:04:54",1,0,{},3,27,2,1,0,1,30,3,27,2,1,0,1,30
73,dublin,"FRANCIS STREET","Francis Street",53.3421,-6.27523,0,0,OPEN,"2025-02-22 17:14:58",1,0,{},3,27,2,1,0,1,30,3,27,2,1,0,1,30
73,dublin,"FRANCIS STREET","Francis Street",53.3421,-6.27523,0,0,OPEN,"2025-02-22 17:18:49",1,0,{},2,28,1,1,0,1,30,2,28,1,1,0,1,30
73,dublin,"FRANCIS STREET","Francis Street",53.3421,-6.27523,0,0,OPEN,"2025-02-22 17:25:28",1,0,{},1,29,0,1,0,1,30,1,29,0,1,0,1,30
73,dublin,"FRANCIS STREET","Francis Street",53.3421,-6.27523,0,0,OPEN,"2025-02-22 17:35:11",1,0,{},3,27,2,1,0,1,30,3,27,2,1,0,1,30
73,dublin,"FRANCIS STREET","Francis Street",53.3421,-6.27523,0,0,OPEN,"2025-02-22 17:45:14",1,0,{},3,27,2,1,0,1,30,3,27,2,1,0,1,30
73,dublin,"FRANCIS STREET","Francis Street",53.3421,-6.27523,0,0,OPEN,"2025-02-22 17:50:28",1,0,{},4,26,3,1,0,1,30,4,26,3,1,0,1,30
73,dublin,"FRANCIS STREET","Francis Street",53.3421,-6.27523,0,0,OPEN,"2025-02-22 17:57:50",1,0,{},5,25,4,1,0,1,30,5,25,4,1,0,1,30
73,dublin,"FRANCIS STREET","Francis Street",53.3421,-6.27523,0,0,OPEN,"2025-02-22 18:05:26",1,0,{},3,27,2,1,0,1,30,3,27,2,1,0,1,30
73,dublin,"FRANCIS STREET","Francis Street",53.3421,-6.27523,0,0,OPEN,"2025-02-22 18:08:43",1,0,{},4,26,3,1,0,1,30,4,26,3,1,0,1,30
73,dublin,"FRANCIS STREET","Francis Street",53.3421,-6.27523,0,0,OPEN,"2025-02-22 18:16:52",1,0,{},2,28,1,1,0,1,30,2,28,1,1,0,1,30
73,dublin,"FRANCIS STREET","Francis Street",53.3421,-6.27523,0,0,OPEN,"2025-02-22 18:25:35",1,0,{},2,28,1,1,0,1,30,2,28,1,1,0,1,30
73,dublin,"FRANCIS STREET","Francis Street",53.3421,-6.27523,0,0,OPEN,"2025-02-22 18:31:21",1,0,{},3,27,1,2,0,2,30,3,27,1,2,0,2,30
73,dublin,"FRANCIS STREET","Francis Street",53.3421,-6.27523,0,0,OPEN,"2025-02-22 18:35:41",1,0,{},3,27,1,2,0,2,30,3,27,1,2,0,2,30
73,dublin,"FRANCIS STREET","Francis Street",53.3421,-6.27523,0,0,OPEN,"2025-02-22 18:45:45",1,0,{},4,26,2,2,0,2,30,4,26,2,2,0,2,30
73,dublin,"FRANCIS STREET","Francis Street",53.3421,-6.27523,0,0,OPEN,"2025-02-22 18:49:48",1,0,{},3,27,1,2,0,2,30,3,27,1,2,0,2,30
73,dublin,"FRANCIS STREET","Francis Street",53.3421,-6.27523,0,0,OPEN,"2025-02-22 18:55:52",1,0,{},3,27,1,2,0,2,30,3,27,1,2,0,2,30
73,dublin,"FRANCIS STREET","Francis Street",53.3421,-6.27523,0,0,OPEN,"2025-02-22 19:05:56",1,0,{},3,27,1,2,0,2,30,3,27,1,2,0,2,30
73,dublin,"FRANCIS STREET","Francis Street",53.3421,-6.27523,0,0,OPEN,"2025-02-22 19:16:03",1,0,{},4,26,2,2,0,2,30,4,26,2,2,0,2,30
73,dublin,"FRANCIS STREET","Francis Street",53.3421,-6.27523,0,0,OPEN,"2025-02-22 19:22:02",1,0,{},3,27,2,1,0,1,30,3,27,2,1,0,1,30
73,dublin,"FRANCIS STREET","Francis Street",53.3421,-6.27523,0,0,OPEN,"2025-02-22 19:27:14",1,0,{},4,26,3,1,0,1,30,4,26,3,1,0,1,30
73,dublin,"FRANCIS STREET","Francis Street",53.3421,-6.27523,0,0,OPEN,"2025-02-22 19:38:12",1,0,{},3,27,2,1,0,1,30,3,27,2,1,0,1,30
73,dublin,"FRANCIS STREET","Francis Street",53.3421,-6.27523,0,0,OPEN,"2025-02-22 19:46:21",1,0,{},3,27,2,1,0,1,30,3,27,2,1,0,1,30
73,dublin,"FRANCIS STREET","Francis Street",53.3421,-6.27523,0,0,OPEN,"2025-02-22 19:53:51",1,0,{},3,27,2,1,0,1,30,3,27,2,1,0,1,30
73,dublin,"FRANCIS STREET","Francis Street",53.3421,-6.27523,0,0,OPEN,"2025-02-22 19:57:58",1,0,{},2,28,1,1,0,1,30,2,28,1,1,0,1,30
73,dublin,"FRANCIS STREET","Francis Street",53.3421,-6.27523,0,0,OPEN,"2025-02-22 20:06:30",1,0,{},2,28,1,1,0,1,30,2,28,1,1,0,1,30
73,dublin,"FRANCIS STREET","Francis Street",53.3421,-6.27523,0,0,OPEN,"2025-02-22 20:14:02",1,0,{},1,29,1,0,0,0,30,1,29,1,0,0,0,30
73,dublin,"FRANCIS STREET","Francis Street",53.3421,-6.27523,0,0,OPEN,"2025-02-22 20:16:36",1,0,{},1,29,1,0,0,0,30,1,29,1,0,0,0,30
73,dublin,"FRANCIS STREET","Francis Street",53.3421,-6.27523,0,0,OPEN,"2025-02-22 20:26:40",1,0,{},1,29,1,0,0,0,30,1,29,1,0,0,0,30
73,dublin,"FRANCIS STREET","Francis Street",53.3421,-6.27523,0,0,OPEN,"2025-02-22 20:36:45",1,0,{},1,29,1,0,0,0,30,1,29,1,0,0,0,30
73,dublin,"FRANCIS STREET","Francis Street",53.3421,-6.27523,0,0,OPEN,"2025-02-22 20:46:48",1,0,{},1,29,1,0,0,0,30,1,29,1,0,0,0,30
73,dublin,"FRANCIS STREET","Francis Street",53.3421,-6.27523,0,0,OPEN,"2025-02-22 20:56:53",1,0,{},2,28,2,0,0,0,30,2,28,2,0,0,0,30
73,dublin,"FRANCIS STREET","Francis Street",53.3421,-6.27523,0,0,OPEN,"2025-02-22 21:06:58",1,0,{},1,29,1,0,0,0,30,1,29,1,0,0,0,30
73,dublin,"FRANCIS STREET","Francis Street",53.3421,-6.27523,0,0,OPEN,"2025-02-22 21:17:02",1,0,{},1,29,1,0,0,0,30,1,29,1,0,0,0,30
73,dublin,"FRANCIS STREET","Francis Street",53.3421,-6.27523,0,0,OPEN,"2025-02-22 21:28:45",1,0,{},2,28,2,0,0,0,30,2,28,2,0,0,0,30
73,dublin,"FRANCIS STREET","Francis Street",53.3421,-6.27523,0,0,OPEN,"2025-02-22 21:39:12",1,0,{},3,27,3,0,0,0,30,3,27,3,0,0,0,30
73,dublin,"FRANCIS STREET","Francis Street",53.3421,-6.27523,0,0,OPEN,"2025-02-22 21:47:16",1,0,{},3,27,3,0,0,0,30,3,27,3,0,0,0,30
73,dublin,"FRANCIS STREET","Francis Street",53.3421,-6.27523,0,0,OPEN,"2025-02-22 21:51:43",1,0,{},2,28,2,0,0,0,30,2,28,2,0,0,0,30
73,dublin,"FRANCIS STREET","Francis Street",53.3421,-6.27523,0,0,OPEN,"2025-02-22 21:57:20",1,0,{},2,28,2,0,0,0,30,2,28,2,0,0,0,30
73,dublin,"FRANCIS STREET","Francis Street",53.3421,-6.27523,0,0,OPEN,"2025-02-22 22:07:24",1,0,{},2,28,2,0,0,0,30,2,28,2,0,0,0,30
73,dublin,"FRANCIS STREET","Francis Street",53.3421,-6.27523,0,0,OPEN,"2025-02-22 22:10:22",1,0,{},1,29,1,0,0,0,30,1,29,1,0,0,0,30
73,dublin,"FRANCIS STREET","Francis Street",53.3421,-6.27523,0,0,OPEN,"2025-02-22 22:17:30",1,0,{},1,29,1,0,0,0,30,1,29,1,0,0,0,30
74,dublin,"OLIVER BOND STREET","Oliver Bond Street",53.3439,-6.28053,0,0,OPEN,"2025-02-22 02:53:45",1,0,{},22,8,16,6,0,6,30,22,8,16,6,0,6,30
74,dublin,"OLIVER BOND STREET","Oliver Bond Street",53.3439,-6.28053,0,0,OPEN,"2025-02-22 03:13:52",1,0,{},22,8,16,6,0,6,30,22,8,16,6,0,6,30
74,dublin,"OLIVER BOND STREET","Oliver Bond Street",53.3439,-6.28053,0,0,OPEN,"2025-02-22 10:11:45",1,0,{},15,15,11,4,0,4,30,15,15,11,4,0,4,30
74,dublin,"OLIVER BOND STREET","Oliver Bond Street",53.3439,-6.28053,0,0,OPEN,"2025-02-22 10:21:49",1,0,{},15,15,11,4,0,4,30,15,15,11,4,0,4,30
74,dublin,"OLIVER BOND STREET","Oliver Bond Street",53.3439,-6.28053,0,0,OPEN,"2025-02-22 10:24:24",1,0,{},14,16,10,4,0,4,30,14,16,10,4,0,4,30
74,dublin,"OLIVER BOND STREET","Oliver Bond Street",53.3439,-6.28053,0,0,OPEN,"2025-02-22 10:31:56",1,0,{},14,16,10,4,0,4,30,14,16,10,4,0,4,30
74,dublin,"OLIVER BOND STREET","Oliver Bond Street",53.3439,-6.28053,0,0,OPEN,"2025-02-22 10:38:11",1,0,{},13,17,9,4,0,4,30,13,17,9,4,0,4,30
74,dublin,"OLIVER BOND STREET","Oliver Bond Street",53.3439,-6.28053,0,0,OPEN,"2025-02-22 10:42:02",1,0,{},13,17,9,4,0,4,30,13,17,9,4,0,4,30
74,dublin,"OLIVER BOND STREET","Oliver Bond Street",53.3439,-6.28053,0,0,OPEN,"2025-02-22 10:52:06",1,0,{},13,17,9,4,0,4,30,13,17,9,4,0,4,30
74,dublin,"OLIVER BOND STREET","Oliver Bond Street",53.3439,-6.28053,0,0,OPEN,"2025-02-22 11:02:10",1,0,{},13,17,9,4,0,4,30,13,17,9,4,0,4,30
74,dublin,"OLIVER BOND STREET","Oliver Bond Street",53.3439,-6.28053,0,0,OPEN,"2025-02-22 11:12:14",1,0,{},13,17,9,4,0,4,30,13,17,9,4,0,4,30
74,dublin,"OLIVER BOND STREET","Oliver Bond Street",53.3439,-6.28053,0,0,OPEN,"2025-02-22 11:22:18",1,0,{},13,17,9,4,0,4,30,13,17,9,4,0,4,30
74,dublin,"OLIVER BOND STREET","Oliver Bond Street",53.3439,-6.28053,0,0,OPEN,"2025-02-22 11:32:22",1,0,{},13,17,9,4,0,4,30,13,17,9,4,0,4,30
74,dublin,"OLIVER BOND STREET","Oliver Bond Street",53.3439,-6.28053,0,0,OPEN,"2025-02-22 11:42:26",1,0,{},13,17,9,4,0,4,30,13,17,9,4,0,4,30
74,dublin,"OLIVER BOND STREET","Oliver Bond Street",53.3439,-6.28053,0,0,OPEN,"2025-02-22 11:52:30",1,0,{},13,17,9,4,0,4,30,13,17,9,4,0,4,30
74,dublin,"OLIVER BOND STREET","Oliver Bond Street",53.3439,-6.28053,0,0,OPEN,"2025-02-22 12:02:34",1,0,{},13,17,9,4,0,4,30,13,17,9,4,0,4,30
74,dublin,"OLIVER BOND STREET","Oliver Bond Street",53.3439,-6.28053,0,0,OPEN,"2025-02-22 12:05:13",1,0,{},12,18,9,3,0,3,30,12,18,9,3,0,3,30
74,dublin,"OLIVER BOND STREET","Oliver Bond Street",53.3439,-6.28053,0,0,OPEN,"2025-02-22 12:12:41",1,0,{},12,18,9,3,0,3,30,12,18,9,3,0,3,30
74,dublin,"OLIVER BOND STREET","Oliver Bond Street",53.3439,-6.28053,0,0,OPEN,"2025-02-22 12:15:43",1,0,{},11,19,8,3,0,3,30,11,19,8,3,0,3,30
74,dublin,"OLIVER BOND STREET","Oliver Bond Street",53.3439,-6.28053,0,0,OPEN,"2025-02-22 12:22:47",1,0,{},11,19,8,3,0,3,30,11,19,8,3,0,3,30
74,dublin,"OLIVER BOND STREET","Oliver Bond Street",53.3439,-6.28053,0,0,OPEN,"2025-02-22 12:24:31",1,0,{},10,20,7,3,0,3,30,10,20,7,3,0,3,30
74,dublin,"OLIVER BOND STREET","Oliver Bond Street",53.3439,-6.28053,0,0,OPEN,"2025-02-22 12:32:54",1,0,{},10,20,7,3,0,3,30,10,20,7,3,0,3,30
74,dublin,"OLIVER BOND STREET","Oliver Bond Street",53.3439,-6.28053,0,0,OPEN,"2025-02-22 12:42:58",1,0,{},10,20,7,3,0,3,30,10,20,7,3,0,3,30
74,dublin,"OLIVER BOND STREET","Oliver Bond Street",53.3439,-6.28053,0,0,OPEN,"2025-02-22 12:44:48",1,0,{},8,22,7,1,0,1,30,8,22,7,1,0,1,30
74,dublin,"OLIVER BOND STREET","Oliver Bond Street",53.3439,-6.28053,0,0,OPEN,"2025-02-22 12:53:03",1,0,{},8,22,7,1,0,1,30,8,22,7,1,0,1,30
74,dublin,"OLIVER BOND STREET","Oliver Bond Street",53.3439,-6.28053,0,0,OPEN,"2025-02-22 13:03:08",1,0,{},8,22,7,1,0,1,30,8,22,7,1,0,1,30
74,dublin,"OLIVER BOND STREET","Oliver Bond Street",53.3439,-6.28053,0,0,OPEN,"2025-02-22 13:13:12",1,0,{},8,22,7,1,0,1,30,8,22,7,1,0,1,30
74,dublin,"OLIVER BOND STREET","Oliver Bond Street",53.3439,-6.28053,0,0,OPEN,"2025-02-22 13:23:16",1,0,{},8,22,7,1,0,1,30,8,22,7,1,0,1,30
74,dublin,"OLIVER BOND STREET","Oliver Bond Street",53.3439,-6.28053,0,0,OPEN,"2025-02-22 13:33:20",1,0,{},8,22,7,1,0,1,30,8,22,7,1,0,1,30
74,dublin,"OLIVER BOND STREET","Oliver Bond Street",53.3439,-6.28053,0,0,OPEN,"2025-02-22 13:43:24",1,0,{},8,22,7,1,0,1,30,8,22,7,1,0,1,30
74,dublin,"OLIVER BOND STREET","Oliver Bond Street",53.3439,-6.28053,0,0,OPEN,"2025-02-22 13:47:07",1,0,{},9,21,8,1,0,1,30,9,21,8,1,0,1,30
74,dublin,"OLIVER BOND STREET","Oliver Bond Street",53.3439,-6.28053,0,0,OPEN,"2025-02-22 13:53:29",1,0,{},9,21,8,1,0,1,30,9,21,8,1,0,1,30
74,dublin,"OLIVER BOND STREET","Oliver Bond Street",53.3439,-6.28053,0,0,OPEN,"2025-02-22 13:58:08",1,0,{},10,20,9,1,0,1,30,10,20,9,1,0,1,30
74,dublin,"OLIVER BOND STREET","Oliver Bond Street",53.3439,-6.28053,0,0,OPEN,"2025-02-22 14:03:34",1,0,{},10,20,9,1,0,1,30,10,20,9,1,0,1,30
74,dublin,"OLIVER BOND STREET","Oliver Bond Street",53.3439,-6.28053,0,0,OPEN,"2025-02-22 14:13:39",1,0,{},10,20,9,1,0,1,30,10,20,9,1,0,1,30
74,dublin,"OLIVER BOND STREET","Oliver Bond Street",53.3439,-6.28053,0,0,OPEN,"2025-02-22 14:23:43",1,0,{},10,20,9,1,0,1,30,10,20,9,1,0,1,30
74,dublin,"OLIVER BOND STREET","Oliver Bond Street",53.3439,-6.28053,0,0,OPEN,"2025-02-22 14:33:47",1,0,{},10,20,9,1,0,1,30,10,20,9,1,0,1,30
74,dublin,"OLIVER BOND STREET","Oliver Bond Street",53.3439,-6.28053,0,0,OPEN,"2025-02-22 14:43:51",1,0,{},10,20,9,1,0,1,30,10,20,9,1,0,1,30
74,dublin,"OLIVER BOND STREET","Oliver Bond Street",53.3439,-6.28053,0,0,OPEN,"2025-02-22 14:53:55",1,0,{},10,20,9,1,0,1,30,10,20,9,1,0,1,30
74,dublin,"OLIVER BOND STREET","Oliver Bond Street",53.3439,-6.28053,0,0,OPEN,"2025-02-22 15:04:00",1,0,{},10,20,9,1,0,1,30,10,20,9,1,0,1,30
74,dublin,"OLIVER BOND STREET","Oliver Bond Street",53.3439,-6.28053,0,0,OPEN,"2025-02-22 15:14:05",1,0,{},10,20,9,1,0,1,30,10,20,9,1,0,1,30
74,dublin,"OLIVER BOND STREET","Oliver Bond Street",53.3439,-6.28053,0,0,OPEN,"2025-02-22 15:19:06",1,0,{},11,19,10,1,0,1,30,11,19,10,1,0,1,30
74,dublin,"OLIVER BOND STREET","Oliver Bond Street",53.3439,-6.28053,0,0,OPEN,"2025-02-22 15:24:37",1,0,{},13,17,12,1,0,1,30,13,17,12,1,0,1,30
74,dublin,"OLIVER BOND STREET","Oliver Bond Street",53.3439,-6.28053,0,0,OPEN,"2025-02-22 15:34:14",1,0,{},13,17,12,1,0,1,30,13,17,12,1,0,1,30
74,dublin,"OLIVER BOND STREET","Oliver Bond Street",53.3439,-6.28053,0,0,OPEN,"2025-02-22 15:41:55",1,0,{},11,19,10,1,0,1,30,11,19,10,1,0,1,30
74,dublin,"OLIVER BOND STREET","Oliver Bond Street",53.3439,-6.28053,0,0,OPEN,"2025-02-22 15:44:20",1,0,{},11,19,10,1,0,1,30,11,19,10,1,0,1,30
74,dublin,"OLIVER BOND STREET","Oliver Bond Street",53.3439,-6.28053,0,0,OPEN,"2025-02-22 15:54:24",1,0,{},11,19,10,1,0,1,30,11,19,10,1,0,1,30
74,dublin,"OLIVER BOND STREET","Oliver Bond Street",53.3439,-6.28053,0,0,OPEN,"2025-02-22 16:04:28",1,0,{},11,19,10,1,0,1,30,11,19,10,1,0,1,30
74,dublin,"OLIVER BOND STREET","Oliver Bond Street",53.3439,-6.28053,0,0,OPEN,"2025-02-22 16:17:11",1,0,{},12,18,11,1,0,1,30,12,18,11,1,0,1,30
74,dublin,"OLIVER BOND STREET","Oliver Bond Street",53.3439,-6.28053,0,0,OPEN,"2025-02-22 16:24:37",1,0,{},12,18,11,1,0,1,30,12,18,11,1,0,1,30
74,dublin,"OLIVER BOND STREET","Oliver Bond Street",53.3439,-6.28053,0,0,OPEN,"2025-02-22 16:34:42",1,0,{},12,18,11,1,0,1,30,12,18,11,1,0,1,30
74,dublin,"OLIVER BOND STREET","Oliver Bond Street",53.3439,-6.28053,0,0,OPEN,"2025-02-22 16:40:59",1,0,{},11,19,11,0,0,0,30,11,19,11,0,0,0,30
74,dublin,"OLIVER BOND STREET","Oliver Bond Street",53.3439,-6.28053,0,0,OPEN,"2025-02-22 16:44:47",1,0,{},11,19,11,0,0,0,30,11,19,11,0,0,0,30
74,dublin,"OLIVER BOND STREET","Oliver Bond Street",53.3439,-6.28053,0,0,OPEN,"2025-02-22 16:54:51",1,0,{},11,19,11,0,0,0,30,11,19,11,0,0,0,30
74,dublin,"OLIVER BOND STREET","Oliver Bond Street",53.3439,-6.28053,0,0,OPEN,"2025-02-22 17:04:55",1,0,{},11,19,11,0,0,0,30,11,19,11,0,0,0,30
74,dublin,"OLIVER BOND STREET","Oliver Bond Street",53.3439,-6.28053,0,0,OPEN,"2025-02-22 17:14:59",1,0,{},11,19,11,0,0,0,30,11,19,11,0,0,0,30
74,dublin,"OLIVER BOND STREET","Oliver Bond Street",53.3439,-6.28053,0,0,OPEN,"2025-02-22 17:25:59",1,0,{},10,20,10,0,0,0,30,10,20,10,0,0,0,30
74,dublin,"OLIVER BOND STREET","Oliver Bond Street",53.3439,-6.28053,0,0,OPEN,"2025-02-22 17:35:09",1,0,{},10,20,10,0,0,0,30,10,20,10,0,0,0,30
74,dublin,"OLIVER BOND STREET","Oliver Bond Street",53.3439,-6.28053,0,0,OPEN,"2025-02-22 17:41:45",1,0,{},11,19,11,0,0,0,30,11,19,11,0,0,0,30
74,dublin,"OLIVER BOND STREET","Oliver Bond Street",53.3439,-6.28053,0,0,OPEN,"2025-02-22 17:45:14",1,0,{},11,19,11,0,0,0,30,11,19,11,0,0,0,30
74,dublin,"OLIVER BOND STREET","Oliver Bond Street",53.3439,-6.28053,0,0,OPEN,"2025-02-22 17:55:18",1,0,{},11,19,11,0,0,0,30,11,19,11,0,0,0,30
74,dublin,"OLIVER BOND STREET","Oliver Bond Street",53.3439,-6.28053,0,0,OPEN,"2025-02-22 18:00:47",1,0,{},12,18,11,1,0,1,30,12,18,11,1,0,1,30
74,dublin,"OLIVER BOND STREET","Oliver Bond Street",53.3439,-6.28053,0,0,OPEN,"2025-02-22 18:07:58",1,0,{},13,17,12,1,0,1,30,13,17,12,1,0,1,30
74,dublin,"OLIVER BOND STREET","Oliver Bond Street",53.3439,-6.28053,0,0,OPEN,"2025-02-22 18:15:26",1,0,{},13,17,12,1,0,1,30,13,17,12,1,0,1,30
74,dublin,"OLIVER BOND STREET","Oliver Bond Street",53.3439,-6.28053,0,0,OPEN,"2025-02-22 18:22:17",1,0,{},12,18,11,1,0,1,30,12,18,11,1,0,1,30
74,dublin,"OLIVER BOND STREET","Oliver Bond Street",53.3439,-6.28053,0,0,OPEN,"2025-02-22 18:25:33",1,0,{},12,18,11,1,0,1,30,12,18,11,1,0,1,30
74,dublin,"OLIVER BOND STREET","Oliver Bond Street",53.3439,-6.28053,0,0,OPEN,"2025-02-22 18:35:36",1,0,{},12,18,11,1,0,1,30,12,18,11,1,0,1,30
74,dublin,"OLIVER BOND STREET","Oliver Bond Street",53.3439,-6.28053,0,0,OPEN,"2025-02-22 18:43:46",1,0,{},14,16,12,2,0,2,30,14,16,12,2,0,2,30
74,dublin,"OLIVER BOND STREET","Oliver Bond Street",53.3439,-6.28053,0,0,OPEN,"2025-02-22 18:45:40",1,0,{},14,16,12,2,0,2,30,14,16,12,2,0,2,30
74,dublin,"OLIVER BOND STREET","Oliver Bond Street",53.3439,-6.28053,0,0,OPEN,"2025-02-22 18:56:37",1,0,{},13,17,11,2,0,2,30,13,17,11,2,0,2,30
74,dublin,"OLIVER BOND STREET","Oliver Bond Street",53.3439,-6.28053,0,0,OPEN,"2025-02-22 19:05:51",1,0,{},13,17,11,2,0,2,30,13,17,11,2,0,2,30
74,dublin,"OLIVER BOND STREET","Oliver Bond Street",53.3439,-6.28053,0,0,OPEN,"2025-02-22 19:13:29",1,0,{},15,15,13,2,0,2,30,15,15,13,2,0,2,30
74,dublin,"OLIVER BOND STREET","Oliver Bond Street",53.3439,-6.28053,0,0,OPEN,"2025-02-22 19:15:56",1,0,{},15,15,13,2,0,2,30,15,15,13,2,0,2,30
74,dublin,"OLIVER BOND STREET","Oliver Bond Street",53.3439,-6.28053,0,0,OPEN,"2025-02-22 19:26:00",1,0,{},15,15,13,2,0,2,30,15,15,13,2,0,2,30
74,dublin,"OLIVER BOND STREET","Oliver Bond Street",53.3439,-6.28053,0,0,OPEN,"2025-02-22 19:36:05",1,0,{},15,15,13,2,0,2,30,15,15,13,2,0,2,30
74,dublin,"OLIVER BOND STREET","Oliver Bond Street",53.3439,-6.28053,0,0,OPEN,"2025-02-22 19:46:08",1,0,{},15,15,13,2,0,2,30,15,15,13,2,0,2,30
74,dublin,"OLIVER BOND STREET","Oliver Bond Street",53.3439,-6.28053,0,0,OPEN,"2025-02-22 19:56:12",1,0,{},15,15,13,2,0,2,30,15,15,13,2,0,2,30
74,dublin,"OLIVER BOND STREET","Oliver Bond Street",53.3439,-6.28053,0,0,OPEN,"2025-02-22 20:09:14",1,0,{},14,16,12,2,0,2,30,14,16,12,2,0,2,30
74,dublin,"OLIVER BOND STREET","Oliver Bond Street",53.3439,-6.28053,0,0,OPEN,"2025-02-22 20:16:22",1,0,{},14,16,12,2,0,2,30,14,16,12,2,0,2,30
74,dublin,"OLIVER BOND STREET","Oliver Bond Street",53.3439,-6.28053,0,0,OPEN,"2025-02-22 20:26:26",1,0,{},14,16,12,2,0,2,30,14,16,12,2,0,2,30
74,dublin,"OLIVER BOND STREET","Oliver Bond Street",53.3439,-6.28053,0,0,OPEN,"2025-02-22 20:36:30",1,0,{},14,16,12,2,0,2,30,14,16,12,2,0,2,30
74,dublin,"OLIVER BOND STREET","Oliver Bond Street",53.3439,-6.28053,0,0,OPEN,"2025-02-22 20:46:35",1,0,{},14,16,12,2,0,2,30,14,16,12,2,0,2,30
74,dublin,"OLIVER BOND STREET","Oliver Bond Street",53.3439,-6.28053,0,0,OPEN,"2025-02-22 20:51:43",1,0,{},13,17,12,1,0,1,30,13,17,12,1,0,1,30
74,dublin,"OLIVER BOND STREET","Oliver Bond Street",53.3439,-6.28053,0,0,OPEN,"2025-02-22 20:56:41",1,0,{},13,17,12,1,0,1,30,13,17,12,1,0,1,30
74,dublin,"OLIVER BOND STREET","Oliver Bond Street",53.3439,-6.28053,0,0,OPEN,"2025-02-22 21:06:45",1,0,{},13,17,12,1,0,1,30,13,17,12,1,0,1,30
74,dublin,"OLIVER BOND STREET","Oliver Bond Street",53.3439,-6.28053,0,0,OPEN,"2025-02-22 21:16:50",1,0,{},13,17,12,1,0,1,30,13,17,12,1,0,1,30
74,dublin,"OLIVER BOND STREET","Oliver Bond Street",53.3439,-6.28053,0,0,OPEN,"2025-02-22 21:19:56",1,0,{},12,18,11,1,0,1,30,12,18,11,1,0,1,30
74,dublin,"OLIVER BOND STREET","Oliver Bond Street",53.3439,-6.28053,0,0,OPEN,"2025-02-22 21:26:55",1,0,{},12,18,11,1,0,1,30,12,18,11,1,0,1,30
74,dublin,"OLIVER BOND STREET","Oliver Bond Street",53.3439,-6.28053,0,0,OPEN,"2025-02-22 21:33:20",1,0,{},13,17,11,2,0,2,30,13,17,11,2,0,2,30
74,dublin,"OLIVER BOND STREET","Oliver Bond Street",53.3439,-6.28053,0,0,OPEN,"2025-02-22 21:37:01",1,0,{},13,17,11,2,0,2,30,13,17,11,2,0,2,30
74,dublin,"OLIVER BOND STREET","Oliver Bond Street",53.3439,-6.28053,0,0,OPEN,"2025-02-22 21:41:52",1,0,{},15,15,13,2,0,2,30,15,15,13,2,0,2,30
74,dublin,"OLIVER BOND STREET","Oliver Bond Street",53.3439,-6.28053,0,0,OPEN,"2025-02-22 21:47:05",1,0,{},15,15,13,2,0,2,30,15,15,13,2,0,2,30
74,dublin,"OLIVER BOND STREET","Oliver Bond Street",53.3439,-6.28053,0,0,OPEN,"2025-02-22 21:57:09",1,0,{},15,15,13,2,0,2,30,15,15,13,2,0,2,30
74,dublin,"OLIVER BOND STREET","Oliver Bond Street",53.3439,-6.28053,0,0,OPEN,"2025-02-22 22:07:13",1,0,{},15,15,13,2,0,2,30,15,15,13,2,0,2,30
74,dublin,"OLIVER BOND STREET","Oliver Bond Street",53.3439,-6.28053,0,0,OPEN,"2025-02-22 22:17:18",1,0,{},15,15,13,2,0,2,30,15,15,13,2,0,2,30
75,dublin,"JAMES STREET","James Street",53.3435,-6.28741,0,0,OPEN,"2025-02-22 02:51:39",1,0,{},29,11,24,5,0,5,40,29,11,24,5,0,5,40
75,dublin,"JAMES STREET","James Street",53.3435,-6.28741,0,0,OPEN,"2025-02-22 03:11:47",1,0,{},29,11,24,5,0,5,40,29,11,24,5,0,5,40
75,dublin,"JAMES STREET","James Street",53.3435,-6.28741,0,0,OPEN,"2025-02-22 10:04:10",1,0,{},30,10,25,5,0,5,40,30,10,25,5,0,5,40
75,dublin,"JAMES STREET","James Street",53.3435,-6.28741,0,0,OPEN,"2025-02-22 10:14:16",1,0,{},30,10,25,5,0,5,40,30,10,25,5,0,5,40
75,dublin,"JAMES STREET","James Street",53.3435,-6.28741,0,0,OPEN,"2025-02-22 10:23:17",1,0,{},29,11,25,4,0,4,40,29,11,25,4,0,4,40
75,dublin,"JAMES STREET","James Street",53.3435,-6.28741,0,0,OPEN,"2025-02-22 10:24:23",1,0,{},29,11,25,4,0,4,40,29,11,25,4,0,4,40
75,dublin,"JAMES STREET","James Street",53.3435,-6.28741,0,0,OPEN,"2025-02-22 10:34:28",1,0,{},29,11,25,4,0,4,40,29,11,25,4,0,4,40
75,dublin,"JAMES STREET","James Street",53.3435,-6.28741,0,0,OPEN,"2025-02-22 10:44:35",1,0,{},28,12,25,3,0,3,40,28,12,25,3,0,3,40
75,dublin,"JAMES STREET","James Street",53.3435,-6.28741,0,0,OPEN,"2025-02-22 10:54:41",1,0,{},28,12,25,3,0,3,40,28,12,25,3,0,3,40
75,dublin,"JAMES STREET","James Street",53.3435,-6.28741,0,0,OPEN,"2025-02-22 11:04:46",1,0,{},28,12,25,3,0,3,40,28,12,25,3,0,3,40
75,dublin,"JAMES STREET","James Street",53.3435,-6.28741,0,0,OPEN,"2025-02-22 11:14:52",1,0,{},28,12,25,3,0,3,40,28,12,25,3,0,3,40
75,dublin,"JAMES STREET","James Street",53.3435,-6.28741,0,0,OPEN,"2025-02-22 11:24:57",1,0,{},28,12,25,3,0,3,40,28,12,25,3,0,3,40
75,dublin,"JAMES STREET","James Street",53.3435,-6.28741,0,0,OPEN,"2025-02-22 11:35:02",1,0,{},28,12,25,3,0,3,40,28,12,25,3,0,3,40
75,dublin,"JAMES STREET","James Street",53.3435,-6.28741,0,0,OPEN,"2025-02-22 11:41:43",1,0,{},24,16,23,1,0,1,40,24,16,23,1,0,1,40
75,dublin,"JAMES STREET","James Street",53.3435,-6.28741,0,0,OPEN,"2025-02-22 11:45:10",1,0,{},24,16,23,1,0,1,40,24,16,23,1,0,1,40
75,dublin,"JAMES STREET","James Street",53.3435,-6.28741,0,0,OPEN,"2025-02-22 11:55:15",1,0,{},24,16,23,1,0,1,40,24,16,23,1,0,1,40
75,dublin,"JAMES STREET","James Street",53.3435,-6.28741,0,0,OPEN,"2025-02-22 12:05:21",1,0,{},24,16,23,1,0,1,40,24,16,23,1,0,1,40
75,dublin,"JAMES STREET","James Street",53.3435,-6.28741,0,0,OPEN,"2025-02-22 12:15:26",1,0,{},24,16,23,1,0,1,40,24,16,23,1,0,1,40
75,dublin,"JAMES STREET","James Street",53.3435,-6.28741,0,0,OPEN,"2025-02-22 12:25:32",1,0,{},24,16,23,1,0,1,40,24,16,23,1,0,1,40
75,dublin,"JAMES STREET","James Street",53.3435,-6.28741,0,0,OPEN,"2025-02-22 12:35:37",1,0,{},24,16,23,1,0,1,40,24,16,23,1,0,1,40
75,dublin,"JAMES STREET","James Street",53.3435,-6.28741,0,0,OPEN,"2025-02-22 12:45:45",1,0,{},25,15,24,1,0,1,40,25,15,24,1,0,1,40
75,dublin,"JAMES STREET","James Street",53.3435,-6.28741,0,0,OPEN,"2025-02-22 12:49:27",1,0,{},26,14,25,1,0,1,40,26,14,25,1,0,1,40
75,dublin,"JAMES STREET","James Street",53.3435,-6.28741,0,0,OPEN,"2025-02-22 12:55:51",1,0,{},26,14,25,1,0,1,40,26,14,25,1,0,1,40
75,dublin,"JAMES STREET","James Street",53.3435,-6.28741,0,0,OPEN,"2025-02-22 13:05:56",1,0,{},26,14,25,1,0,1,40,26,14,25,1,0,1,40
75,dublin,"JAMES STREET","James Street",53.3435,-6.28741,0,0,OPEN,"2025-02-22 13:16:02",1,0,{},26,14,25,1,0,1,40,26,14,25,1,0,1,40
75,dublin,"JAMES STREET","James Street",53.3435,-6.28741,0,0,OPEN,"2025-02-22 13:20:39",1,0,{},27,13,26,1,0,1,40,27,13,26,1,0,1,40
75,dublin,"JAMES STREET","James Street",53.3435,-6.28741,0,0,OPEN,"2025-02-22 13:26:09",1,0,{},27,13,26,1,0,1,40,27,13,26,1,0,1,40
75,dublin,"JAMES STREET","James Street",53.3435,-6.28741,0,0,OPEN,"2025-02-22 13:36:14",1,0,{},27,13,26,1,0,1,40,27,13,26,1,0,1,40
75,dublin,"JAMES STREET","James Street",53.3435,-6.28741,0,0,OPEN,"2025-02-22 13:46:19",1,0,{},27,13,26,1,0,1,40,27,13,26,1,0,1,40
75,dublin,"JAMES STREET","James Street",53.3435,-6.28741,0,0,OPEN,"2025-02-22 13:52:19",1,0,{},29,11,28,1,0,1,40,29,11,28,1,0,1,40
75,dublin,"JAMES STREET","James Street",53.3435,-6.28741,0,0,OPEN,"2025-02-22 13:56:25",1,0,{},29,11,28,1,0,1,40,29,11,28,1,0,1,40
75,dublin,"JAMES STREET","James Street",53.3435,-6.28741,0,0,OPEN,"2025-02-22 14:07:15",1,0,{},31,9,30,1,0,1,40,31,9,30,1,0,1,40
75,dublin,"JAMES STREET","James Street",53.3435,-6.28741,0,0,OPEN,"2025-02-22 14:16:37",1,0,{},30,10,29,1,0,1,40,30,10,29,1,0,1,40
75,dublin,"JAMES STREET","James Street",53.3435,-6.28741,0,0,OPEN,"2025-02-22 14:26:42",1,0,{},30,10,29,1,0,1,40,30,10,29,1,0,1,40
75,dublin,"JAMES STREET","James Street",53.3435,-6.28741,0,0,OPEN,"2025-02-22 14:36:50",1,0,{},29,11,28,1,0,1,40,29,11,28,1,0,1,40
75,dublin,"JAMES STREET","James Street",53.3435,-6.28741,0,0,OPEN,"2025-02-22 14:46:55",1,0,{},29,11,28,1,0,1,40,29,11,28,1,0,1,40
75,dublin,"JAMES STREET","James Street",53.3435,-6.28741,0,0,OPEN,"2025-02-22 14:57:01",1,0,{},29,11,28,1,0,1,40,29,11,28,1,0,1,40
75,dublin,"JAMES STREET","James Street",53.3435,-6.28741,0,0,OPEN,"2025-02-22 15:07:06",1,0,{},29,11,28,1,0,1,40,29,11,28,1,0,1,40
75,dublin,"JAMES STREET","James Street",53.3435,-6.28741,0,0,OPEN,"2025-02-22 15:17:59",1,0,{},31,9,28,3,0,3,40,31,9,28,3,0,3,40
75,dublin,"JAMES STREET","James Street",53.3435,-6.28741,0,0,OPEN,"2025-02-22 15:21:52",1,0,{},32,8,28,4,0,4,40,32,8,28,4,0,4,40
75,dublin,"JAMES STREET","James Street",53.3435,-6.28741,0,0,OPEN,"2025-02-22 15:27:22",1,0,{},34,6,28,6,0,6,40,34,6,28,6,0,6,40
75,dublin,"JAMES STREET","James Street",53.3435,-6.28741,0,0,OPEN,"2025-02-22 15:37:28",1,0,{},34,6,28,6,0,6,40,34,6,28,6,0,6,40
75,dublin,"JAMES STREET","James Street",53.3435,-6.28741,0,0,OPEN,"2025-02-22 15:40:26",1,0,{},34,6,28,6,0,6,40,34,6,28,6,0,6,40
75,dublin,"JAMES STREET","James Street",53.3435,-6.28741,0,0,OPEN,"2025-02-22 15:47:33",1,0,{},34,6,28,6,0,6,40,34,6,28,6,0,6,40
75,dublin,"JAMES STREET","James Street",53.3435,-6.28741,0,0,OPEN,"2025-02-22 15:53:04",1,0,{},31,9,26,5,0,5,40,31,9,26,5,0,5,40
75,dublin,"JAMES STREET","James Street",53.3435,-6.28741,0,0,OPEN,"2025-02-22 15:57:47",1,0,{},29,11,24,5,0,5,40,29,11,24,5,0,5,40
75,dublin,"JAMES STREET","James Street",53.3435,-6.28741,0,0,OPEN,"2025-02-22 16:03:03",1,0,{},24,16,20,4,0,4,40,24,16,20,4,0,4,40
75,dublin,"JAMES STREET","James Street",53.3435,-6.28741,0,0,OPEN,"2025-02-22 16:07:58",1,0,{},25,15,21,4,0,4,40,25,15,21,4,0,4,40
75,dublin,"JAMES STREET","James Street",53.3435,-6.28741,0,0,OPEN,"2025-02-22 16:18:03",1,0,{},25,15,21,4,0,4,40,25,15,21,4,0,4,40
75,dublin,"JAMES STREET","James Street",53.3435,-6.28741,0,0,OPEN,"2025-02-22 16:20:56",1,0,{},24,16,20,4,0,4,40,24,16,20,4,0,4,40
75,dublin,"JAMES STREET","James Street",53.3435,-6.28741,0,0,OPEN,"2025-02-22 16:28:11",1,0,{},24,16,20,4,0,4,40,24,16,20,4,0,4,40
75,dublin,"JAMES STREET","James Street",53.3435,-6.28741,0,0,OPEN,"2025-02-22 16:38:16",1,0,{},24,16,20,4,0,4,40,24,16,20,4,0,4,40
75,dublin,"JAMES STREET","James Street",53.3435,-6.28741,0,0,OPEN,"2025-02-22 16:48:22",1,0,{},24,16,20,4,0,4,40,24,16,20,4,0,4,40
75,dublin,"JAMES STREET","James Street",53.3435,-6.28741,0,0,OPEN,"2025-02-22 16:52:35",1,0,{},23,17,19,4,0,4,40,23,17,19,4,0,4,40
75,dublin,"JAMES STREET","James Street",53.3435,-6.28741,0,0,OPEN,"2025-02-22 16:58:29",1,0,{},23,17,19,4,0,4,40,23,17,19,4,0,4,40
75,dublin,"JAMES STREET","James Street",53.3435,-6.28741,0,0,OPEN,"2025-02-22 17:01:30",1,0,{},22,18,19,3,0,3,40,22,18,19,3,0,3,40
75,dublin,"JAMES STREET","James Street",53.3435,-6.28741,0,0,OPEN,"2025-02-22 17:08:36",1,0,{},22,18,19,3,0,3,40,22,18,19,3,0,3,40
75,dublin,"JAMES STREET","James Street",53.3435,-6.28741,0,0,OPEN,"2025-02-22 17:18:41",1,0,{},22,18,19,3,0,3,40,22,18,19,3,0,3,40
75,dublin,"JAMES STREET","James Street",53.3435,-6.28741,0,0,OPEN,"2025-02-22 17:28:46",1,0,{},22,18,19,3,0,3,40,22,18,19,3,0,3,40
75,dublin,"JAMES STREET","James Street",53.3435,-6.28741,0,0,OPEN,"2025-02-22 17:38:52",1,0,{},22,18,19,3,0,3,40,22,18,19,3,0,3,40
75,dublin,"JAMES STREET","James Street",53.3435,-6.28741,0,0,OPEN,"2025-02-22 17:48:57",1,0,{},22,18,19,3,0,3,40,22,18,19,3,0,3,40
75,dublin,"JAMES STREET","James Street",53.3435,-6.28741,0,0,OPEN,"2025-02-22 17:59:02",1,0,{},22,18,19,3,0,3,40,22,18,19,3,0,3,40
75,dublin,"JAMES STREET","James Street",53.3435,-6.28741,0,0,OPEN,"2025-02-22 18:06:38",1,0,{},21,19,19,2,0,2,40,21,19,19,2,0,2,40
75,dublin,"JAMES STREET","James Street",53.3435,-6.28741,0,0,OPEN,"2025-02-22 18:11:45",1,0,{},22,17,20,2,0,2,40,22,17,20,2,0,2,40
75,dublin,"JAMES STREET","James Street",53.3435,-6.28741,0,0,OPEN,"2025-02-22 18:19:15",1,0,{},22,17,20,2,0,2,40,22,17,20,2,0,2,40
75,dublin,"JAMES STREET","James Street",53.3435,-6.28741,0,0,OPEN,"2025-02-22 18:28:22",1,0,{},22,18,20,2,0,2,40,22,18,20,2,0,2,40
75,dublin,"JAMES STREET","James Street",53.3435,-6.28741,0,0,OPEN,"2025-02-22 18:29:24",1,0,{},22,18,20,2,0,2,40,22,18,20,2,0,2,40
75,dublin,"JAMES STREET","James Street",53.3435,-6.28741,0,0,OPEN,"2025-02-22 18:37:33",1,0,{},18,22,16,2,0,2,40,18,22,16,2,0,2,40
75,dublin,"JAMES STREET","James Street",53.3435,-6.28741,0,0,OPEN,"2025-02-22 18:39:33",1,0,{},18,22,16,2,0,2,40,18,22,16,2,0,2,40
75,dublin,"JAMES STREET","James Street",53.3435,-6.28741,0,0,OPEN,"2025-02-22 18:49:39",1,0,{},18,22,16,2,0,2,40,18,22,16,2,0,2,40
75,dublin,"JAMES STREET","James Street",53.3435,-6.28741,0,0,OPEN,"2025-02-22 19:00:53",1,0,{},17,23,15,2,0,2,40,17,23,15,2,0,2,40
75,dublin,"JAMES STREET","James Street",53.3435,-6.28741,0,0,OPEN,"2025-02-22 19:09:52",1,0,{},17,23,15,2,0,2,40,17,23,15,2,0,2,40
75,dublin,"JAMES STREET","James Street",53.3435,-6.28741,0,0,OPEN,"2025-02-22 19:19:58",1,0,{},17,23,15,2,0,2,40,17,23,15,2,0,2,40
75,dublin,"JAMES STREET","James Street",53.3435,-6.28741,0,0,OPEN,"2025-02-22 19:30:03",1,0,{},17,23,15,2,0,2,40,17,23,15,2,0,2,40
75,dublin,"JAMES STREET","James Street",53.3435,-6.28741,0,0,OPEN,"2025-02-22 19:40:08",1,0,{},17,23,15,2,0,2,40,17,23,15,2,0,2,40
75,dublin,"JAMES STREET","James Street",53.3435,-6.28741,0,0,OPEN,"2025-02-22 19:50:14",1,0,{},17,23,15,2,0,2,40,17,23,15,2,0,2,40
75,dublin,"JAMES STREET","James Street",53.3435,-6.28741,0,0,OPEN,"2025-02-22 20:00:19",1,0,{},17,23,15,2,0,2,40,17,23,15,2,0,2,40
75,dublin,"JAMES STREET","James Street",53.3435,-6.28741,0,0,OPEN,"2025-02-22 20:10:24",1,0,{},17,23,15,2,0,2,40,17,23,15,2,0,2,40
75,dublin,"JAMES STREET","James Street",53.3435,-6.28741,0,0,OPEN,"2025-02-22 20:20:30",1,0,{},17,23,15,2,0,2,40,17,23,15,2,0,2,40
75,dublin,"JAMES STREET","James Street",53.3435,-6.28741,0,0,OPEN,"2025-02-22 20:30:35",1,0,{},17,23,15,2,0,2,40,17,23,15,2,0,2,40
75,dublin,"JAMES STREET","James Street",53.3435,-6.28741,0,0,OPEN,"2025-02-22 20:40:41",1,0,{},17,23,15,2,0,2,40,17,23,15,2,0,2,40
75,dublin,"JAMES STREET","James Street",53.3435,-6.28741,0,0,OPEN,"2025-02-22 20:50:46",1,0,{},17,23,15,2,0,2,40,17,23,15,2,0,2,40
75,dublin,"JAMES STREET","James Street",53.3435,-6.28741,0,0,OPEN,"2025-02-22 21:00:51",1,0,{},17,23,15,2,0,2,40,17,23,15,2,0,2,40
75,dublin,"JAMES STREET","James Street",53.3435,-6.28741,0,0,OPEN,"2025-02-22 21:10:56",1,0,{},17,23,15,2,0,2,40,17,23,15,2,0,2,40
75,dublin,"JAMES STREET","James Street",53.3435,-6.28741,0,0,OPEN,"2025-02-22 21:21:02",1,0,{},17,23,15,2,0,2,40,17,23,15,2,0,2,40
75,dublin,"JAMES STREET","James Street",53.3435,-6.28741,0,0,OPEN,"2025-02-22 21:31:07",1,0,{},17,23,15,2,0,2,40,17,23,15,2,0,2,40
75,dublin,"JAMES STREET","James Street",53.3435,-6.28741,0,0,OPEN,"2025-02-22 21:41:13",1,0,{},17,23,15,2,0,2,40,17,23,15,2,0,2,40
75,dublin,"JAMES STREET","James Street",53.3435,-6.28741,0,0,OPEN,"2025-02-22 21:51:18",1,0,{},17,23,15,2,0,2,40,17,23,15,2,0,2,40
75,dublin,"JAMES STREET","James Street",53.3435,-6.28741,0,0,OPEN,"2025-02-22 22:01:23",1,0,{},17,23,15,2,0,2,40,17,23,15,2,0,2,40
75,dublin,"JAMES STREET","James Street",53.3435,-6.28741,0,0,OPEN,"2025-02-22 22:11:29",1,0,{},17,23,15,2,0,2,40,17,23,15,2,0,2,40
76,dublin,"MARKET STREET SOUTH","Market Street South",53.3423,-6.28766,0,0,OPEN,"2025-02-22 02:56:20",1,0,{},20,18,18,2,0,2,38,20,18,18,2,0,2,38
76,dublin,"MARKET STREET SOUTH","Market Street South",53.3423,-6.28766,0,0,OPEN,"2025-02-22 03:06:24",1,0,{},20,18,18,2,0,2,38,20,18,18,2,0,2,38
76,dublin,"MARKET STREET SOUTH","Market Street South",53.3423,-6.28766,0,0,OPEN,"2025-02-22 03:16:26",1,0,{},20,18,18,2,0,2,38,20,18,18,2,0,2,38
76,dublin,"MARKET STREET SOUTH","Market Street South",53.3423,-6.28766,0,0,OPEN,"2025-02-22 10:10:24",1,0,{},14,24,11,3,0,3,38,14,24,11,3,0,3,38
76,dublin,"MARKET STREET SOUTH","Market Street South",53.3423,-6.28766,0,0,OPEN,"2025-02-22 10:20:30",1,0,{},14,24,11,3,0,3,38,14,24,11,3,0,3,38
76,dublin,"MARKET STREET SOUTH","Market Street South",53.3423,-6.28766,0,0,OPEN,"2025-02-22 10:32:47",1,0,{},17,21,11,6,0,6,38,17,21,11,6,0,6,38
76,dublin,"MARKET STREET SOUTH","Market Street South",53.3423,-6.28766,0,0,OPEN,"2025-02-22 10:40:43",1,0,{},17,21,11,6,0,6,38,17,21,11,6,0,6,38
76,dublin,"MARKET STREET SOUTH","Market Street South",53.3423,-6.28766,0,0,OPEN,"2025-02-22 10:52:19",1,0,{},16,22,10,6,0,6,38,16,22,10,6,0,6,38
76,dublin,"MARKET STREET SOUTH","Market Street South",53.3423,-6.28766,0,0,OPEN,"2025-02-22 11:00:55",1,0,{},16,22,10,6,0,6,38,16,22,10,6,0,6,38
76,dublin,"MARKET STREET SOUTH","Market Street South",53.3423,-6.28766,0,0,OPEN,"2025-02-22 11:11:02",1,0,{},15,23,9,6,0,6,38,15,23,9,6,0,6,38
76,dublin,"MARKET STREET SOUTH","Market Street South",53.3423,-6.28766,0,0,OPEN,"2025-02-22 11:21:08",1,0,{},15,23,9,6,0,6,38,15,23,9,6,0,6,38
76,dublin,"MARKET STREET SOUTH","Market Street South",53.3423,-6.28766,0,0,OPEN,"2025-02-22 11:31:13",1,0,{},15,23,9,6,0,6,38,15,23,9,6,0,6,38
76,dublin,"MARKET STREET SOUTH","Market Street South",53.3423,-6.28766,0,0,OPEN,"2025-02-22 11:41:18",1,0,{},15,23,9,6,0,6,38,15,23,9,6,0,6,38
76,dublin,"MARKET STREET SOUTH","Market Street South",53.3423,-6.28766,0,0,OPEN,"2025-02-22 11:51:50",1,0,{},16,22,9,7,0,7,38,16,22,9,7,0,7,38
76,dublin,"MARKET STREET SOUTH","Market Street South",53.3423,-6.28766,0,0,OPEN,"2025-02-22 12:01:31",1,0,{},16,22,9,7,0,7,38,16,22,9,7,0,7,38
76,dublin,"MARKET STREET SOUTH","Market Street South",53.3423,-6.28766,0,0,OPEN,"2025-02-22 12:11:36",1,0,{},16,22,9,7,0,7,38,16,22,9,7,0,7,38
76,dublin,"MARKET STREET SOUTH","Market Street South",53.3423,-6.28766,0,0,OPEN,"2025-02-22 12:21:41",1,0,{},16,22,9,7,0,7,38,16,22,9,7,0,7,38
76,dublin,"MARKET STREET SOUTH","Market Street South",53.3423,-6.28766,0,0,OPEN,"2025-02-22 12:31:46",1,0,{},16,22,9,7,0,7,38,16,22,9,7,0,7,38
76,dublin,"MARKET STREET SOUTH","Market Street South",53.3423,-6.28766,0,0,OPEN,"2025-02-22 12:41:52",1,0,{},16,22,9,7,0,7,38,16,22,9,7,0,7,38
76,dublin,"MARKET STREET SOUTH","Market Street South",53.3423,-6.28766,0,0,OPEN,"2025-02-22 12:51:57",1,0,{},16,22,9,7,0,7,38,16,22,9,7,0,7,38
76,dublin,"MARKET STREET SOUTH","Market Street South",53.3423,-6.28766,0,0,OPEN,"2025-02-22 13:02:02",1,0,{},16,22,9,7,0,7,38,16,22,9,7,0,7,38
76,dublin,"MARKET STREET SOUTH","Market Street South",53.3423,-6.28766,0,0,OPEN,"2025-02-22 13:06:22",1,0,{},11,27,8,3,0,3,38,11,27,8,3,0,3,38
76,dublin,"MARKET STREET SOUTH","Market Street South",53.3423,-6.28766,0,0,OPEN,"2025-02-22 13:12:15",1,0,{},11,27,8,3,0,3,38,11,27,8,3,0,3,38
76,dublin,"MARKET STREET SOUTH","Market Street South",53.3423,-6.28766,0,0,OPEN,"2025-02-22 13:22:20",1,0,{},11,27,8,3,0,3,38,11,27,8,3,0,3,38
76,dublin,"MARKET STREET SOUTH","Market Street South",53.3423,-6.28766,0,0,OPEN,"2025-02-22 13:27:52",1,0,{},10,28,7,3,0,3,38,10,28,7,3,0,3,38
76,dublin,"MARKET STREET SOUTH","Market Street South",53.3423,-6.28766,0,0,OPEN,"2025-02-22 13:32:28",1,0,{},11,27,8,3,0,3,38,11,27,8,3,0,3,38
76,dublin,"MARKET STREET SOUTH","Market Street South",53.3423,-6.28766,0,0,OPEN,"2025-02-22 13:36:43",1,0,{},10,28,8,2,0,2,38,10,28,8,2,0,2,38
76,dublin,"MARKET STREET SOUTH","Market Street South",53.3423,-6.28766,0,0,OPEN,"2025-02-22 13:42:35",1,0,{},10,28,8,2,0,2,38,10,28,8,2,0,2,38
76,dublin,"MARKET STREET SOUTH","Market Street South",53.3423,-6.28766,0,0,OPEN,"2025-02-22 13:52:40",1,0,{},10,28,8,2,0,2,38,10,28,8,2,0,2,38
76,dublin,"MARKET STREET SOUTH","Market Street South",53.3423,-6.28766,0,0,OPEN,"2025-02-22 14:02:46",1,0,{},10,28,8,2,0,2,38,10,28,8,2,0,2,38
76,dublin,"MARKET STREET SOUTH","Market Street South",53.3423,-6.28766,0,0,OPEN,"2025-02-22 14:12:51",1,0,{},10,28,8,2,0,2,38,10,28,8,2,0,2,38
76,dublin,"MARKET STREET SOUTH","Market Street South",53.3423,-6.28766,0,0,OPEN,"2025-02-22 14:17:14",1,0,{},10,28,8,2,0,2,38,10,28,8,2,0,2,38
76,dublin,"MARKET STREET SOUTH","Market Street South",53.3423,-6.28766,0,0,OPEN,"2025-02-22 14:22:57",1,0,{},10,28,8,2,0,2,38,10,28,8,2,0,2,38
76,dublin,"MARKET STREET SOUTH","Market Street South",53.3423,-6.28766,0,0,OPEN,"2025-02-22 14:33:03",1,0,{},10,28,8,2,0,2,38,10,28,8,2,0,2,38
76,dublin,"MARKET STREET SOUTH","Market Street South",53.3423,-6.28766,0,0,OPEN,"2025-02-22 14:43:08",1,0,{},10,28,8,2,0,2,38,10,28,8,2,0,2,38
76,dublin,"MARKET STREET SOUTH","Market Street South",53.3423,-6.28766,0,0,OPEN,"2025-02-22 14:53:13",1,0,{},10,28,8,2,0,2,38,10,28,8,2,0,2,38
76,dublin,"MARKET STREET SOUTH","Market Street South",53.3423,-6.28766,0,0,OPEN,"2025-02-22 15:03:19",1,0,{},10,28,8,2,0,2,38,10,28,8,2,0,2,38
76,dublin,"MARKET STREET SOUTH","Market Street South",53.3423,-6.28766,0,0,OPEN,"2025-02-22 15:13:24",1,0,{},10,28,8,2,0,2,38,10,28,8,2,0,2,38
76,dublin,"MARKET STREET SOUTH","Market Street South",53.3423,-6.28766,0,0,OPEN,"2025-02-22 15:23:30",1,0,{},10,28,8,2,0,2,38,10,28,8,2,0,2,38
76,dublin,"MARKET STREET SOUTH","Market Street South",53.3423,-6.28766,0,0,OPEN,"2025-02-22 15:25:04",1,0,{},12,26,9,3,0,3,38,12,26,9,3,0,3,38
76,dublin,"MARKET STREET SOUTH","Market Street South",53.3423,-6.28766,0,0,OPEN,"2025-02-22 15:33:35",1,0,{},12,26,9,3,0,3,38,12,26,9,3,0,3,38
76,dublin,"MARKET STREET SOUTH","Market Street South",53.3423,-6.28766,0,0,OPEN,"2025-02-22 15:43:41",1,0,{},12,26,9,3,0,3,38,12,26,9,3,0,3,38
76,dublin,"MARKET STREET SOUTH","Market Street South",53.3423,-6.28766,0,0,OPEN,"2025-02-22 15:51:40",1,0,{},12,26,9,3,0,3,38,12,26,9,3,0,3,38
76,dublin,"MARKET STREET SOUTH","Market Street South",53.3423,-6.28766,0,0,OPEN,"2025-02-22 15:53:47",1,0,{},12,26,9,3,0,3,38,12,26,9,3,0,3,38
76,dublin,"MARKET STREET SOUTH","Market Street South",53.3423,-6.28766,0,0,OPEN,"2025-02-22 16:01:11",1,0,{},13,25,10,3,0,3,38,13,25,10,3,0,3,38
76,dublin,"MARKET STREET SOUTH","Market Street South",53.3423,-6.28766,0,0,OPEN,"2025-02-22 16:03:53",1,0,{},13,25,10,3,0,3,38,13,25,10,3,0,3,38
76,dublin,"MARKET STREET SOUTH","Market Street South",53.3423,-6.28766,0,0,OPEN,"2025-02-22 16:13:58",1,0,{},13,25,10,3,0,3,38,13,25,10,3,0,3,38
76,dublin,"MARKET STREET SOUTH","Market Street South",53.3423,-6.28766,0,0,OPEN,"2025-02-22 16:24:03",1,0,{},13,25,10,3,0,3,38,13,25,10,3,0,3,38
76,dublin,"MARKET STREET SOUTH","Market Street South",53.3423,-6.28766,0,0,OPEN,"2025-02-22 16:34:09",1,0,{},13,25,10,3,0,3,38,13,25,10,3,0,3,38
76,dublin,"MARKET STREET SOUTH","Market Street South",53.3423,-6.28766,0,0,OPEN,"2025-02-22 16:47:00",1,0,{},12,26,9,3,0,3,38,12,26,9,3,0,3,38
76,dublin,"MARKET STREET SOUTH","Market Street South",53.3423,-6.28766,0,0,OPEN,"2025-02-22 16:52:16",1,0,{},13,25,10,3,0,3,38,13,25,10,3,0,3,38
76,dublin,"MARKET STREET SOUTH","Market Street South",53.3423,-6.28766,0,0,OPEN,"2025-02-22 16:55:08",1,0,{},12,26,10,2,0,2,38,12,26,10,2,0,2,38
76,dublin,"MARKET STREET SOUTH","Market Street South",53.3423,-6.28766,0,0,OPEN,"2025-02-22 17:04:29",1,0,{},12,26,10,2,0,2,38,12,26,10,2,0,2,38
76,dublin,"MARKET STREET SOUTH","Market Street South",53.3423,-6.28766,0,0,OPEN,"2025-02-22 17:14:34",1,0,{},12,26,10,2,0,2,38,12,26,10,2,0,2,38
76,dublin,"MARKET STREET SOUTH","Market Street South",53.3423,-6.28766,0,0,OPEN,"2025-02-22 17:24:41",1,0,{},10,28,10,0,0,0,38,10,28,10,0,0,0,38
76,dublin,"MARKET STREET SOUTH","Market Street South",53.3423,-6.28766,0,0,OPEN,"2025-02-22 17:34:46",1,0,{},10,28,10,0,0,0,38,10,28,10,0,0,0,38
76,dublin,"MARKET STREET SOUTH","Market Street South",53.3423,-6.28766,0,0,OPEN,"2025-02-22 17:44:52",1,0,{},10,28,10,0,0,0,38,10,28,10,0,0,0,38
76,dublin,"MARKET STREET SOUTH","Market Street South",53.3423,-6.28766,0,0,OPEN,"2025-02-22 17:54:57",1,0,{},10,28,10,0,0,0,38,10,28,10,0,0,0,38
76,dublin,"MARKET STREET SOUTH","Market Street South",53.3423,-6.28766,0,0,OPEN,"2025-02-22 18:05:02",1,0,{},10,28,10,0,0,0,38,10,28,10,0,0,0,38
76,dublin,"MARKET STREET SOUTH","Market Street South",53.3423,-6.28766,0,0,OPEN,"2025-02-22 18:11:46",1,0,{},9,29,9,0,0,0,38,9,29,9,0,0,0,38
76,dublin,"MARKET STREET SOUTH","Market Street South",53.3423,-6.28766,0,0,OPEN,"2025-02-22 18:15:09",1,0,{},9,29,9,0,0,0,38,9,29,9,0,0,0,38
76,dublin,"MARKET STREET SOUTH","Market Street South",53.3423,-6.28766,0,0,OPEN,"2025-02-22 18:25:14",1,0,{},9,29,9,0,0,0,38,9,29,9,0,0,0,38
76,dublin,"MARKET STREET SOUTH","Market Street South",53.3423,-6.28766,0,0,OPEN,"2025-02-22 18:33:45",1,0,{},8,30,8,0,0,0,38,8,30,8,0,0,0,38
76,dublin,"MARKET STREET SOUTH","Market Street South",53.3423,-6.28766,0,0,OPEN,"2025-02-22 18:35:22",1,0,{},8,30,8,0,0,0,38,8,30,8,0,0,0,38
76,dublin,"MARKET STREET SOUTH","Market Street South",53.3423,-6.28766,0,0,OPEN,"2025-02-22 18:45:27",1,0,{},8,30,8,0,0,0,38,8,30,8,0,0,0,38
76,dublin,"MARKET STREET SOUTH","Market Street South",53.3423,-6.28766,0,0,OPEN,"2025-02-22 18:55:32",1,0,{},8,30,8,0,0,0,38,8,30,8,0,0,0,38
76,dublin,"MARKET STREET SOUTH","Market Street South",53.3423,-6.28766,0,0,OPEN,"2025-02-22 19:05:37",1,0,{},8,30,8,0,0,0,38,8,30,8,0,0,0,38
76,dublin,"MARKET STREET SOUTH","Market Street South",53.3423,-6.28766,0,0,OPEN,"2025-02-22 19:15:43",1,0,{},8,30,8,0,0,0,38,8,30,8,0,0,0,38
76,dublin,"MARKET STREET SOUTH","Market Street South",53.3423,-6.28766,0,0,OPEN,"2025-02-22 19:25:48",1,0,{},8,30,8,0,0,0,38,8,30,8,0,0,0,38
76,dublin,"MARKET STREET SOUTH","Market Street South",53.3423,-6.28766,0,0,OPEN,"2025-02-22 19:32:26",1,0,{},7,31,7,0,0,0,38,7,31,7,0,0,0,38
76,dublin,"MARKET STREET SOUTH","Market Street South",53.3423,-6.28766,0,0,OPEN,"2025-02-22 19:35:56",1,0,{},7,31,7,0,0,0,38,7,31,7,0,0,0,38
76,dublin,"MARKET STREET SOUTH","Market Street South",53.3423,-6.28766,0,0,OPEN,"2025-02-22 19:46:01",1,0,{},7,31,7,0,0,0,38,7,31,7,0,0,0,38
76,dublin,"MARKET STREET SOUTH","Market Street South",53.3423,-6.28766,0,0,OPEN,"2025-02-22 19:56:06",1,0,{},7,31,7,0,0,0,38,7,31,7,0,0,0,38
76,dublin,"MARKET STREET SOUTH","Market Street South",53.3423,-6.28766,0,0,OPEN,"2025-02-22 20:06:12",1,0,{},7,31,7,0,0,0,38,7,31,7,0,0,0,38
76,dublin,"MARKET STREET SOUTH","Market Street South",53.3423,-6.28766,0,0,OPEN,"2025-02-22 20:16:17",1,0,{},7,31,7,0,0,0,38,7,31,7,0,0,0,38
76,dublin,"MARKET STREET SOUTH","Market Street South",53.3423,-6.28766,0,0,OPEN,"2025-02-22 20:26:22",1,0,{},7,31,7,0,0,0,38,7,31,7,0,0,0,38
76,dublin,"MARKET STREET SOUTH","Market Street South",53.3423,-6.28766,0,0,OPEN,"2025-02-22 20:30:56",1,0,{},6,32,6,0,0,0,38,6,32,6,0,0,0,38
76,dublin,"MARKET STREET SOUTH","Market Street South",53.3423,-6.28766,0,0,OPEN,"2025-02-22 20:36:29",1,0,{},6,32,6,0,0,0,38,6,32,6,0,0,0,38
76,dublin,"MARKET STREET SOUTH","Market Street South",53.3423,-6.28766,0,0,OPEN,"2025-02-22 20:46:34",1,0,{},6,32,6,0,0,0,38,6,32,6,0,0,0,38
76,dublin,"MARKET STREET SOUTH","Market Street South",53.3423,-6.28766,0,0,OPEN,"2025-02-22 20:51:54",1,0,{},7,31,6,1,0,1,38,7,31,6,1,0,1,38
76,dublin,"MARKET STREET SOUTH","Market Street South",53.3423,-6.28766,0,0,OPEN,"2025-02-22 20:56:40",1,0,{},7,31,6,1,0,1,38,7,31,6,1,0,1,38
76,dublin,"MARKET STREET SOUTH","Market Street South",53.3423,-6.28766,0,0,OPEN,"2025-02-22 21:06:45",1,0,{},7,31,6,1,0,1,38,7,31,6,1,0,1,38
76,dublin,"MARKET STREET SOUTH","Market Street South",53.3423,-6.28766,0,0,OPEN,"2025-02-22 21:16:50",1,0,{},7,31,6,1,0,1,38,7,31,6,1,0,1,38
76,dublin,"MARKET STREET SOUTH","Market Street South",53.3423,-6.28766,0,0,OPEN,"2025-02-22 21:26:55",1,0,{},7,31,6,1,0,1,38,7,31,6,1,0,1,38
76,dublin,"MARKET STREET SOUTH","Market Street South",53.3423,-6.28766,0,0,OPEN,"2025-02-22 21:38:25",1,0,{},8,30,6,2,0,2,38,8,30,6,2,0,2,38
76,dublin,"MARKET STREET SOUTH","Market Street South",53.3423,-6.28766,0,0,OPEN,"2025-02-22 21:47:08",1,0,{},8,30,6,2,0,2,38,8,30,6,2,0,2,38
76,dublin,"MARKET STREET SOUTH","Market Street South",53.3423,-6.28766,0,0,OPEN,"2025-02-22 21:57:14",1,0,{},8,30,6,2,0,2,38,8,30,6,2,0,2,38
76,dublin,"MARKET STREET SOUTH","Market Street South",53.3423,-6.28766,0,0,OPEN,"2025-02-22 22:07:19",1,0,{},8,30,6,2,0,2,38,8,30,6,2,0,2,38
76,dublin,"MARKET STREET SOUTH","Market Street South",53.3423,-6.28766,0,0,OPEN,"2025-02-22 22:17:25",1,0,{},8,30,6,2,0,2,38,8,30,6,2,0,2,38
77,dublin,"WOLFE TONE STREET","Wolfe Tone Street",53.3489,-6.26746,0,0,OPEN,"2025-02-22 02:57:53",1,0,{},10,19,4,6,0,6,29,10,19,4,6,0,6,29
77,dublin,"WOLFE TONE STREET","Wolfe Tone Street",53.3489,-6.26746,0,0,OPEN,"2025-02-22 03:07:57",1,0,{},10,19,4,6,0,6,29,10,19,4,6,0,6,29
77,dublin,"WOLFE TONE STREET","Wolfe Tone Street",53.3489,-6.26746,0,0,OPEN,"2025-02-22 03:16:30",1,0,{},10,19,4,6,0,6,29,10,19,4,6,0,6,29
77,dublin,"WOLFE TONE STREET","Wolfe Tone Street",53.3489,-6.26746,0,0,OPEN,"2025-02-22 10:10:17",1,0,{},23,6,9,14,0,14,29,23,6,9,14,0,14,29
77,dublin,"WOLFE TONE STREET","Wolfe Tone Street",53.3489,-6.26746,0,0,OPEN,"2025-02-22 10:16:01",1,0,{},24,5,9,15,0,15,29,24,5,9,15,0,15,29
77,dublin,"WOLFE TONE STREET","Wolfe Tone Street",53.3489,-6.26746,0,0,OPEN,"2025-02-22 10:20:24",1,0,{},25,4,10,15,0,15,29,25,4,10,15,0,15,29
77,dublin,"WOLFE TONE STREET","Wolfe Tone Street",53.3489,-6.26746,0,0,OPEN,"2025-02-22 10:28:25",1,0,{},26,3,11,15,0,15,29,26,3,11,15,0,15,29
77,dublin,"WOLFE TONE STREET","Wolfe Tone Street",53.3489,-6.26746,0,0,OPEN,"2025-02-22 10:30:31",1,0,{},26,3,11,15,0,15,29,26,3,11,15,0,15,29
77,dublin,"WOLFE TONE STREET","Wolfe Tone Street",53.3489,-6.26746,0,0,OPEN,"2025-02-22 10:34:35",1,0,{},26,3,11,15,0,15,29,26,3,11,15,0,15,29
77,dublin,"WOLFE TONE STREET","Wolfe Tone Street",53.3489,-6.26746,0,0,OPEN,"2025-02-22 10:42:50",1,0,{},25,4,11,14,0,14,29,25,4,11,14,0,14,29
77,dublin,"WOLFE TONE STREET","Wolfe Tone Street",53.3489,-6.26746,0,0,OPEN,"2025-02-22 10:44:30",1,0,{},26,3,12,14,0,14,29,26,3,12,14,0,14,29
77,dublin,"WOLFE TONE STREET","Wolfe Tone Street",53.3489,-6.26746,0,0,OPEN,"2025-02-22 10:51:50",1,0,{},28,1,14,14,0,14,29,28,1,14,14,0,14,29
77,dublin,"WOLFE TONE STREET","Wolfe Tone Street",53.3489,-6.26746,0,0,OPEN,"2025-02-22 11:00:52",1,0,{},28,1,14,14,0,14,29,28,1,14,14,0,14,29
77,dublin,"WOLFE TONE STREET","Wolfe Tone Street",53.3489,-6.26746,0,0,OPEN,"2025-02-22 11:10:57",1,0,{},28,1,14,14,0,14,29,28,1,14,14,0,14,29
77,dublin,"WOLFE TONE STREET","Wolfe Tone Street",53.3489,-6.26746,0,0,OPEN,"2025-02-22 11:17:15",1,0,{},28,1,15,13,0,13,29,28,1,15,13,0,13,29
77,dublin,"WOLFE TONE STREET","Wolfe Tone Street",53.3489,-6.26746,0,0,OPEN,"2025-02-22 11:21:29",1,0,{},29,0,16,13,0,13,29,29,0,16,13,0,13,29
77,dublin,"WOLFE TONE STREET","Wolfe Tone Street",53.3489,-6.26746,0,0,OPEN,"2025-02-22 11:31:09",1,0,{},29,0,16,13,0,13,29,29,0,16,13,0,13,29
77,dublin,"WOLFE TONE STREET","Wolfe Tone Street",53.3489,-6.26746,0,0,OPEN,"2025-02-22 11:41:14",1,0,{},29,0,16,13,0,13,29,29,0,16,13,0,13,29
77,dublin,"WOLFE TONE STREET","Wolfe Tone Street",53.3489,-6.26746,0,0,OPEN,"2025-02-22 11:46:29",1,0,{},28,1,15,13,0,13,29,28,1,15,13,0,13,29
77,dublin,"WOLFE TONE STREET","Wolfe Tone Street",53.3489,-6.26746,0,0,OPEN,"2025-02-22 11:51:22",1,0,{},29,0,16,13,0,13,29,29,0,16,13,0,13,29
77,dublin,"WOLFE TONE STREET","Wolfe Tone Street",53.3489,-6.26746,0,0,OPEN,"2025-02-22 12:01:28",1,0,{},29,0,16,13,0,13,29,29,0,16,13,0,13,29
77,dublin,"WOLFE TONE STREET","Wolfe Tone Street",53.3489,-6.26746,0,0,OPEN,"2025-02-22 12:13:15",1,0,{},29,0,16,13,0,13,29,29,0,16,13,0,13,29
77,dublin,"WOLFE TONE STREET","Wolfe Tone Street",53.3489,-6.26746,0,0,OPEN,"2025-02-22 12:16:11",1,0,{},28,1,15,13,0,13,29,28,1,15,13,0,13,29
77,dublin,"WOLFE TONE STREET","Wolfe Tone Street",53.3489,-6.26746,0,0,OPEN,"2025-02-22 12:21:40",1,0,{},28,1,15,13,0,13,29,28,1,15,13,0,13,29
77,dublin,"WOLFE TONE STREET","Wolfe Tone Street",53.3489,-6.26746,0,0,OPEN,"2025-02-22 12:32:27",1,0,{},29,0,15,14,0,14,29,29,0,15,14,0,14,29
77,dublin,"WOLFE TONE STREET","Wolfe Tone Street",53.3489,-6.26746,0,0,OPEN,"2025-02-22 12:43:11",1,0,{},29,0,15,14,0,14,29,29,0,15,14,0,14,29
77,dublin,"WOLFE TONE STREET","Wolfe Tone Street",53.3489,-6.26746,0,0,OPEN,"2025-02-22 12:45:56",1,0,{},29,0,15,14,0,14,29,29,0,15,14,0,14,29
77,dublin,"WOLFE TONE STREET","Wolfe Tone Street",53.3489,-6.26746,0,0,OPEN,"2025-02-22 12:51:57",1,0,{},29,0,15,14,0,14,29,29,0,15,14,0,14,29
77,dublin,"WOLFE TONE STREET","Wolfe Tone Street",53.3489,-6.26746,0,0,OPEN,"2025-02-22 13:02:02",1,0,{},29,0,15,14,0,14,29,29,0,15,14,0,14,29
77,dublin,"WOLFE TONE STREET","Wolfe Tone Street",53.3489,-6.26746,0,0,OPEN,"2025-02-22 13:12:08",1,0,{},29,0,15,14,0,14,29,29,0,15,14,0,14,29
77,dublin,"WOLFE TONE STREET","Wolfe Tone Street",53.3489,-6.26746,0,0,OPEN,"2025-02-22 13:22:13",1,0,{},29,0,15,14,0,14,29,29,0,15,14,0,14,29
77,dublin,"WOLFE TONE STREET","Wolfe Tone Street",53.3489,-6.26746,0,0,OPEN,"2025-02-22 13:32:18",1,0,{},29,0,15,14,0,14,29,29,0,15,14,0,14,29
77,dublin,"WOLFE TONE STREET","Wolfe Tone Street",53.3489,-6.26746,0,0,OPEN,"2025-02-22 13:37:58",1,0,{},27,2,14,13,0,13,29,27,2,14,13,0,13,29
77,dublin,"WOLFE TONE STREET","Wolfe Tone Street",53.3489,-6.26746,0,0,OPEN,"2025-02-22 13:42:27",1,0,{},27,2,13,14,0,14,29,27,2,13,14,0,14,29
77,dublin,"WOLFE TONE STREET","Wolfe Tone Street",53.3489,-6.26746,0,0,OPEN,"2025-02-22 13:47:49",1,0,{},29,0,14,15,0,15,29,29,0,14,15,0,15,29
77,dublin,"WOLFE TONE STREET","Wolfe Tone Street",53.3489,-6.26746,0,0,OPEN,"2025-02-22 13:52:34",1,0,{},29,0,14,15,0,15,29,29,0,14,15,0,15,29
77,dublin,"WOLFE TONE STREET","Wolfe Tone Street",53.3489,-6.26746,0,0,OPEN,"2025-02-22 14:02:40",1,0,{},29,0,14,15,0,15,29,29,0,14,15,0,15,29
77,dublin,"WOLFE TONE STREET","Wolfe Tone Street",53.3489,-6.26746,0,0,OPEN,"2025-02-22 14:12:45",1,0,{},29,0,14,15,0,15,29,29,0,14,15,0,15,29
77,dublin,"WOLFE TONE STREET","Wolfe Tone Street",53.3489,-6.26746,0,0,OPEN,"2025-02-22 14:22:50",1,0,{},29,0,14,15,0,15,29,29,0,14,15,0,15,29
77,dublin,"WOLFE TONE STREET","Wolfe Tone Street",53.3489,-6.26746,0,0,OPEN,"2025-02-22 14:32:57",1,0,{},28,1,13,15,0,15,29,28,1,13,15,0,15,29
77,dublin,"WOLFE TONE STREET","Wolfe Tone Street",53.3489,-6.26746,0,0,OPEN,"2025-02-22 14:43:04",1,0,{},27,2,13,14,0,14,29,27,2,13,14,0,14,29
77,dublin,"WOLFE TONE STREET","Wolfe Tone Street",53.3489,-6.26746,0,0,OPEN,"2025-02-22 14:53:09",1,0,{},27,2,13,14,0,14,29,27,2,13,14,0,14,29
77,dublin,"WOLFE TONE STREET","Wolfe Tone Street",53.3489,-6.26746,0,0,OPEN,"2025-02-22 14:54:59",1,0,{},28,1,14,14,0,14,29,28,1,14,14,0,14,29
77,dublin,"WOLFE TONE STREET","Wolfe Tone Street",53.3489,-6.26746,0,0,OPEN,"2025-02-22 15:03:15",1,0,{},28,1,14,14,0,14,29,28,1,14,14,0,14,29
77,dublin,"WOLFE TONE STREET","Wolfe Tone Street",53.3489,-6.26746,0,0,OPEN,"2025-02-22 15:05:46",1,0,{},28,1,14,14,0,14,29,28,1,14,14,0,14,29
77,dublin,"WOLFE TONE STREET","Wolfe Tone Street",53.3489,-6.26746,0,0,OPEN,"2025-02-22 15:13:23",1,0,{},27,2,13,14,0,14,29,27,2,13,14,0,14,29
77,dublin,"WOLFE TONE STREET","Wolfe Tone Street",53.3489,-6.26746,0,0,OPEN,"2025-02-22 15:15:33",1,0,{},26,3,13,13,0,13,29,26,3,13,13,0,13,29
77,dublin,"WOLFE TONE STREET","Wolfe Tone Street",53.3489,-6.26746,0,0,OPEN,"2025-02-22 15:23:30",1,0,{},27,2,13,14,0,14,29,27,2,13,14,0,14,29
77,dublin,"WOLFE TONE STREET","Wolfe Tone Street",53.3489,-6.26746,0,0,OPEN,"2025-02-22 15:25:15",1,0,{},29,0,15,14,0,14,29,29,0,15,14,0,14,29
77,dublin,"WOLFE TONE STREET","Wolfe Tone Street",53.3489,-6.26746,0,0,OPEN,"2025-02-22 15:33:37",1,0,{},29,0,15,14,0,14,29,29,0,15,14,0,14,29
77,dublin,"WOLFE TONE STREET","Wolfe Tone Street",53.3489,-6.26746,0,0,OPEN,"2025-02-22 15:43:42",1,0,{},29,0,15,14,0,14,29,29,0,15,14,0,14,29
77,dublin,"WOLFE TONE STREET","Wolfe Tone Street",53.3489,-6.26746,0,0,OPEN,"2025-02-22 15:53:05",1,0,{},29,0,15,14,0,14,29,29,0,15,14,0,14,29
77,dublin,"WOLFE TONE STREET","Wolfe Tone Street",53.3489,-6.26746,0,0,OPEN,"2025-02-22 15:53:49",1,0,{},29,0,15,14,0,14,29,29,0,15,14,0,14,29
77,dublin,"WOLFE TONE STREET","Wolfe Tone Street",53.3489,-6.26746,0,0,OPEN,"2025-02-22 16:03:54",1,0,{},29,0,15,14,0,14,29,29,0,15,14,0,14,29
77,dublin,"WOLFE TONE STREET","Wolfe Tone Street",53.3489,-6.26746,0,0,OPEN,"2025-02-22 16:15:35",1,0,{},29,0,15,14,0,14,29,29,0,15,14,0,14,29
77,dublin,"WOLFE TONE STREET","Wolfe Tone Street",53.3489,-6.26746,0,0,OPEN,"2025-02-22 16:22:41",1,0,{},28,1,14,14,0,14,29,28,1,14,14,0,14,29
77,dublin,"WOLFE TONE STREET","Wolfe Tone Street",53.3489,-6.26746,0,0,OPEN,"2025-02-22 16:24:07",1,0,{},28,1,14,14,0,14,29,28,1,14,14,0,14,29
77,dublin,"WOLFE TONE STREET","Wolfe Tone Street",53.3489,-6.26746,0,0,OPEN,"2025-02-22 16:33:12",1,0,{},26,3,13,13,0,13,29,26,3,13,13,0,13,29
77,dublin,"WOLFE TONE STREET","Wolfe Tone Street",53.3489,-6.26746,0,0,OPEN,"2025-02-22 16:34:15",1,0,{},26,3,13,13,0,13,29,26,3,13,13,0,13,29
77,dublin,"WOLFE TONE STREET","Wolfe Tone Street",53.3489,-6.26746,0,0,OPEN,"2025-02-22 16:46:42",1,0,{},26,3,13,13,0,13,29,26,3,13,13,0,13,29
77,dublin,"WOLFE TONE STREET","Wolfe Tone Street",53.3489,-6.26746,0,0,OPEN,"2025-02-22 16:48:55",1,0,{},28,1,15,13,0,13,29,28,1,15,13,0,13,29
77,dublin,"WOLFE TONE STREET","Wolfe Tone Street",53.3489,-6.26746,0,0,OPEN,"2025-02-22 16:56:01",1,0,{},29,0,16,13,0,13,29,29,0,16,13,0,13,29
77,dublin,"WOLFE TONE STREET","Wolfe Tone Street",53.3489,-6.26746,0,0,OPEN,"2025-02-22 16:58:59",1,0,{},29,0,16,13,0,13,29,29,0,16,13,0,13,29
77,dublin,"WOLFE TONE STREET","Wolfe Tone Street",53.3489,-6.26746,0,0,OPEN,"2025-02-22 17:04:36",1,0,{},26,3,13,13,0,13,29,26,3,13,13,0,13,29
77,dublin,"WOLFE TONE STREET","Wolfe Tone Street",53.3489,-6.26746,0,0,OPEN,"2025-02-22 17:16:23",1,0,{},26,3,13,13,0,13,29,26,3,13,13,0,13,29
77,dublin,"WOLFE TONE STREET","Wolfe Tone Street",53.3489,-6.26746,0,0,OPEN,"2025-02-22 17:21:20",1,0,{},25,4,13,12,0,12,29,25,4,13,12,0,12,29
77,dublin,"WOLFE TONE STREET","Wolfe Tone Street",53.3489,-6.26746,0,0,OPEN,"2025-02-22 17:24:50",1,0,{},25,4,13,12,0,12,29,25,4,13,12,0,12,29
77,dublin,"WOLFE TONE STREET","Wolfe Tone Street",53.3489,-6.26746,0,0,OPEN,"2025-02-22 17:33:14",1,0,{},26,3,13,12,0,12,29,26,3,13,12,0,12,29
77,dublin,"WOLFE TONE STREET","Wolfe Tone Street",53.3489,-6.26746,0,0,OPEN,"2025-02-22 17:38:04",1,0,{},25,3,14,12,0,12,29,25,3,14,12,0,12,29
77,dublin,"WOLFE TONE STREET","Wolfe Tone Street",53.3489,-6.26746,0,0,OPEN,"2025-02-22 17:45:05",1,0,{},26,3,14,12,0,12,29,26,3,14,12,0,12,29
77,dublin,"WOLFE TONE STREET","Wolfe Tone Street",53.3489,-6.26746,0,0,OPEN,"2025-02-22 17:52:39",1,0,{},25,4,13,12,0,12,29,25,4,13,12,0,12,29
77,dublin,"WOLFE TONE STREET","Wolfe Tone Street",53.3489,-6.26746,0,0,OPEN,"2025-02-22 17:56:30",1,0,{},23,6,11,12,0,12,29,23,6,11,12,0,12,29
77,dublin,"WOLFE TONE STREET","Wolfe Tone Street",53.3489,-6.26746,0,0,OPEN,"2025-02-22 18:03:11",1,0,{},24,5,12,12,0,12,29,24,5,12,12,0,12,29
77,dublin,"WOLFE TONE STREET","Wolfe Tone Street",53.3489,-6.26746,0,0,OPEN,"2025-02-22 18:06:01",1,0,{},26,3,12,14,0,14,29,26,3,12,14,0,14,29
77,dublin,"WOLFE TONE STREET","Wolfe Tone Street",53.3489,-6.26746,0,0,OPEN,"2025-02-22 18:15:25",1,0,{},26,3,12,14,0,14,29,26,3,12,14,0,14,29
77,dublin,"WOLFE TONE STREET","Wolfe Tone Street",53.3489,-6.26746,0,0,OPEN,"2025-02-22 18:21:49",1,0,{},27,2,13,14,0,14,29,27,2,13,14,0,14,29
77,dublin,"WOLFE TONE STREET","Wolfe Tone Street",53.3489,-6.26746,0,0,OPEN,"2025-02-22 18:25:31",1,0,{},28,1,14,14,0,14,29,28,1,14,14,0,14,29
77,dublin,"WOLFE TONE STREET","Wolfe Tone Street",53.3489,-6.26746,0,0,OPEN,"2025-02-22 18:33:32",1,0,{},27,2,14,13,0,13,29,27,2,14,13,0,13,29
77,dublin,"WOLFE TONE STREET","Wolfe Tone Street",53.3489,-6.26746,0,0,OPEN,"2025-02-22 18:38:34",1,0,{},27,2,15,12,0,12,29,27,2,15,12,0,12,29
77,dublin,"WOLFE TONE STREET","Wolfe Tone Street",53.3489,-6.26746,0,0,OPEN,"2025-02-22 18:43:56",1,0,{},28,1,16,12,0,12,29,28,1,16,12,0,12,29
77,dublin,"WOLFE TONE STREET","Wolfe Tone Street",53.3489,-6.26746,0,0,OPEN,"2025-02-22 18:45:45",1,0,{},28,1,16,12,0,12,29,28,1,16,12,0,12,29
77,dublin,"WOLFE TONE STREET","Wolfe Tone Street",53.3489,-6.26746,0,0,OPEN,"2025-02-22 18:53:02",1,0,{},27,2,16,11,0,11,29,27,2,16,11,0,11,29
77,dublin,"WOLFE TONE STREET","Wolfe Tone Street",53.3489,-6.26746,0,0,OPEN,"2025-02-22 18:55:53",1,0,{},28,1,16,12,0,12,29,28,1,16,12,0,12,29
77,dublin,"WOLFE TONE STREET","Wolfe Tone Street",53.3489,-6.26746,0,0,OPEN,"2025-02-22 19:02:43",1,0,{},29,0,16,13,0,13,29,29,0,16,13,0,13,29
77,dublin,"WOLFE TONE STREET","Wolfe Tone Street",53.3489,-6.26746,0,0,OPEN,"2025-02-22 19:05:59",1,0,{},29,0,16,13,0,13,29,29,0,16,13,0,13,29
77,dublin,"WOLFE TONE STREET","Wolfe Tone Street",53.3489,-6.26746,0,0,OPEN,"2025-02-22 19:10:44",1,0,{},29,0,16,13,0,13,29,29,0,16,13,0,13,29
77,dublin,"WOLFE TONE STREET","Wolfe Tone Street",53.3489,-6.26746,0,0,OPEN,"2025-02-22 19:16:05",1,0,{},29,0,16,13,0,13,29,29,0,16,13,0,13,29
77,dublin,"WOLFE TONE STREET","Wolfe Tone Street",53.3489,-6.26746,0,0,OPEN,"2025-02-22 19:26:10",1,0,{},29,0,16,13,0,13,29,29,0,16,13,0,13,29
77,dublin,"WOLFE TONE STREET","Wolfe Tone Street",53.3489,-6.26746,0,0,OPEN,"2025-02-22 19:36:15",1,0,{},29,0,16,13,0,13,29,29,0,16,13,0,13,29
77,dublin,"WOLFE TONE STREET","Wolfe Tone Street",53.3489,-6.26746,0,0,OPEN,"2025-02-22 19:43:56",1,0,{},29,0,17,12,0,12,29,29,0,17,12,0,12,29
77,dublin,"WOLFE TONE STREET","Wolfe Tone Street",53.3489,-6.26746,0,0,OPEN,"2025-02-22 19:46:23",1,0,{},29,0,17,12,0,12,29,29,0,17,12,0,12,29
77,dublin,"WOLFE TONE STREET","Wolfe Tone Street",53.3489,-6.26746,0,0,OPEN,"2025-02-22 19:56:28",1,0,{},29,0,17,12,0,12,29,29,0,17,12,0,12,29
77,dublin,"WOLFE TONE STREET","Wolfe Tone Street",53.3489,-6.26746,0,0,OPEN,"2025-02-22 20:06:33",1,0,{},29,0,17,12,0,12,29,29,0,17,12,0,12,29
77,dublin,"WOLFE TONE STREET","Wolfe Tone Street",53.3489,-6.26746,0,0,OPEN,"2025-02-22 20:18:42",1,0,{},27,2,15,12,0,12,29,27,2,15,12,0,12,29
77,dublin,"WOLFE TONE STREET","Wolfe Tone Street",53.3489,-6.26746,0,0,OPEN,"2025-02-22 20:26:47",1,0,{},27,2,15,12,0,12,29,27,2,15,12,0,12,29
77,dublin,"WOLFE TONE STREET","Wolfe Tone Street",53.3489,-6.26746,0,0,OPEN,"2025-02-22 20:32:11",1,0,{},28,1,15,13,0,13,29,28,1,15,13,0,13,29
77,dublin,"WOLFE TONE STREET","Wolfe Tone Street",53.3489,-6.26746,0,0,OPEN,"2025-02-22 20:39:04",1,0,{},29,0,16,13,0,13,29,29,0,16,13,0,13,29
77,dublin,"WOLFE TONE STREET","Wolfe Tone Street",53.3489,-6.26746,0,0,OPEN,"2025-02-22 20:41:46",1,0,{},28,1,16,12,0,12,29,28,1,16,12,0,12,29
77,dublin,"WOLFE TONE STREET","Wolfe Tone Street",53.3489,-6.26746,0,0,OPEN,"2025-02-22 20:46:59",1,0,{},28,1,16,12,0,12,29,28,1,16,12,0,12,29
77,dublin,"WOLFE TONE STREET","Wolfe Tone Street",53.3489,-6.26746,0,0,OPEN,"2025-02-22 20:57:04",1,0,{},28,1,16,12,0,12,29,28,1,16,12,0,12,29
77,dublin,"WOLFE TONE STREET","Wolfe Tone Street",53.3489,-6.26746,0,0,OPEN,"2025-02-22 21:07:09",1,0,{},28,1,16,12,0,12,29,28,1,16,12,0,12,29
77,dublin,"WOLFE TONE STREET","Wolfe Tone Street",53.3489,-6.26746,0,0,OPEN,"2025-02-22 21:17:14",1,0,{},28,1,16,12,0,12,29,28,1,16,12,0,12,29
77,dublin,"WOLFE TONE STREET","Wolfe Tone Street",53.3489,-6.26746,0,0,OPEN,"2025-02-22 21:27:19",1,0,{},28,1,16,12,0,12,29,28,1,16,12,0,12,29
77,dublin,"WOLFE TONE STREET","Wolfe Tone Street",53.3489,-6.26746,0,0,OPEN,"2025-02-22 21:30:38",1,0,{},29,0,17,12,0,12,29,29,0,17,12,0,12,29
77,dublin,"WOLFE TONE STREET","Wolfe Tone Street",53.3489,-6.26746,0,0,OPEN,"2025-02-22 21:37:25",1,0,{},29,0,17,12,0,12,29,29,0,17,12,0,12,29
77,dublin,"WOLFE TONE STREET","Wolfe Tone Street",53.3489,-6.26746,0,0,OPEN,"2025-02-22 21:47:31",1,0,{},28,1,16,12,0,12,29,28,1,16,12,0,12,29
77,dublin,"WOLFE TONE STREET","Wolfe Tone Street",53.3489,-6.26746,0,0,OPEN,"2025-02-22 21:57:36",1,0,{},28,1,16,12,0,12,29,28,1,16,12,0,12,29
77,dublin,"WOLFE TONE STREET","Wolfe Tone Street",53.3489,-6.26746,0,0,OPEN,"2025-02-22 22:07:41",1,0,{},28,1,16,12,0,12,29,28,1,16,12,0,12,29
78,dublin,"MATER HOSPITAL","Mater Hospital",53.36,-6.26483,0,0,OPEN,"2025-02-22 02:59:19",1,0,{},7,33,3,4,0,4,40,7,33,3,4,0,4,40
78,dublin,"MATER HOSPITAL","Mater Hospital",53.36,-6.26483,0,0,OPEN,"2025-02-22 03:09:23",1,0,{},7,33,3,4,0,4,40,7,33,3,4,0,4,40
78,dublin,"MATER HOSPITAL","Mater Hospital",53.36,-6.26483,0,0,OPEN,"2025-02-22 10:13:16",1,0,{},4,36,3,1,0,1,40,4,36,3,1,0,1,40
78,dublin,"MATER HOSPITAL","Mater Hospital",53.36,-6.26483,0,0,OPEN,"2025-02-22 10:23:21",1,0,{},4,36,3,1,0,1,40,4,36,3,1,0,1,40
78,dublin,"MATER HOSPITAL","Mater Hospital",53.36,-6.26483,0,0,OPEN,"2025-02-22 10:33:26",1,0,{},4,36,3,1,0,1,40,4,36,3,1,0,1,40
78,dublin,"MATER HOSPITAL","Mater Hospital",53.36,-6.26483,0,0,OPEN,"2025-02-22 10:33:48",1,0,{},4,36,3,1,0,1,40,4,36,3,1,0,1,40
78,dublin,"MATER HOSPITAL","Mater Hospital",53.36,-6.26483,0,0,OPEN,"2025-02-22 10:46:53",1,0,{},3,37,2,1,0,1,40,3,37,2,1,0,1,40
78,dublin,"MATER HOSPITAL","Mater Hospital",53.36,-6.26483,0,0,OPEN,"2025-02-22 10:53:41",1,0,{},3,37,2,1,0,1,40,3,37,2,1,0,1,40
78,dublin,"MATER HOSPITAL","Mater Hospital",53.36,-6.26483,0,0,OPEN,"2025-02-22 11:03:46",1,0,{},3,37,2,1,0,1,40,3,37,2,1,0,1,40
78,dublin,"MATER HOSPITAL","Mater Hospital",53.36,-6.26483,0,0,OPEN,"2025-02-22 11:13:52",1,0,{},3,37,2,1,0,1,40,3,37,2,1,0,1,40
78,dublin,"MATER HOSPITAL","Mater Hospital",53.36,-6.26483,0,0,OPEN,"2025-02-22 11:21:55",1,0,{},2,38,1,1,0,1,40,2,38,1,1,0,1,40
78,dublin,"MATER HOSPITAL","Mater Hospital",53.36,-6.26483,0,0,OPEN,"2025-02-22 11:23:59",1,0,{},2,38,1,1,0,1,40,2,38,1,1,0,1,40
78,dublin,"MATER HOSPITAL","Mater Hospital",53.36,-6.26483,0,0,OPEN,"2025-02-22 11:34:29",1,0,{},1,39,0,1,0,1,40,1,39,0,1,0,1,40
78,dublin,"MATER HOSPITAL","Mater Hospital",53.36,-6.26483,0,0,OPEN,"2025-02-22 11:44:12",1,0,{},1,39,0,1,0,1,40,1,39,0,1,0,1,40
78,dublin,"MATER HOSPITAL","Mater Hospital",53.36,-6.26483,0,0,OPEN,"2025-02-22 11:50:27",1,0,{},2,38,0,2,0,2,40,2,38,0,2,0,2,40
78,dublin,"MATER HOSPITAL","Mater Hospital",53.36,-6.26483,0,0,OPEN,"2025-02-22 11:54:18",1,0,{},2,38,0,2,0,2,40,2,38,0,2,0,2,40
78,dublin,"MATER HOSPITAL","Mater Hospital",53.36,-6.26483,0,0,OPEN,"2025-02-22 12:04:24",1,0,{},2,38,0,2,0,2,40,2,38,0,2,0,2,40
78,dublin,"MATER HOSPITAL","Mater Hospital",53.36,-6.26483,0,0,OPEN,"2025-02-22 12:14:29",1,0,{},2,38,0,2,0,2,40,2,38,0,2,0,2,40
78,dublin,"MATER HOSPITAL","Mater Hospital",53.36,-6.26483,0,0,OPEN,"2025-02-22 12:24:35",1,0,{},2,38,0,2,0,2,40,2,38,0,2,0,2,40
78,dublin,"MATER HOSPITAL","Mater Hospital",53.36,-6.26483,0,0,OPEN,"2025-02-22 12:34:40",1,0,{},2,38,0,2,0,2,40,2,38,0,2,0,2,40
78,dublin,"MATER HOSPITAL","Mater Hospital",53.36,-6.26483,0,0,OPEN,"2025-02-22 12:44:46",1,0,{},2,38,0,2,0,2,40,2,38,0,2,0,2,40
78,dublin,"MATER HOSPITAL","Mater Hospital",53.36,-6.26483,0,0,OPEN,"2025-02-22 12:54:51",1,0,{},2,38,0,2,0,2,40,2,38,0,2,0,2,40
78,dublin,"MATER HOSPITAL","Mater Hospital",53.36,-6.26483,0,0,OPEN,"2025-02-22 13:04:56",1,0,{},2,38,0,2,0,2,40,2,38,0,2,0,2,40
78,dublin,"MATER HOSPITAL","Mater Hospital",53.36,-6.26483,0,0,OPEN,"2025-02-22 13:12:23",1,0,{},1,39,0,1,0,1,40,1,39,0,1,0,1,40
78,dublin,"MATER HOSPITAL","Mater Hospital",53.36,-6.26483,0,0,OPEN,"2025-02-22 13:15:03",1,0,{},1,39,0,1,0,1,40,1,39,0,1,0,1,40
78,dublin,"MATER HOSPITAL","Mater Hospital",53.36,-6.26483,0,0,OPEN,"2025-02-22 13:25:08",1,0,{},1,39,0,1,0,1,40,1,39,0,1,0,1,40
78,dublin,"MATER HOSPITAL","Mater Hospital",53.36,-6.26483,0,0,OPEN,"2025-02-22 13:35:14",1,0,{},1,39,0,1,0,1,40,1,39,0,1,0,1,40
78,dublin,"MATER HOSPITAL","Mater Hospital",53.36,-6.26483,0,0,OPEN,"2025-02-22 13:45:19",1,0,{},1,39,0,1,0,1,40,1,39,0,1,0,1,40
78,dublin,"MATER HOSPITAL","Mater Hospital",53.36,-6.26483,0,0,OPEN,"2025-02-22 13:52:07",1,0,{},2,38,2,0,0,0,40,2,38,2,0,0,0,40
78,dublin,"MATER HOSPITAL","Mater Hospital",53.36,-6.26483,0,0,OPEN,"2025-02-22 13:55:27",1,0,{},3,37,2,1,0,1,40,3,37,2,1,0,1,40
78,dublin,"MATER HOSPITAL","Mater Hospital",53.36,-6.26483,0,0,OPEN,"2025-02-22 14:06:12",1,0,{},4,36,2,2,0,2,40,4,36,2,2,0,2,40
78,dublin,"MATER HOSPITAL","Mater Hospital",53.36,-6.26483,0,0,OPEN,"2025-02-22 14:12:35",1,0,{},1,39,0,1,0,1,40,1,39,0,1,0,1,40
78,dublin,"MATER HOSPITAL","Mater Hospital",53.36,-6.26483,0,0,OPEN,"2025-02-22 14:15:42",1,0,{},1,39,0,1,0,1,40,1,39,0,1,0,1,40
78,dublin,"MATER HOSPITAL","Mater Hospital",53.36,-6.26483,0,0,OPEN,"2025-02-22 14:22:46",1,0,{},1,39,0,1,0,1,40,1,39,0,1,0,1,40
78,dublin,"MATER HOSPITAL","Mater Hospital",53.36,-6.26483,0,0,OPEN,"2025-02-22 14:25:48",1,0,{},1,39,0,1,0,1,40,1,39,0,1,0,1,40
78,dublin,"MATER HOSPITAL","Mater Hospital",53.36,-6.26483,0,0,OPEN,"2025-02-22 14:35:53",1,0,{},1,39,0,1,0,1,40,1,39,0,1,0,1,40
78,dublin,"MATER HOSPITAL","Mater Hospital",53.36,-6.26483,0,0,OPEN,"2025-02-22 14:47:14",1,0,{},0,40,0,0,0,0,40,0,40,0,0,0,0,40
78,dublin,"MATER HOSPITAL","Mater Hospital",53.36,-6.26483,0,0,OPEN,"2025-02-22 14:56:05",1,0,{},0,40,0,0,0,0,40,0,40,0,0,0,0,40
78,dublin,"MATER HOSPITAL","Mater Hospital",53.36,-6.26483,0,0,OPEN,"2025-02-22 15:06:10",1,0,{},0,40,0,0,0,0,40,0,40,0,0,0,0,40
78,dublin,"MATER HOSPITAL","Mater Hospital",53.36,-6.26483,0,0,OPEN,"2025-02-22 15:16:16",1,0,{},0,40,0,0,0,0,40,0,40,0,0,0,0,40
78,dublin,"MATER HOSPITAL","Mater Hospital",53.36,-6.26483,0,0,OPEN,"2025-02-22 15:26:21",1,0,{},0,40,0,0,0,0,40,0,40,0,0,0,0,40
78,dublin,"MATER HOSPITAL","Mater Hospital",53.36,-6.26483,0,0,OPEN,"2025-02-22 15:36:27",1,0,{},0,40,0,0,0,0,40,0,40,0,0,0,0,40
78,dublin,"MATER HOSPITAL","Mater Hospital",53.36,-6.26483,0,0,OPEN,"2025-02-22 15:46:32",1,0,{},0,40,0,0,0,0,40,0,40,0,0,0,0,40
78,dublin,"MATER HOSPITAL","Mater Hospital",53.36,-6.26483,0,0,OPEN,"2025-02-22 15:56:37",1,0,{},0,40,0,0,0,0,40,0,40,0,0,0,0,40
78,dublin,"MATER HOSPITAL","Mater Hospital",53.36,-6.26483,0,0,OPEN,"2025-02-22 16:06:43",1,0,{},0,40,0,0,0,0,40,0,40,0,0,0,0,40
78,dublin,"MATER HOSPITAL","Mater Hospital",53.36,-6.26483,0,0,OPEN,"2025-02-22 16:16:49",1,0,{},0,40,0,0,0,0,40,0,40,0,0,0,0,40
78,dublin,"MATER HOSPITAL","Mater Hospital",53.36,-6.26483,0,0,OPEN,"2025-02-22 16:26:54",1,0,{},0,40,0,0,0,0,40,0,40,0,0,0,0,40
78,dublin,"MATER HOSPITAL","Mater Hospital",53.36,-6.26483,0,0,OPEN,"2025-02-22 16:37:00",1,0,{},0,40,0,0,0,0,40,0,40,0,0,0,0,40
78,dublin,"MATER HOSPITAL","Mater Hospital",53.36,-6.26483,0,0,OPEN,"2025-02-22 16:47:05",1,0,{},0,40,0,0,0,0,40,0,40,0,0,0,0,40
78,dublin,"MATER HOSPITAL","Mater Hospital",53.36,-6.26483,0,0,OPEN,"2025-02-22 16:50:53",1,0,{},1,39,1,0,0,0,40,1,39,1,0,0,0,40
78,dublin,"MATER HOSPITAL","Mater Hospital",53.36,-6.26483,0,0,OPEN,"2025-02-22 16:57:10",1,0,{},1,39,1,0,0,0,40,1,39,1,0,0,0,40
78,dublin,"MATER HOSPITAL","Mater Hospital",53.36,-6.26483,0,0,OPEN,"2025-02-22 17:07:16",1,0,{},1,39,1,0,0,0,40,1,39,1,0,0,0,40
78,dublin,"MATER HOSPITAL","Mater Hospital",53.36,-6.26483,0,0,OPEN,"2025-02-22 17:17:21",1,0,{},1,39,1,0,0,0,40,1,39,1,0,0,0,40
78,dublin,"MATER HOSPITAL","Mater Hospital",53.36,-6.26483,0,0,OPEN,"2025-02-22 17:21:25",1,0,{},0,40,0,0,0,0,40,0,40,0,0,0,0,40
78,dublin,"MATER HOSPITAL","Mater Hospital",53.36,-6.26483,0,0,OPEN,"2025-02-22 17:27:27",1,0,{},0,40,0,0,0,0,40,0,40,0,0,0,0,40
78,dublin,"MATER HOSPITAL","Mater Hospital",53.36,-6.26483,0,0,OPEN,"2025-02-22 17:37:33",1,0,{},0,40,0,0,0,0,40,0,40,0,0,0,0,40
78,dublin,"MATER HOSPITAL","Mater Hospital",53.36,-6.26483,0,0,OPEN,"2025-02-22 17:47:38",1,0,{},0,40,0,0,0,0,40,0,40,0,0,0,0,40
78,dublin,"MATER HOSPITAL","Mater Hospital",53.36,-6.26483,0,0,OPEN,"2025-02-22 17:57:43",1,0,{},0,40,0,0,0,0,40,0,40,0,0,0,0,40
78,dublin,"MATER HOSPITAL","Mater Hospital",53.36,-6.26483,0,0,OPEN,"2025-02-22 18:07:48",1,0,{},0,40,0,0,0,0,40,0,40,0,0,0,0,40
78,dublin,"MATER HOSPITAL","Mater Hospital",53.36,-6.26483,0,0,OPEN,"2025-02-22 18:17:54",1,0,{},0,40,0,0,0,0,40,0,40,0,0,0,0,40
78,dublin,"MATER HOSPITAL","Mater Hospital",53.36,-6.26483,0,0,OPEN,"2025-02-22 18:27:59",1,0,{},0,40,0,0,0,0,40,0,40,0,0,0,0,40
78,dublin,"MATER HOSPITAL","Mater Hospital",53.36,-6.26483,0,0,OPEN,"2025-02-22 18:38:05",1,0,{},0,40,0,0,0,0,40,0,40,0,0,0,0,40
78,dublin,"MATER HOSPITAL","Mater Hospital",53.36,-6.26483,0,0,OPEN,"2025-02-22 18:48:10",1,0,{},0,40,0,0,0,0,40,0,40,0,0,0,0,40
78,dublin,"MATER HOSPITAL","Mater Hospital",53.36,-6.26483,0,0,OPEN,"2025-02-22 18:58:15",1,0,{},2,38,2,0,0,0,40,2,38,2,0,0,0,40
78,dublin,"MATER HOSPITAL","Mater Hospital",53.36,-6.26483,0,0,OPEN,"2025-02-22 19:00:06",1,0,{},1,39,1,0,0,0,40,1,39,1,0,0,0,40
78,dublin,"MATER HOSPITAL","Mater Hospital",53.36,-6.26483,0,0,OPEN,"2025-02-22 19:08:23",1,0,{},3,37,1,2,0,2,40,3,37,1,2,0,2,40
78,dublin,"MATER HOSPITAL","Mater Hospital",53.36,-6.26483,0,0,OPEN,"2025-02-22 19:18:27",1,0,{},3,37,1,2,0,2,40,3,37,1,2,0,2,40
78,dublin,"MATER HOSPITAL","Mater Hospital",53.36,-6.26483,0,0,OPEN,"2025-02-22 19:28:33",1,0,{},3,37,1,2,0,2,40,3,37,1,2,0,2,40
78,dublin,"MATER HOSPITAL","Mater Hospital",53.36,-6.26483,0,0,OPEN,"2025-02-22 19:38:38",1,0,{},3,37,1,2,0,2,40,3,37,1,2,0,2,40
78,dublin,"MATER HOSPITAL","Mater Hospital",53.36,-6.26483,0,0,OPEN,"2025-02-22 19:41:31",1,0,{},4,36,1,3,0,3,40,4,36,1,3,0,3,40
78,dublin,"MATER HOSPITAL","Mater Hospital",53.36,-6.26483,0,0,OPEN,"2025-02-22 19:48:44",1,0,{},4,36,1,3,0,3,40,4,36,1,3,0,3,40
78,dublin,"MATER HOSPITAL","Mater Hospital",53.36,-6.26483,0,0,OPEN,"2025-02-22 19:49:43",1,0,{},3,37,1,2,0,2,40,3,37,1,2,0,2,40
78,dublin,"MATER HOSPITAL","Mater Hospital",53.36,-6.26483,0,0,OPEN,"2025-02-22 19:58:53",1,0,{},4,36,1,3,0,3,40,4,36,1,3,0,3,40
78,dublin,"MATER HOSPITAL","Mater Hospital",53.36,-6.26483,0,0,OPEN,"2025-02-22 20:03:06",1,0,{},5,35,2,3,0,3,40,5,35,2,3,0,3,40
78,dublin,"MATER HOSPITAL","Mater Hospital",53.36,-6.26483,0,0,OPEN,"2025-02-22 20:08:59",1,0,{},5,35,2,3,0,3,40,5,35,2,3,0,3,40
78,dublin,"MATER HOSPITAL","Mater Hospital",53.36,-6.26483,0,0,OPEN,"2025-02-22 20:19:04",1,0,{},5,35,2,3,0,3,40,5,35,2,3,0,3,40
78,dublin,"MATER HOSPITAL","Mater Hospital",53.36,-6.26483,0,0,OPEN,"2025-02-22 20:22:43",1,0,{},6,34,3,3,0,3,40,6,34,3,3,0,3,40
78,dublin,"MATER HOSPITAL","Mater Hospital",53.36,-6.26483,0,0,OPEN,"2025-02-22 20:29:12",1,0,{},5,35,2,3,0,3,40,5,35,2,3,0,3,40
78,dublin,"MATER HOSPITAL","Mater Hospital",53.36,-6.26483,0,0,OPEN,"2025-02-22 20:39:21",1,0,{},4,36,2,2,0,2,40,4,36,2,2,0,2,40
78,dublin,"MATER HOSPITAL","Mater Hospital",53.36,-6.26483,0,0,OPEN,"2025-02-22 20:43:21",1,0,{},3,37,2,1,0,1,40,3,37,2,1,0,1,40
78,dublin,"MATER HOSPITAL","Mater Hospital",53.36,-6.26483,0,0,OPEN,"2025-02-22 20:49:27",1,0,{},3,37,2,1,0,1,40,3,37,2,1,0,1,40
78,dublin,"MATER HOSPITAL","Mater Hospital",53.36,-6.26483,0,0,OPEN,"2025-02-22 20:59:33",1,0,{},3,37,2,1,0,1,40,3,37,2,1,0,1,40
78,dublin,"MATER HOSPITAL","Mater Hospital",53.36,-6.26483,0,0,OPEN,"2025-02-22 21:09:38",1,0,{},3,37,2,1,0,1,40,3,37,2,1,0,1,40
78,dublin,"MATER HOSPITAL","Mater Hospital",53.36,-6.26483,0,0,OPEN,"2025-02-22 21:19:43",1,0,{},3,37,2,1,0,1,40,3,37,2,1,0,1,40
78,dublin,"MATER HOSPITAL","Mater Hospital",53.36,-6.26483,0,0,OPEN,"2025-02-22 21:29:49",1,0,{},3,37,2,1,0,1,40,3,37,2,1,0,1,40
78,dublin,"MATER HOSPITAL","Mater Hospital",53.36,-6.26483,0,0,OPEN,"2025-02-22 21:39:54",1,0,{},3,37,2,1,0,1,40,3,37,2,1,0,1,40
78,dublin,"MATER HOSPITAL","Mater Hospital",53.36,-6.26483,0,0,OPEN,"2025-02-22 21:49:59",1,0,{},3,37,2,1,0,1,40,3,37,2,1,0,1,40
78,dublin,"MATER HOSPITAL","Mater Hospital",53.36,-6.26483,0,0,OPEN,"2025-02-22 22:00:04",1,0,{},3,37,2,1,0,1,40,3,37,2,1,0,1,40
78,dublin,"MATER HOSPITAL","Mater Hospital",53.36,-6.26483,0,0,OPEN,"2025-02-22 22:10:10",1,0,{},3,37,2,1,0,1,40,3,37,2,1,0,1,40
79,dublin,"ECCLES STREET EAST","Eccles Street East",53.3581,-6.2656,0,0,OPEN,"2025-02-22 02:54:56",1,0,{},5,22,2,3,0,3,27,5,22,2,3,0,3,27
79,dublin,"ECCLES STREET EAST","Eccles Street East",53.3581,-6.2656,0,0,OPEN,"2025-02-22 03:04:59",1,0,{},5,22,2,3,0,3,27,5,22,2,3,0,3,27
79,dublin,"ECCLES STREET EAST","Eccles Street East",53.3581,-6.2656,0,0,OPEN,"2025-02-22 03:15:02",1,0,{},5,22,2,3,0,3,27,5,22,2,3,0,3,27
79,dublin,"ECCLES STREET EAST","Eccles Street East",53.3581,-6.2656,0,0,OPEN,"2025-02-22 10:12:56",1,0,{},5,22,2,3,0,3,27,5,22,2,3,0,3,27
79,dublin,"ECCLES STREET EAST","Eccles Street East",53.3581,-6.2656,0,0,OPEN,"2025-02-22 10:23:01",1,0,{},4,23,2,2,0,2,27,4,23,2,2,0,2,27
79,dublin,"ECCLES STREET EAST","Eccles Street East",53.3581,-6.2656,0,0,OPEN,"2025-02-22 10:33:10",1,0,{},5,22,3,2,0,2,27,5,22,3,2,0,2,27
79,dublin,"ECCLES STREET EAST","Eccles Street East",53.3581,-6.2656,0,0,OPEN,"2025-02-22 10:43:10",1,0,{},5,22,3,2,0,2,27,5,22,3,2,0,2,27
79,dublin,"ECCLES STREET EAST","Eccles Street East",53.3581,-6.2656,0,0,OPEN,"2025-02-22 10:53:14",1,0,{},5,22,3,2,0,2,27,5,22,3,2,0,2,27
79,dublin,"ECCLES STREET EAST","Eccles Street East",53.3581,-6.2656,0,0,OPEN,"2025-02-22 11:03:18",1,0,{},5,22,3,2,0,2,27,5,22,3,2,0,2,27
79,dublin,"ECCLES STREET EAST","Eccles Street East",53.3581,-6.2656,0,0,OPEN,"2025-02-22 11:13:21",1,0,{},5,22,3,2,0,2,27,5,22,3,2,0,2,27
79,dublin,"ECCLES STREET EAST","Eccles Street East",53.3581,-6.2656,0,0,OPEN,"2025-02-22 11:23:25",1,0,{},5,22,3,2,0,2,27,5,22,3,2,0,2,27
79,dublin,"ECCLES STREET EAST","Eccles Street East",53.3581,-6.2656,0,0,OPEN,"2025-02-22 11:33:29",1,0,{},5,22,3,2,0,2,27,5,22,3,2,0,2,27
79,dublin,"ECCLES STREET EAST","Eccles Street East",53.3581,-6.2656,0,0,OPEN,"2025-02-22 11:43:33",1,0,{},5,22,3,2,0,2,27,5,22,3,2,0,2,27
79,dublin,"ECCLES STREET EAST","Eccles Street East",53.3581,-6.2656,0,0,OPEN,"2025-02-22 11:53:37",1,0,{},5,22,3,2,0,2,27,5,22,3,2,0,2,27
79,dublin,"ECCLES STREET EAST","Eccles Street East",53.3581,-6.2656,0,0,OPEN,"2025-02-22 12:03:41",1,0,{},5,22,3,2,0,2,27,5,22,3,2,0,2,27
79,dublin,"ECCLES STREET EAST","Eccles Street East",53.3581,-6.2656,0,0,OPEN,"2025-02-22 12:13:44",1,0,{},5,22,3,2,0,2,27,5,22,3,2,0,2,27
79,dublin,"ECCLES STREET EAST","Eccles Street East",53.3581,-6.2656,0,0,OPEN,"2025-02-22 12:23:48",1,0,{},5,22,3,2,0,2,27,5,22,3,2,0,2,27
79,dublin,"ECCLES STREET EAST","Eccles Street East",53.3581,-6.2656,0,0,OPEN,"2025-02-22 12:33:52",1,0,{},5,22,3,2,0,2,27,5,22,3,2,0,2,27
79,dublin,"ECCLES STREET EAST","Eccles Street East",53.3581,-6.2656,0,0,OPEN,"2025-02-22 12:42:28",1,0,{},4,23,3,1,0,1,27,4,23,3,1,0,1,27
79,dublin,"ECCLES STREET EAST","Eccles Street East",53.3581,-6.2656,0,0,OPEN,"2025-02-22 12:43:59",1,0,{},4,23,3,1,0,1,27,4,23,3,1,0,1,27
79,dublin,"ECCLES STREET EAST","Eccles Street East",53.3581,-6.2656,0,0,OPEN,"2025-02-22 12:54:03",1,0,{},4,23,3,1,0,1,27,4,23,3,1,0,1,27
79,dublin,"ECCLES STREET EAST","Eccles Street East",53.3581,-6.2656,0,0,OPEN,"2025-02-22 13:04:06",1,0,{},4,23,3,1,0,1,27,4,23,3,1,0,1,27
79,dublin,"ECCLES STREET EAST","Eccles Street East",53.3581,-6.2656,0,0,OPEN,"2025-02-22 13:14:11",1,0,{},4,23,3,1,0,1,27,4,23,3,1,0,1,27
79,dublin,"ECCLES STREET EAST","Eccles Street East",53.3581,-6.2656,0,0,OPEN,"2025-02-22 13:24:14",1,0,{},4,23,3,1,0,1,27,4,23,3,1,0,1,27
79,dublin,"ECCLES STREET EAST","Eccles Street East",53.3581,-6.2656,0,0,OPEN,"2025-02-22 13:29:59",1,0,{},4,23,3,1,0,1,27,4,23,3,1,0,1,27
79,dublin,"ECCLES STREET EAST","Eccles Street East",53.3581,-6.2656,0,0,OPEN,"2025-02-22 13:34:19",1,0,{},4,23,3,1,0,1,27,4,23,3,1,0,1,27
79,dublin,"ECCLES STREET EAST","Eccles Street East",53.3581,-6.2656,0,0,OPEN,"2025-02-22 13:44:23",1,0,{},4,23,3,1,0,1,27,4,23,3,1,0,1,27
79,dublin,"ECCLES STREET EAST","Eccles Street East",53.3581,-6.2656,0,0,OPEN,"2025-02-22 13:54:26",1,0,{},4,23,3,1,0,1,27,4,23,3,1,0,1,27
79,dublin,"ECCLES STREET EAST","Eccles Street East",53.3581,-6.2656,0,0,OPEN,"2025-02-22 14:04:31",1,0,{},4,23,3,1,0,1,27,4,23,3,1,0,1,27
79,dublin,"ECCLES STREET EAST","Eccles Street East",53.3581,-6.2656,0,0,OPEN,"2025-02-22 14:14:34",1,0,{},4,23,3,1,0,1,27,4,23,3,1,0,1,27
79,dublin,"ECCLES STREET EAST","Eccles Street East",53.3581,-6.2656,0,0,OPEN,"2025-02-22 14:27:09",1,0,{},3,24,2,1,0,1,27,3,24,2,1,0,1,27
79,dublin,"ECCLES STREET EAST","Eccles Street East",53.3581,-6.2656,0,0,OPEN,"2025-02-22 14:32:36",1,0,{},2,25,1,1,0,1,27,2,25,1,1,0,1,27
79,dublin,"ECCLES STREET EAST","Eccles Street East",53.3581,-6.2656,0,0,OPEN,"2025-02-22 14:34:44",1,0,{},2,25,1,1,0,1,27,2,25,1,1,0,1,27
79,dublin,"ECCLES STREET EAST","Eccles Street East",53.3581,-6.2656,0,0,OPEN,"2025-02-22 14:47:35",1,0,{},3,24,1,2,0,2,27,3,24,1,2,0,2,27
79,dublin,"ECCLES STREET EAST","Eccles Street East",53.3581,-6.2656,0,0,OPEN,"2025-02-22 14:54:52",1,0,{},3,24,1,2,0,2,27,3,24,1,2,0,2,27
79,dublin,"ECCLES STREET EAST","Eccles Street East",53.3581,-6.2656,0,0,OPEN,"2025-02-22 15:04:56",1,0,{},3,24,1,2,0,2,27,3,24,1,2,0,2,27
79,dublin,"ECCLES STREET EAST","Eccles Street East",53.3581,-6.2656,0,0,OPEN,"2025-02-22 15:15:00",1,0,{},3,24,1,2,0,2,27,3,24,1,2,0,2,27
79,dublin,"ECCLES STREET EAST","Eccles Street East",53.3581,-6.2656,0,0,OPEN,"2025-02-22 15:25:03",1,0,{},3,24,1,2,0,2,27,3,24,1,2,0,2,27
79,dublin,"ECCLES STREET EAST","Eccles Street East",53.3581,-6.2656,0,0,OPEN,"2025-02-22 15:35:07",1,0,{},3,24,1,2,0,2,27,3,24,1,2,0,2,27
79,dublin,"ECCLES STREET EAST","Eccles Street East",53.3581,-6.2656,0,0,OPEN,"2025-02-22 15:45:10",1,0,{},3,24,1,2,0,2,27,3,24,1,2,0,2,27
79,dublin,"ECCLES STREET EAST","Eccles Street East",53.3581,-6.2656,0,0,OPEN,"2025-02-22 15:55:14",1,0,{},3,24,1,2,0,2,27,3,24,1,2,0,2,27
79,dublin,"ECCLES STREET EAST","Eccles Street East",53.3581,-6.2656,0,0,OPEN,"2025-02-22 16:05:17",1,0,{},3,24,1,2,0,2,27,3,24,1,2,0,2,27
79,dublin,"ECCLES STREET EAST","Eccles Street East",53.3581,-6.2656,0,0,OPEN,"2025-02-22 16:15:21",1,0,{},3,24,1,2,0,2,27,3,24,1,2,0,2,27
79,dublin,"ECCLES STREET EAST","Eccles Street East",53.3581,-6.2656,0,0,OPEN,"2025-02-22 16:23:30",1,0,{},2,25,1,1,0,1,27,2,25,1,1,0,1,27
79,dublin,"ECCLES STREET EAST","Eccles Street East",53.3581,-6.2656,0,0,OPEN,"2025-02-22 16:25:26",1,0,{},2,25,1,1,0,1,27,2,25,1,1,0,1,27
79,dublin,"ECCLES STREET EAST","Eccles Street East",53.3581,-6.2656,0,0,OPEN,"2025-02-22 16:35:30",1,0,{},2,25,1,1,0,1,27,2,25,1,1,0,1,27
79,dublin,"ECCLES STREET EAST","Eccles Street East",53.3581,-6.2656,0,0,OPEN,"2025-02-22 16:45:33",1,0,{},2,25,1,1,0,1,27,2,25,1,1,0,1,27
79,dublin,"ECCLES STREET EAST","Eccles Street East",53.3581,-6.2656,0,0,OPEN,"2025-02-22 16:53:13",1,0,{},1,26,0,1,0,1,27,1,26,0,1,0,1,27
79,dublin,"ECCLES STREET EAST","Eccles Street East",53.3581,-6.2656,0,0,OPEN,"2025-02-22 16:55:38",1,0,{},1,26,0,1,0,1,27,1,26,0,1,0,1,27
79,dublin,"ECCLES STREET EAST","Eccles Street East",53.3581,-6.2656,0,0,OPEN,"2025-02-22 17:05:42",1,0,{},1,26,0,1,0,1,27,1,26,0,1,0,1,27
79,dublin,"ECCLES STREET EAST","Eccles Street East",53.3581,-6.2656,0,0,OPEN,"2025-02-22 17:15:45",1,0,{},1,26,0,1,0,1,27,1,26,0,1,0,1,27
79,dublin,"ECCLES STREET EAST","Eccles Street East",53.3581,-6.2656,0,0,OPEN,"2025-02-22 17:25:48",1,0,{},1,26,0,1,0,1,27,1,26,0,1,0,1,27
79,dublin,"ECCLES STREET EAST","Eccles Street East",53.3581,-6.2656,0,0,OPEN,"2025-02-22 17:35:52",1,0,{},1,26,0,1,0,1,27,1,26,0,1,0,1,27
79,dublin,"ECCLES STREET EAST","Eccles Street East",53.3581,-6.2656,0,0,OPEN,"2025-02-22 17:45:55",1,0,{},1,26,0,1,0,1,27,1,26,0,1,0,1,27
79,dublin,"ECCLES STREET EAST","Eccles Street East",53.3581,-6.2656,0,0,OPEN,"2025-02-22 17:55:59",1,0,{},1,26,0,1,0,1,27,1,26,0,1,0,1,27
79,dublin,"ECCLES STREET EAST","Eccles Street East",53.3581,-6.2656,0,0,OPEN,"2025-02-22 18:06:03",1,0,{},0,27,0,0,0,0,27,0,27,0,0,0,0,27
79,dublin,"ECCLES STREET EAST","Eccles Street East",53.3581,-6.2656,0,0,OPEN,"2025-02-22 18:16:07",1,0,{},0,27,0,0,0,0,27,0,27,0,0,0,0,27
79,dublin,"ECCLES STREET EAST","Eccles Street East",53.3581,-6.2656,0,0,OPEN,"2025-02-22 18:26:11",1,0,{},0,27,0,0,0,0,27,0,27,0,0,0,0,27
79,dublin,"ECCLES STREET EAST","Eccles Street East",53.3581,-6.2656,0,0,OPEN,"2025-02-22 18:36:14",1,0,{},0,27,0,0,0,0,27,0,27,0,0,0,0,27
79,dublin,"ECCLES STREET EAST","Eccles Street East",53.3581,-6.2656,0,0,OPEN,"2025-02-22 18:46:18",1,0,{},0,27,0,0,0,0,27,0,27,0,0,0,0,27
79,dublin,"ECCLES STREET EAST","Eccles Street East",53.3581,-6.2656,0,0,OPEN,"2025-02-22 18:56:22",1,0,{},0,27,0,0,0,0,27,0,27,0,0,0,0,27
79,dublin,"ECCLES STREET EAST","Eccles Street East",53.3581,-6.2656,0,0,OPEN,"2025-02-22 19:06:27",1,0,{},0,27,0,0,0,0,27,0,27,0,0,0,0,27
79,dublin,"ECCLES STREET EAST","Eccles Street East",53.3581,-6.2656,0,0,OPEN,"2025-02-22 19:16:31",1,0,{},0,27,0,0,0,0,27,0,27,0,0,0,0,27
79,dublin,"ECCLES STREET EAST","Eccles Street East",53.3581,-6.2656,0,0,OPEN,"2025-02-22 19:26:35",1,0,{},0,27,0,0,0,0,27,0,27,0,0,0,0,27
79,dublin,"ECCLES STREET EAST","Eccles Street East",53.3581,-6.2656,0,0,OPEN,"2025-02-22 19:36:39",1,0,{},0,27,0,0,0,0,27,0,27,0,0,0,0,27
79,dublin,"ECCLES STREET EAST","Eccles Street East",53.3581,-6.2656,0,0,OPEN,"2025-02-22 19:46:42",1,0,{},0,27,0,0,0,0,27,0,27,0,0,0,0,27
79,dublin,"ECCLES STREET EAST","Eccles Street East",53.3581,-6.2656,0,0,OPEN,"2025-02-22 19:56:46",1,0,{},0,27,0,0,0,0,27,0,27,0,0,0,0,27
79,dublin,"ECCLES STREET EAST","Eccles Street East",53.3581,-6.2656,0,0,OPEN,"2025-02-22 20:06:50",1,0,{},0,27,0,0,0,0,27,0,27,0,0,0,0,27
79,dublin,"ECCLES STREET EAST","Eccles Street East",53.3581,-6.2656,0,0,OPEN,"2025-02-22 20:16:54",1,0,{},0,27,0,0,0,0,27,0,27,0,0,0,0,27
79,dublin,"ECCLES STREET EAST","Eccles Street East",53.3581,-6.2656,0,0,OPEN,"2025-02-22 20:26:57",1,0,{},0,27,0,0,0,0,27,0,27,0,0,0,0,27
79,dublin,"ECCLES STREET EAST","Eccles Street East",53.3581,-6.2656,0,0,OPEN,"2025-02-22 20:37:01",1,0,{},0,27,0,0,0,0,27,0,27,0,0,0,0,27
79,dublin,"ECCLES STREET EAST","Eccles Street East",53.3581,-6.2656,0,0,OPEN,"2025-02-22 20:47:05",1,0,{},0,27,0,0,0,0,27,0,27,0,0,0,0,27
79,dublin,"ECCLES STREET EAST","Eccles Street East",53.3581,-6.2656,0,0,OPEN,"2025-02-22 20:57:09",1,0,{},0,27,0,0,0,0,27,0,27,0,0,0,0,27
79,dublin,"ECCLES STREET EAST","Eccles Street East",53.3581,-6.2656,0,0,OPEN,"2025-02-22 21:07:13",1,0,{},0,27,0,0,0,0,27,0,27,0,0,0,0,27
79,dublin,"ECCLES STREET EAST","Eccles Street East",53.3581,-6.2656,0,0,OPEN,"2025-02-22 21:17:16",1,0,{},0,27,0,0,0,0,27,0,27,0,0,0,0,27
79,dublin,"ECCLES STREET EAST","Eccles Street East",53.3581,-6.2656,0,0,OPEN,"2025-02-22 21:27:18",1,0,{},0,27,0,0,0,0,27,0,27,0,0,0,0,27
79,dublin,"ECCLES STREET EAST","Eccles Street East",53.3581,-6.2656,0,0,OPEN,"2025-02-22 21:37:21",1,0,{},0,27,0,0,0,0,27,0,27,0,0,0,0,27
79,dublin,"ECCLES STREET EAST","Eccles Street East",53.3581,-6.2656,0,0,OPEN,"2025-02-22 21:47:25",1,0,{},0,27,0,0,0,0,27,0,27,0,0,0,0,27
79,dublin,"ECCLES STREET EAST","Eccles Street East",53.3581,-6.2656,0,0,OPEN,"2025-02-22 21:57:29",1,0,{},0,27,0,0,0,0,27,0,27,0,0,0,0,27
79,dublin,"ECCLES STREET EAST","Eccles Street East",53.3581,-6.2656,0,0,OPEN,"2025-02-22 22:07:32",1,0,{},0,27,0,0,0,0,27,0,27,0,0,0,0,27
80,dublin,"ST JAMES HOSPITAL (LUAS)","St James Hospital (Luas)",53.3414,-6.29295,0,0,OPEN,"2025-02-22 02:58:56",1,0,{},16,24,4,12,0,12,40,16,24,4,12,0,12,40
80,dublin,"ST JAMES HOSPITAL (LUAS)","St James Hospital (Luas)",53.3414,-6.29295,0,0,OPEN,"2025-02-22 03:08:59",1,0,{},16,24,4,12,0,12,40,16,24,4,12,0,12,40
80,dublin,"ST JAMES HOSPITAL (LUAS)","St James Hospital (Luas)",53.3414,-6.29295,0,0,OPEN,"2025-02-22 10:12:38",1,0,{},13,27,1,12,0,12,40,13,27,1,12,0,12,40
80,dublin,"ST JAMES HOSPITAL (LUAS)","St James Hospital (Luas)",53.3414,-6.29295,0,0,OPEN,"2025-02-22 10:22:42",1,0,{},13,27,1,12,0,12,40,13,27,1,12,0,12,40
80,dublin,"ST JAMES HOSPITAL (LUAS)","St James Hospital (Luas)",53.3414,-6.29295,0,0,OPEN,"2025-02-22 10:32:45",1,0,{},13,27,1,12,0,12,40,13,27,1,12,0,12,40
80,dublin,"ST JAMES HOSPITAL (LUAS)","St James Hospital (Luas)",53.3414,-6.29295,0,0,OPEN,"2025-02-22 10:42:49",1,0,{},13,27,1,12,0,12,40,13,27,1,12,0,12,40
80,dublin,"ST JAMES HOSPITAL (LUAS)","St James Hospital (Luas)",53.3414,-6.29295,0,0,OPEN,"2025-02-22 10:52:53",1,0,{},14,26,2,12,0,12,40,14,26,2,12,0,12,40
80,dublin,"ST JAMES HOSPITAL (LUAS)","St James Hospital (Luas)",53.3414,-6.29295,0,0,OPEN,"2025-02-22 11:02:57",1,0,{},14,26,2,12,0,12,40,14,26,2,12,0,12,40
80,dublin,"ST JAMES HOSPITAL (LUAS)","St James Hospital (Luas)",53.3414,-6.29295,0,0,OPEN,"2025-02-22 11:13:00",1,0,{},14,26,2,12,0,12,40,14,26,2,12,0,12,40
80,dublin,"ST JAMES HOSPITAL (LUAS)","St James Hospital (Luas)",53.3414,-6.29295,0,0,OPEN,"2025-02-22 11:23:04",1,0,{},14,26,2,12,0,12,40,14,26,2,12,0,12,40
80,dublin,"ST JAMES HOSPITAL (LUAS)","St James Hospital (Luas)",53.3414,-6.29295,0,0,OPEN,"2025-02-22 11:33:08",1,0,{},14,26,2,12,0,12,40,14,26,2,12,0,12,40
80,dublin,"ST JAMES HOSPITAL (LUAS)","St James Hospital (Luas)",53.3414,-6.29295,0,0,OPEN,"2025-02-22 11:43:12",1,0,{},14,26,2,12,0,12,40,14,26,2,12,0,12,40
80,dublin,"ST JAMES HOSPITAL (LUAS)","St James Hospital (Luas)",53.3414,-6.29295,0,0,OPEN,"2025-02-22 11:45:36",1,0,{},14,26,2,12,0,12,40,14,26,2,12,0,12,40
80,dublin,"ST JAMES HOSPITAL (LUAS)","St James Hospital (Luas)",53.3414,-6.29295,0,0,OPEN,"2025-02-22 11:53:16",1,0,{},14,26,2,12,0,12,40,14,26,2,12,0,12,40
80,dublin,"ST JAMES HOSPITAL (LUAS)","St James Hospital (Luas)",53.3414,-6.29295,0,0,OPEN,"2025-02-22 12:03:20",1,0,{},14,26,2,12,0,12,40,14,26,2,12,0,12,40
80,dublin,"ST JAMES HOSPITAL (LUAS)","St James Hospital (Luas)",53.3414,-6.29295,0,0,OPEN,"2025-02-22 12:13:23",1,0,{},14,26,2,12,0,12,40,14,26,2,12,0,12,40
80,dublin,"ST JAMES HOSPITAL (LUAS)","St James Hospital (Luas)",53.3414,-6.29295,0,0,OPEN,"2025-02-22 12:23:27",1,0,{},14,26,2,12,0,12,40,14,26,2,12,0,12,40
80,dublin,"ST JAMES HOSPITAL (LUAS)","St James Hospital (Luas)",53.3414,-6.29295,0,0,OPEN,"2025-02-22 12:33:31",1,0,{},14,26,2,12,0,12,40,14,26,2,12,0,12,40
80,dublin,"ST JAMES HOSPITAL (LUAS)","St James Hospital (Luas)",53.3414,-6.29295,0,0,OPEN,"2025-02-22 12:42:57",1,0,{},15,25,3,12,0,12,40,15,25,3,12,0,12,40
80,dublin,"ST JAMES HOSPITAL (LUAS)","St James Hospital (Luas)",53.3414,-6.29295,0,0,OPEN,"2025-02-22 12:43:34",1,0,{},15,25,3,12,0,12,40,15,25,3,12,0,12,40
80,dublin,"ST JAMES HOSPITAL (LUAS)","St James Hospital (Luas)",53.3414,-6.29295,0,0,OPEN,"2025-02-22 12:53:38",1,0,{},15,25,3,12,0,12,40,15,25,3,12,0,12,40
80,dublin,"ST JAMES HOSPITAL (LUAS)","St James Hospital (Luas)",53.3414,-6.29295,0,0,OPEN,"2025-02-22 13:03:41",1,0,{},15,25,3,12,0,12,40,15,25,3,12,0,12,40
80,dublin,"ST JAMES HOSPITAL (LUAS)","St James Hospital (Luas)",53.3414,-6.29295,0,0,OPEN,"2025-02-22 13:13:45",1,0,{},15,25,3,12,0,12,40,15,25,3,12,0,12,40
80,dublin,"ST JAMES HOSPITAL (LUAS)","St James Hospital (Luas)",53.3414,-6.29295,0,0,OPEN,"2025-02-22 13:23:49",1,0,{},15,25,3,12,0,12,40,15,25,3,12,0,12,40
80,dublin,"ST JAMES HOSPITAL (LUAS)","St James Hospital (Luas)",53.3414,-6.29295,0,0,OPEN,"2025-02-22 13:33:53",1,0,{},15,25,3,12,0,12,40,15,25,3,12,0,12,40
80,dublin,"ST JAMES HOSPITAL (LUAS)","St James Hospital (Luas)",53.3414,-6.29295,0,0,OPEN,"2025-02-22 13:38:35",1,0,{},14,26,2,12,0,12,40,14,26,2,12,0,12,40
80,dublin,"ST JAMES HOSPITAL (LUAS)","St James Hospital (Luas)",53.3414,-6.29295,0,0,OPEN,"2025-02-22 13:43:59",1,0,{},14,26,2,12,0,12,40,14,26,2,12,0,12,40
80,dublin,"ST JAMES HOSPITAL (LUAS)","St James Hospital (Luas)",53.3414,-6.29295,0,0,OPEN,"2025-02-22 13:56:07",1,0,{},14,26,2,12,0,12,40,14,26,2,12,0,12,40
80,dublin,"ST JAMES HOSPITAL (LUAS)","St James Hospital (Luas)",53.3414,-6.29295,0,0,OPEN,"2025-02-22 14:04:07",1,0,{},14,26,2,12,0,12,40,14,26,2,12,0,12,40
80,dublin,"ST JAMES HOSPITAL (LUAS)","St James Hospital (Luas)",53.3414,-6.29295,0,0,OPEN,"2025-02-22 14:14:11",1,0,{},14,26,2,12,0,12,40,14,26,2,12,0,12,40
80,dublin,"ST JAMES HOSPITAL (LUAS)","St James Hospital (Luas)",53.3414,-6.29295,0,0,OPEN,"2025-02-22 14:26:53",1,0,{},14,26,2,12,0,12,40,14,26,2,12,0,12,40
80,dublin,"ST JAMES HOSPITAL (LUAS)","St James Hospital (Luas)",53.3414,-6.29295,0,0,OPEN,"2025-02-22 14:34:19",1,0,{},14,26,2,12,0,12,40,14,26,2,12,0,12,40
80,dublin,"ST JAMES HOSPITAL (LUAS)","St James Hospital (Luas)",53.3414,-6.29295,0,0,OPEN,"2025-02-22 14:44:23",1,0,{},14,26,2,12,0,12,40,14,26,2,12,0,12,40
80,dublin,"ST JAMES HOSPITAL (LUAS)","St James Hospital (Luas)",53.3414,-6.29295,0,0,OPEN,"2025-02-22 14:54:26",1,0,{},14,26,2,12,0,12,40,14,26,2,12,0,12,40
80,dublin,"ST JAMES HOSPITAL (LUAS)","St James Hospital (Luas)",53.3414,-6.29295,0,0,OPEN,"2025-02-22 15:04:30",1,0,{},14,26,2,12,0,12,40,14,26,2,12,0,12,40
80,dublin,"ST JAMES HOSPITAL (LUAS)","St James Hospital (Luas)",53.3414,-6.29295,0,0,OPEN,"2025-02-22 15:14:33",1,0,{},14,26,2,12,0,12,40,14,26,2,12,0,12,40
80,dublin,"ST JAMES HOSPITAL (LUAS)","St James Hospital (Luas)",53.3414,-6.29295,0,0,OPEN,"2025-02-22 15:24:37",1,0,{},14,26,2,12,0,12,40,14,26,2,12,0,12,40
80,dublin,"ST JAMES HOSPITAL (LUAS)","St James Hospital (Luas)",53.3414,-6.29295,0,0,OPEN,"2025-02-22 15:34:41",1,0,{},14,26,2,12,0,12,40,14,26,2,12,0,12,40
80,dublin,"ST JAMES HOSPITAL (LUAS)","St James Hospital (Luas)",53.3414,-6.29295,0,0,OPEN,"2025-02-22 15:42:36",1,0,{},14,26,2,12,0,12,40,14,26,2,12,0,12,40
80,dublin,"ST JAMES HOSPITAL (LUAS)","St James Hospital (Luas)",53.3414,-6.29295,0,0,OPEN,"2025-02-22 15:44:45",1,0,{},14,26,2,12,0,12,40,14,26,2,12,0,12,40
80,dublin,"ST JAMES HOSPITAL (LUAS)","St James Hospital (Luas)",53.3414,-6.29295,0,0,OPEN,"2025-02-22 15:54:48",1,0,{},14,26,2,12,0,12,40,14,26,2,12,0,12,40
80,dublin,"ST JAMES HOSPITAL (LUAS)","St James Hospital (Luas)",53.3414,-6.29295,0,0,OPEN,"2025-02-22 16:04:52",1,0,{},14,26,2,12,0,12,40,14,26,2,12,0,12,40
80,dublin,"ST JAMES HOSPITAL (LUAS)","St James Hospital (Luas)",53.3414,-6.29295,0,0,OPEN,"2025-02-22 16:14:55",1,0,{},14,26,2,12,0,12,40,14,26,2,12,0,12,40
80,dublin,"ST JAMES HOSPITAL (LUAS)","St James Hospital (Luas)",53.3414,-6.29295,0,0,OPEN,"2025-02-22 16:24:59",1,0,{},14,26,2,12,0,12,40,14,26,2,12,0,12,40
80,dublin,"ST JAMES HOSPITAL (LUAS)","St James Hospital (Luas)",53.3414,-6.29295,0,0,OPEN,"2025-02-22 16:35:03",1,0,{},14,26,2,12,0,12,40,14,26,2,12,0,12,40
80,dublin,"ST JAMES HOSPITAL (LUAS)","St James Hospital (Luas)",53.3414,-6.29295,0,0,OPEN,"2025-02-22 16:45:06",1,0,{},14,26,2,12,0,12,40,14,26,2,12,0,12,40
80,dublin,"ST JAMES HOSPITAL (LUAS)","St James Hospital (Luas)",53.3414,-6.29295,0,0,OPEN,"2025-02-22 16:55:10",1,0,{},14,26,2,12,0,12,40,14,26,2,12,0,12,40
80,dublin,"ST JAMES HOSPITAL (LUAS)","St James Hospital (Luas)",53.3414,-6.29295,0,0,OPEN,"2025-02-22 17:05:14",1,0,{},14,26,2,12,0,12,40,14,26,2,12,0,12,40
80,dublin,"ST JAMES HOSPITAL (LUAS)","St James Hospital (Luas)",53.3414,-6.29295,0,0,OPEN,"2025-02-22 17:09:49",1,0,{},15,25,3,10,0,10,40,15,25,3,10,0,10,40
80,dublin,"ST JAMES HOSPITAL (LUAS)","St James Hospital (Luas)",53.3414,-6.29295,0,0,OPEN,"2025-02-22 17:15:23",1,0,{},15,25,3,12,0,12,40,15,25,3,12,0,12,40
80,dublin,"ST JAMES HOSPITAL (LUAS)","St James Hospital (Luas)",53.3414,-6.29295,0,0,OPEN,"2025-02-22 17:25:27",1,0,{},15,25,3,12,0,12,40,15,25,3,12,0,12,40
80,dublin,"ST JAMES HOSPITAL (LUAS)","St James Hospital (Luas)",53.3414,-6.29295,0,0,OPEN,"2025-02-22 17:35:30",1,0,{},15,25,3,12,0,12,40,15,25,3,12,0,12,40
80,dublin,"ST JAMES HOSPITAL (LUAS)","St James Hospital (Luas)",53.3414,-6.29295,0,0,OPEN,"2025-02-22 17:45:34",1,0,{},15,25,3,12,0,12,40,15,25,3,12,0,12,40
80,dublin,"ST JAMES HOSPITAL (LUAS)","St James Hospital (Luas)",53.3414,-6.29295,0,0,OPEN,"2025-02-22 17:55:38",1,0,{},15,25,3,12,0,12,40,15,25,3,12,0,12,40
80,dublin,"ST JAMES HOSPITAL (LUAS)","St James Hospital (Luas)",53.3414,-6.29295,0,0,OPEN,"2025-02-22 18:05:41",1,0,{},15,25,3,12,0,12,40,15,25,3,12,0,12,40
80,dublin,"ST JAMES HOSPITAL (LUAS)","St James Hospital (Luas)",53.3414,-6.29295,0,0,OPEN,"2025-02-22 18:15:45",1,0,{},15,25,3,12,0,12,40,15,25,3,12,0,12,40
80,dublin,"ST JAMES HOSPITAL (LUAS)","St James Hospital (Luas)",53.3414,-6.29295,0,0,OPEN,"2025-02-22 18:19:12",1,0,{},15,25,3,12,0,12,40,15,25,3,12,0,12,40
80,dublin,"ST JAMES HOSPITAL (LUAS)","St James Hospital (Luas)",53.3414,-6.29295,0,0,OPEN,"2025-02-22 18:25:49",1,0,{},15,25,3,12,0,12,40,15,25,3,12,0,12,40
80,dublin,"ST JAMES HOSPITAL (LUAS)","St James Hospital (Luas)",53.3414,-6.29295,0,0,OPEN,"2025-02-22 18:35:53",1,0,{},15,25,3,12,0,12,40,15,25,3,12,0,12,40
80,dublin,"ST JAMES HOSPITAL (LUAS)","St James Hospital (Luas)",53.3414,-6.29295,0,0,OPEN,"2025-02-22 18:45:56",1,0,{},15,25,3,12,0,12,40,15,25,3,12,0,12,40
80,dublin,"ST JAMES HOSPITAL (LUAS)","St James Hospital (Luas)",53.3414,-6.29295,0,0,OPEN,"2025-02-22 18:56:00",1,0,{},15,25,3,12,0,12,40,15,25,3,12,0,12,40
80,dublin,"ST JAMES HOSPITAL (LUAS)","St James Hospital (Luas)",53.3414,-6.29295,0,0,OPEN,"2025-02-22 19:06:05",1,0,{},15,25,3,12,0,12,40,15,25,3,12,0,12,40
80,dublin,"ST JAMES HOSPITAL (LUAS)","St James Hospital (Luas)",53.3414,-6.29295,0,0,OPEN,"2025-02-22 19:16:09",1,0,{},15,25,3,12,0,12,40,15,25,3,12,0,12,40
80,dublin,"ST JAMES HOSPITAL (LUAS)","St James Hospital (Luas)",53.3414,-6.29295,0,0,OPEN,"2025-02-22 19:20:08",1,0,{},13,27,3,10,0,10,40,13,27,3,10,0,10,40
80,dublin,"ST JAMES HOSPITAL (LUAS)","St James Hospital (Luas)",53.3414,-6.29295,0,0,OPEN,"2025-02-22 19:29:17",1,0,{},13,27,2,11,0,11,40,13,27,2,11,0,11,40
80,dublin,"ST JAMES HOSPITAL (LUAS)","St James Hospital (Luas)",53.3414,-6.29295,0,0,OPEN,"2025-02-22 19:36:20",1,0,{},13,27,2,11,0,11,40,13,27,2,11,0,11,40
80,dublin,"ST JAMES HOSPITAL (LUAS)","St James Hospital (Luas)",53.3414,-6.29295,0,0,OPEN,"2025-02-22 19:46:24",1,0,{},13,27,2,11,0,11,40,13,27,2,11,0,11,40
80,dublin,"ST JAMES HOSPITAL (LUAS)","St James Hospital (Luas)",53.3414,-6.29295,0,0,OPEN,"2025-02-22 19:56:30",1,0,{},12,28,2,10,0,10,40,12,28,2,10,0,10,40
80,dublin,"ST JAMES HOSPITAL (LUAS)","St James Hospital (Luas)",53.3414,-6.29295,0,0,OPEN,"2025-02-22 20:02:15",1,0,{},12,28,2,10,0,10,40,12,28,2,10,0,10,40
80,dublin,"ST JAMES HOSPITAL (LUAS)","St James Hospital (Luas)",53.3414,-6.29295,0,0,OPEN,"2025-02-22 20:06:34",1,0,{},12,28,2,10,0,10,40,12,28,2,10,0,10,40
80,dublin,"ST JAMES HOSPITAL (LUAS)","St James Hospital (Luas)",53.3414,-6.29295,0,0,OPEN,"2025-02-22 20:16:38",1,0,{},12,28,2,10,0,10,40,12,28,2,10,0,10,40
80,dublin,"ST JAMES HOSPITAL (LUAS)","St James Hospital (Luas)",53.3414,-6.29295,0,0,OPEN,"2025-02-22 20:26:41",1,0,{},12,28,2,10,0,10,40,12,28,2,10,0,10,40
80,dublin,"ST JAMES HOSPITAL (LUAS)","St James Hospital (Luas)",53.3414,-6.29295,0,0,OPEN,"2025-02-22 20:36:45",1,0,{},12,28,2,10,0,10,40,12,28,2,10,0,10,40
80,dublin,"ST JAMES HOSPITAL (LUAS)","St James Hospital (Luas)",53.3414,-6.29295,0,0,OPEN,"2025-02-22 20:46:49",1,0,{},12,28,2,10,0,10,40,12,28,2,10,0,10,40
80,dublin,"ST JAMES HOSPITAL (LUAS)","St James Hospital (Luas)",53.3414,-6.29295,0,0,OPEN,"2025-02-22 20:56:52",1,0,{},12,28,2,10,0,10,40,12,28,2,10,0,10,40
80,dublin,"ST JAMES HOSPITAL (LUAS)","St James Hospital (Luas)",53.3414,-6.29295,0,0,OPEN,"2025-02-22 21:06:56",1,0,{},12,28,2,10,0,10,40,12,28,2,10,0,10,40
80,dublin,"ST JAMES HOSPITAL (LUAS)","St James Hospital (Luas)",53.3414,-6.29295,0,0,OPEN,"2025-02-22 21:17:00",1,0,{},12,28,2,10,0,10,40,12,28,2,10,0,10,40
80,dublin,"ST JAMES HOSPITAL (LUAS)","St James Hospital (Luas)",53.3414,-6.29295,0,0,OPEN,"2025-02-22 21:27:02",1,0,{},12,28,2,10,0,10,40,12,28,2,10,0,10,40
80,dublin,"ST JAMES HOSPITAL (LUAS)","St James Hospital (Luas)",53.3414,-6.29295,0,0,OPEN,"2025-02-22 21:37:05",1,0,{},12,28,2,10,0,10,40,12,28,2,10,0,10,40
80,dublin,"ST JAMES HOSPITAL (LUAS)","St James Hospital (Luas)",53.3414,-6.29295,0,0,OPEN,"2025-02-22 21:47:09",1,0,{},12,28,2,10,0,10,40,12,28,2,10,0,10,40
80,dublin,"ST JAMES HOSPITAL (LUAS)","St James Hospital (Luas)",53.3414,-6.29295,0,0,OPEN,"2025-02-22 21:57:13",1,0,{},12,28,2,10,0,10,40,12,28,2,10,0,10,40
80,dublin,"ST JAMES HOSPITAL (LUAS)","St James Hospital (Luas)",53.3414,-6.29295,0,0,OPEN,"2025-02-22 22:07:16",1,0,{},12,28,2,10,0,10,40,12,28,2,10,0,10,40
80,dublin,"ST JAMES HOSPITAL (LUAS)","St James Hospital (Luas)",53.3414,-6.29295,0,0,OPEN,"2025-02-22 22:17:20",1,0,{},12,28,2,10,0,10,40,12,28,2,10,0,10,40
82,dublin,"MOUNT BROWN","Mount Brown",53.3416,-6.29719,0,0,OPEN,"2025-02-22 02:56:36",1,0,{},9,13,6,3,0,3,22,9,13,6,3,0,3,22
82,dublin,"MOUNT BROWN","Mount Brown",53.3416,-6.29719,0,0,OPEN,"2025-02-22 03:06:40",1,0,{},9,13,6,3,0,3,22,9,13,6,3,0,3,22
82,dublin,"MOUNT BROWN","Mount Brown",53.3416,-6.29719,0,0,OPEN,"2025-02-22 10:10:08",1,0,{},8,14,6,2,0,2,22,8,14,6,2,0,2,22
82,dublin,"MOUNT BROWN","Mount Brown",53.3416,-6.29719,0,0,OPEN,"2025-02-22 10:20:11",1,0,{},8,14,6,2,0,2,22,8,14,6,2,0,2,22
82,dublin,"MOUNT BROWN","Mount Brown",53.3416,-6.29719,0,0,OPEN,"2025-02-22 10:30:15",1,0,{},8,14,6,2,0,2,22,8,14,6,2,0,2,22
82,dublin,"MOUNT BROWN","Mount Brown",53.3416,-6.29719,0,0,OPEN,"2025-02-22 10:34:59",1,0,{},7,15,5,2,0,2,22,7,15,5,2,0,2,22
82,dublin,"MOUNT BROWN","Mount Brown",53.3416,-6.29719,0,0,OPEN,"2025-02-22 10:40:20",1,0,{},7,15,5,2,0,2,22,7,15,5,2,0,2,22
82,dublin,"MOUNT BROWN","Mount Brown",53.3416,-6.29719,0,0,OPEN,"2025-02-22 10:50:24",1,0,{},7,15,5,2,0,2,22,7,15,5,2,0,2,22
82,dublin,"MOUNT BROWN","Mount Brown",53.3416,-6.29719,0,0,OPEN,"2025-02-22 11:00:28",1,0,{},7,15,5,2,0,2,22,7,15,5,2,0,2,22
82,dublin,"MOUNT BROWN","Mount Brown",53.3416,-6.29719,0,0,OPEN,"2025-02-22 11:10:31",1,0,{},7,15,5,2,0,2,22,7,15,5,2,0,2,22
82,dublin,"MOUNT BROWN","Mount Brown",53.3416,-6.29719,0,0,OPEN,"2025-02-22 11:20:35",1,0,{},7,15,5,2,0,2,22,7,15,5,2,0,2,22
82,dublin,"MOUNT BROWN","Mount Brown",53.3416,-6.29719,0,0,OPEN,"2025-02-22 11:30:40",1,0,{},8,14,6,2,0,2,22,8,14,6,2,0,2,22
82,dublin,"MOUNT BROWN","Mount Brown",53.3416,-6.29719,0,0,OPEN,"2025-02-22 11:40:43",1,0,{},8,14,6,2,0,2,22,8,14,6,2,0,2,22
82,dublin,"MOUNT BROWN","Mount Brown",53.3416,-6.29719,0,0,OPEN,"2025-02-22 11:50:57",1,0,{},7,15,5,2,0,2,22,7,15,5,2,0,2,22
82,dublin,"MOUNT BROWN","Mount Brown",53.3416,-6.29719,0,0,OPEN,"2025-02-22 12:00:53",1,0,{},7,15,5,2,0,2,22,7,15,5,2,0,2,22
82,dublin,"MOUNT BROWN","Mount Brown",53.3416,-6.29719,0,0,OPEN,"2025-02-22 12:10:57",1,0,{},7,15,5,2,0,2,22,7,15,5,2,0,2,22
82,dublin,"MOUNT BROWN","Mount Brown",53.3416,-6.29719,0,0,OPEN,"2025-02-22 12:21:00",1,0,{},7,15,5,2,0,2,22,7,15,5,2,0,2,22
82,dublin,"MOUNT BROWN","Mount Brown",53.3416,-6.29719,0,0,OPEN,"2025-02-22 12:31:04",1,0,{},7,15,5,2,0,2,22,7,15,5,2,0,2,22
82,dublin,"MOUNT BROWN","Mount Brown",53.3416,-6.29719,0,0,OPEN,"2025-02-22 12:41:08",1,0,{},7,15,5,2,0,2,22,7,15,5,2,0,2,22
82,dublin,"MOUNT BROWN","Mount Brown",53.3416,-6.29719,0,0,OPEN,"2025-02-22 12:43:41",1,0,{},6,16,4,2,0,2,22,6,16,4,2,0,2,22
82,dublin,"MOUNT BROWN","Mount Brown",53.3416,-6.29719,0,0,OPEN,"2025-02-22 12:51:14",1,0,{},6,16,4,2,0,2,22,6,16,4,2,0,2,22
82,dublin,"MOUNT BROWN","Mount Brown",53.3416,-6.29719,0,0,OPEN,"2025-02-22 13:01:17",1,0,{},6,16,4,2,0,2,22,6,16,4,2,0,2,22
82,dublin,"MOUNT BROWN","Mount Brown",53.3416,-6.29719,0,0,OPEN,"2025-02-22 13:11:54",1,0,{},5,17,4,1,0,1,22,5,17,4,1,0,1,22
82,dublin,"MOUNT BROWN","Mount Brown",53.3416,-6.29719,0,0,OPEN,"2025-02-22 13:21:26",1,0,{},5,17,4,1,0,1,22,5,17,4,1,0,1,22
82,dublin,"MOUNT BROWN","Mount Brown",53.3416,-6.29719,0,0,OPEN,"2025-02-22 13:26:47",1,0,{},3,19,3,0,0,0,22,3,19,3,0,0,0,22
82,dublin,"MOUNT BROWN","Mount Brown",53.3416,-6.29719,0,0,OPEN,"2025-02-22 13:31:32",1,0,{},3,19,3,0,0,0,22,3,19,3,0,0,0,22
82,dublin,"MOUNT BROWN","Mount Brown",53.3416,-6.29719,0,0,OPEN,"2025-02-22 13:41:36",1,0,{},3,19,3,0,0,0,22,3,19,3,0,0,0,22
82,dublin,"MOUNT BROWN","Mount Brown",53.3416,-6.29719,0,0,OPEN,"2025-02-22 13:47:12",1,0,{},4,18,4,0,0,0,22,4,18,4,0,0,0,22
82,dublin,"MOUNT BROWN","Mount Brown",53.3416,-6.29719,0,0,OPEN,"2025-02-22 13:51:41",1,0,{},4,18,4,0,0,0,22,4,18,4,0,0,0,22
82,dublin,"MOUNT BROWN","Mount Brown",53.3416,-6.29719,0,0,OPEN,"2025-02-22 14:01:44",1,0,{},4,18,4,0,0,0,22,4,18,4,0,0,0,22
82,dublin,"MOUNT BROWN","Mount Brown",53.3416,-6.29719,0,0,OPEN,"2025-02-22 14:03:46",1,0,{},5,17,5,0,0,0,22,5,17,5,0,0,0,22
82,dublin,"MOUNT BROWN","Mount Brown",53.3416,-6.29719,0,0,OPEN,"2025-02-22 14:11:48",1,0,{},5,17,5,0,0,0,22,5,17,5,0,0,0,22
82,dublin,"MOUNT BROWN","Mount Brown",53.3416,-6.29719,0,0,OPEN,"2025-02-22 14:21:52",1,0,{},5,17,5,0,0,0,22,5,17,5,0,0,0,22
82,dublin,"MOUNT BROWN","Mount Brown",53.3416,-6.29719,0,0,OPEN,"2025-02-22 14:32:39",1,0,{},6,16,6,0,0,0,22,6,16,6,0,0,0,22
82,dublin,"MOUNT BROWN","Mount Brown",53.3416,-6.29719,0,0,OPEN,"2025-02-22 14:42:00",1,0,{},7,15,7,0,0,0,22,7,15,7,0,0,0,22
82,dublin,"MOUNT BROWN","Mount Brown",53.3416,-6.29719,0,0,OPEN,"2025-02-22 14:52:04",1,0,{},7,15,7,0,0,0,22,7,15,7,0,0,0,22
82,dublin,"MOUNT BROWN","Mount Brown",53.3416,-6.29719,0,0,OPEN,"2025-02-22 15:02:07",1,0,{},7,15,7,0,0,0,22,7,15,7,0,0,0,22
82,dublin,"MOUNT BROWN","Mount Brown",53.3416,-6.29719,0,0,OPEN,"2025-02-22 15:07:46",1,0,{},6,16,6,0,0,0,22,6,16,6,0,0,0,22
82,dublin,"MOUNT BROWN","Mount Brown",53.3416,-6.29719,0,0,OPEN,"2025-02-22 15:12:12",1,0,{},6,16,6,0,0,0,22,6,16,6,0,0,0,22
82,dublin,"MOUNT BROWN","Mount Brown",53.3416,-6.29719,0,0,OPEN,"2025-02-22 15:22:16",1,0,{},6,16,6,0,0,0,22,6,16,6,0,0,0,22
82,dublin,"MOUNT BROWN","Mount Brown",53.3416,-6.29719,0,0,OPEN,"2025-02-22 15:32:20",1,0,{},6,16,6,0,0,0,22,6,16,6,0,0,0,22
82,dublin,"MOUNT BROWN","Mount Brown",53.3416,-6.29719,0,0,OPEN,"2025-02-22 15:42:23",1,0,{},6,16,6,0,0,0,22,6,16,6,0,0,0,22
82,dublin,"MOUNT BROWN","Mount Brown",53.3416,-6.29719,0,0,OPEN,"2025-02-22 15:43:35",1,0,{},5,17,5,0,0,0,22,5,17,5,0,0,0,22
82,dublin,"MOUNT BROWN","Mount Brown",53.3416,-6.29719,0,0,OPEN,"2025-02-22 15:52:29",1,0,{},5,17,5,0,0,0,22,5,17,5,0,0,0,22
82,dublin,"MOUNT BROWN","Mount Brown",53.3416,-6.29719,0,0,OPEN,"2025-02-22 16:02:33",1,0,{},5,17,5,0,0,0,22,5,17,5,0,0,0,22
82,dublin,"MOUNT BROWN","Mount Brown",53.3416,-6.29719,0,0,OPEN,"2025-02-22 16:12:37",1,0,{},5,17,5,0,0,0,22,5,17,5,0,0,0,22
82,dublin,"MOUNT BROWN","Mount Brown",53.3416,-6.29719,0,0,OPEN,"2025-02-22 16:22:42",1,0,{},6,16,5,1,0,1,22,6,16,5,1,0,1,22
82,dublin,"MOUNT BROWN","Mount Brown",53.3416,-6.29719,0,0,OPEN,"2025-02-22 16:32:46",1,0,{},6,16,5,1,0,1,22,6,16,5,1,0,1,22
82,dublin,"MOUNT BROWN","Mount Brown",53.3416,-6.29719,0,0,OPEN,"2025-02-22 16:42:49",1,0,{},6,16,5,1,0,1,22,6,16,5,1,0,1,22
82,dublin,"MOUNT BROWN","Mount Brown",53.3416,-6.29719,0,0,OPEN,"2025-02-22 16:52:53",1,0,{},6,16,5,1,0,1,22,6,16,5,1,0,1,22
82,dublin,"MOUNT BROWN","Mount Brown",53.3416,-6.29719,0,0,OPEN,"2025-02-22 17:02:58",1,0,{},7,15,6,1,0,1,22,7,15,6,1,0,1,22
82,dublin,"MOUNT BROWN","Mount Brown",53.3416,-6.29719,0,0,OPEN,"2025-02-22 17:08:12",1,0,{},8,14,7,1,0,1,22,8,14,7,1,0,1,22
82,dublin,"MOUNT BROWN","Mount Brown",53.3416,-6.29719,0,0,OPEN,"2025-02-22 17:13:02",1,0,{},8,14,7,1,0,1,22,8,14,7,1,0,1,22
82,dublin,"MOUNT BROWN","Mount Brown",53.3416,-6.29719,0,0,OPEN,"2025-02-22 17:23:06",1,0,{},9,13,8,1,0,1,22,9,13,8,1,0,1,22
82,dublin,"MOUNT BROWN","Mount Brown",53.3416,-6.29719,0,0,OPEN,"2025-02-22 17:33:10",1,0,{},9,13,8,1,0,1,22,9,13,8,1,0,1,22
82,dublin,"MOUNT BROWN","Mount Brown",53.3416,-6.29719,0,0,OPEN,"2025-02-22 17:43:14",1,0,{},9,13,8,1,0,1,22,9,13,8,1,0,1,22
82,dublin,"MOUNT BROWN","Mount Brown",53.3416,-6.29719,0,0,OPEN,"2025-02-22 17:53:20",1,0,{},8,14,7,1,0,1,22,8,14,7,1,0,1,22
82,dublin,"MOUNT BROWN","Mount Brown",53.3416,-6.29719,0,0,OPEN,"2025-02-22 18:03:24",1,0,{},8,14,7,1,0,1,22,8,14,7,1,0,1,22
82,dublin,"MOUNT BROWN","Mount Brown",53.3416,-6.29719,0,0,OPEN,"2025-02-22 18:13:27",1,0,{},8,14,7,1,0,1,22,8,14,7,1,0,1,22
82,dublin,"MOUNT BROWN","Mount Brown",53.3416,-6.29719,0,0,OPEN,"2025-02-22 18:23:31",1,0,{},8,14,7,1,0,1,22,8,14,7,1,0,1,22
82,dublin,"MOUNT BROWN","Mount Brown",53.3416,-6.29719,0,0,OPEN,"2025-02-22 18:33:35",1,0,{},8,14,7,1,0,1,22,8,14,7,1,0,1,22
82,dublin,"MOUNT BROWN","Mount Brown",53.3416,-6.29719,0,0,OPEN,"2025-02-22 18:43:38",1,0,{},8,14,7,1,0,1,22,8,14,7,1,0,1,22
82,dublin,"MOUNT BROWN","Mount Brown",53.3416,-6.29719,0,0,OPEN,"2025-02-22 18:47:52",1,0,{},7,15,6,1,0,1,22,7,15,6,1,0,1,22
82,dublin,"MOUNT BROWN","Mount Brown",53.3416,-6.29719,0,0,OPEN,"2025-02-22 18:53:45",1,0,{},7,15,6,1,0,1,22,7,15,6,1,0,1,22
82,dublin,"MOUNT BROWN","Mount Brown",53.3416,-6.29719,0,0,OPEN,"2025-02-22 18:55:25",1,0,{},6,16,6,0,0,0,22,6,16,6,0,0,0,22
82,dublin,"MOUNT BROWN","Mount Brown",53.3416,-6.29719,0,0,OPEN,"2025-02-22 19:03:52",1,0,{},7,15,7,0,0,0,22,7,15,7,0,0,0,22
82,dublin,"MOUNT BROWN","Mount Brown",53.3416,-6.29719,0,0,OPEN,"2025-02-22 19:13:55",1,0,{},7,15,7,0,0,0,22,7,15,7,0,0,0,22
82,dublin,"MOUNT BROWN","Mount Brown",53.3416,-6.29719,0,0,OPEN,"2025-02-22 19:18:35",1,0,{},6,16,6,0,0,0,22,6,16,6,0,0,0,22
82,dublin,"MOUNT BROWN","Mount Brown",53.3416,-6.29719,0,0,OPEN,"2025-02-22 19:24:01",1,0,{},6,16,6,0,0,0,22,6,16,6,0,0,0,22
82,dublin,"MOUNT BROWN","Mount Brown",53.3416,-6.29719,0,0,OPEN,"2025-02-22 19:34:05",1,0,{},6,16,6,0,0,0,22,6,16,6,0,0,0,22
82,dublin,"MOUNT BROWN","Mount Brown",53.3416,-6.29719,0,0,OPEN,"2025-02-22 19:44:09",1,0,{},6,16,6,0,0,0,22,6,16,6,0,0,0,22
82,dublin,"MOUNT BROWN","Mount Brown",53.3416,-6.29719,0,0,OPEN,"2025-02-22 19:54:13",1,0,{},6,16,6,0,0,0,22,6,16,6,0,0,0,22
82,dublin,"MOUNT BROWN","Mount Brown",53.3416,-6.29719,0,0,OPEN,"2025-02-22 20:04:16",1,0,{},6,16,6,0,0,0,22,6,16,6,0,0,0,22
82,dublin,"MOUNT BROWN","Mount Brown",53.3416,-6.29719,0,0,OPEN,"2025-02-22 20:14:20",1,0,{},6,16,6,0,0,0,22,6,16,6,0,0,0,22
82,dublin,"MOUNT BROWN","Mount Brown",53.3416,-6.29719,0,0,OPEN,"2025-02-22 20:14:54",1,0,{},4,18,4,0,0,0,22,4,18,4,0,0,0,22
82,dublin,"MOUNT BROWN","Mount Brown",53.3416,-6.29719,0,0,OPEN,"2025-02-22 20:24:26",1,0,{},4,18,4,0,0,0,22,4,18,4,0,0,0,22
82,dublin,"MOUNT BROWN","Mount Brown",53.3416,-6.29719,0,0,OPEN,"2025-02-22 20:34:30",1,0,{},4,18,4,0,0,0,22,4,18,4,0,0,0,22
82,dublin,"MOUNT BROWN","Mount Brown",53.3416,-6.29719,0,0,OPEN,"2025-02-22 20:44:34",1,0,{},4,18,4,0,0,0,22,4,18,4,0,0,0,22
82,dublin,"MOUNT BROWN","Mount Brown",53.3416,-6.29719,0,0,OPEN,"2025-02-22 20:54:38",1,0,{},4,18,4,0,0,0,22,4,18,4,0,0,0,22
82,dublin,"MOUNT BROWN","Mount Brown",53.3416,-6.29719,0,0,OPEN,"2025-02-22 21:04:41",1,0,{},4,18,4,0,0,0,22,4,18,4,0,0,0,22
82,dublin,"MOUNT BROWN","Mount Brown",53.3416,-6.29719,0,0,OPEN,"2025-02-22 21:14:45",1,0,{},4,18,4,0,0,0,22,4,18,4,0,0,0,22
82,dublin,"MOUNT BROWN","Mount Brown",53.3416,-6.29719,0,0,OPEN,"2025-02-22 21:24:48",1,0,{},4,18,4,0,0,0,22,4,18,4,0,0,0,22
82,dublin,"MOUNT BROWN","Mount Brown",53.3416,-6.29719,0,0,OPEN,"2025-02-22 21:34:51",1,0,{},4,18,4,0,0,0,22,4,18,4,0,0,0,22
82,dublin,"MOUNT BROWN","Mount Brown",53.3416,-6.29719,0,0,OPEN,"2025-02-22 21:44:55",1,0,{},4,18,4,0,0,0,22,4,18,4,0,0,0,22
82,dublin,"MOUNT BROWN","Mount Brown",53.3416,-6.29719,0,0,OPEN,"2025-02-22 21:54:59",1,0,{},4,18,4,0,0,0,22,4,18,4,0,0,0,22
82,dublin,"MOUNT BROWN","Mount Brown",53.3416,-6.29719,0,0,OPEN,"2025-02-22 22:05:02",1,0,{},4,18,4,0,0,0,22,4,18,4,0,0,0,22
82,dublin,"MOUNT BROWN","Mount Brown",53.3416,-6.29719,0,0,OPEN,"2025-02-22 22:15:06",1,0,{},4,18,4,0,0,0,22,4,18,4,0,0,0,22
83,dublin,"EMMET ROAD","Emmet Road",53.3407,-6.30819,0,0,OPEN,"2025-02-22 03:01:16",1,0,{},38,2,14,24,0,24,40,38,2,14,24,0,24,40
83,dublin,"EMMET ROAD","Emmet Road",53.3407,-6.30819,0,0,OPEN,"2025-02-22 03:11:22",1,0,{},38,2,14,24,0,24,40,38,2,14,24,0,24,40
83,dublin,"EMMET ROAD","Emmet Road",53.3407,-6.30819,0,0,OPEN,"2025-02-22 10:11:35",1,0,{},34,6,13,21,0,21,40,34,6,13,21,0,21,40
83,dublin,"EMMET ROAD","Emmet Road",53.3407,-6.30819,0,0,OPEN,"2025-02-22 10:22:56",1,0,{},34,6,13,21,0,21,40,34,6,13,21,0,21,40
83,dublin,"EMMET ROAD","Emmet Road",53.3407,-6.30819,0,0,OPEN,"2025-02-22 10:31:45",1,0,{},34,6,13,21,0,21,40,34,6,13,21,0,21,40
83,dublin,"EMMET ROAD","Emmet Road",53.3407,-6.30819,0,0,OPEN,"2025-02-22 10:41:49",1,0,{},34,6,13,21,0,21,40,34,6,13,21,0,21,40
83,dublin,"EMMET ROAD","Emmet Road",53.3407,-6.30819,0,0,OPEN,"2025-02-22 10:44:55",1,0,{},34,6,13,21,0,21,40,34,6,13,21,0,21,40
83,dublin,"EMMET ROAD","Emmet Road",53.3407,-6.30819,0,0,OPEN,"2025-02-22 10:51:54",1,0,{},34,6,13,21,0,21,40,34,6,13,21,0,21,40
83,dublin,"EMMET ROAD","Emmet Road",53.3407,-6.30819,0,0,OPEN,"2025-02-22 11:01:58",1,0,{},35,5,13,22,0,22,40,35,5,13,22,0,22,40
83,dublin,"EMMET ROAD","Emmet Road",53.3407,-6.30819,0,0,OPEN,"2025-02-22 11:07:07",1,0,{},34,6,13,21,0,21,40,34,6,13,21,0,21,40
83,dublin,"EMMET ROAD","Emmet Road",53.3407,-6.30819,0,0,OPEN,"2025-02-22 11:12:05",1,0,{},34,6,13,21,0,21,40,34,6,13,21,0,21,40
83,dublin,"EMMET ROAD","Emmet Road",53.3407,-6.30819,0,0,OPEN,"2025-02-22 11:18:27",1,0,{},33,7,12,21,0,21,40,33,7,12,21,0,21,40
83,dublin,"EMMET ROAD","Emmet Road",53.3407,-6.30819,0,0,OPEN,"2025-02-22 11:22:11",1,0,{},33,7,12,21,0,21,40,33,7,12,21,0,21,40
83,dublin,"EMMET ROAD","Emmet Road",53.3407,-6.30819,0,0,OPEN,"2025-02-22 11:27:20",1,0,{},33,7,12,21,0,21,40,33,7,12,21,0,21,40
83,dublin,"EMMET ROAD","Emmet Road",53.3407,-6.30819,0,0,OPEN,"2025-02-22 11:32:17",1,0,{},33,7,12,21,0,21,40,33,7,12,21,0,21,40
83,dublin,"EMMET ROAD","Emmet Road",53.3407,-6.30819,0,0,OPEN,"2025-02-22 11:42:21",1,0,{},33,7,12,21,0,21,40,33,7,12,21,0,21,40
83,dublin,"EMMET ROAD","Emmet Road",53.3407,-6.30819,0,0,OPEN,"2025-02-22 11:52:58",1,0,{},32,8,12,20,0,20,40,32,8,12,20,0,20,40
83,dublin,"EMMET ROAD","Emmet Road",53.3407,-6.30819,0,0,OPEN,"2025-02-22 11:54:50",1,0,{},29,11,11,18,0,18,40,29,11,11,18,0,18,40
83,dublin,"EMMET ROAD","Emmet Road",53.3407,-6.30819,0,0,OPEN,"2025-02-22 12:02:36",1,0,{},29,11,11,18,0,18,40,29,11,11,18,0,18,40
83,dublin,"EMMET ROAD","Emmet Road",53.3407,-6.30819,0,0,OPEN,"2025-02-22 12:12:40",1,0,{},29,11,11,18,0,18,40,29,11,11,18,0,18,40
83,dublin,"EMMET ROAD","Emmet Road",53.3407,-6.30819,0,0,OPEN,"2025-02-22 12:22:45",1,0,{},30,10,12,18,0,18,40,30,10,12,18,0,18,40
83,dublin,"EMMET ROAD","Emmet Road",53.3407,-6.30819,0,0,OPEN,"2025-02-22 12:23:49",1,0,{},30,10,12,18,0,18,40,30,10,12,18,0,18,40
83,dublin,"EMMET ROAD","Emmet Road",53.3407,-6.30819,0,0,OPEN,"2025-02-22 12:32:52",1,0,{},29,11,12,17,0,17,40,29,11,12,17,0,17,40
83,dublin,"EMMET ROAD","Emmet Road",53.3407,-6.30819,0,0,OPEN,"2025-02-22 12:38:10",1,0,{},28,12,12,16,0,16,40,28,12,12,16,0,16,40
83,dublin,"EMMET ROAD","Emmet Road",53.3407,-6.30819,0,0,OPEN,"2025-02-22 12:42:58",1,0,{},27,13,11,16,0,16,40,27,13,11,16,0,16,40
83,dublin,"EMMET ROAD","Emmet Road",53.3407,-6.30819,0,0,OPEN,"2025-02-22 12:53:02",1,0,{},27,13,11,16,0,16,40,27,13,11,16,0,16,40
83,dublin,"EMMET ROAD","Emmet Road",53.3407,-6.30819,0,0,OPEN,"2025-02-22 12:56:21",1,0,{},27,13,11,16,0,16,40,27,13,11,16,0,16,40
83,dublin,"EMMET ROAD","Emmet Road",53.3407,-6.30819,0,0,OPEN,"2025-02-22 13:03:07",1,0,{},27,13,11,16,0,16,40,27,13,11,16,0,16,40
83,dublin,"EMMET ROAD","Emmet Road",53.3407,-6.30819,0,0,OPEN,"2025-02-22 13:13:12",1,0,{},28,12,11,17,0,17,40,28,12,11,17,0,17,40
83,dublin,"EMMET ROAD","Emmet Road",53.3407,-6.30819,0,0,OPEN,"2025-02-22 13:23:19",1,0,{},27,13,11,16,0,16,40,27,13,11,16,0,16,40
83,dublin,"EMMET ROAD","Emmet Road",53.3407,-6.30819,0,0,OPEN,"2025-02-22 13:33:23",1,0,{},27,13,11,16,0,16,40,27,13,11,16,0,16,40
83,dublin,"EMMET ROAD","Emmet Road",53.3407,-6.30819,0,0,OPEN,"2025-02-22 13:38:25",1,0,{},27,13,11,16,0,16,40,27,13,11,16,0,16,40
83,dublin,"EMMET ROAD","Emmet Road",53.3407,-6.30819,0,0,OPEN,"2025-02-22 13:43:29",1,0,{},28,12,12,16,0,16,40,28,12,12,16,0,16,40
83,dublin,"EMMET ROAD","Emmet Road",53.3407,-6.30819,0,0,OPEN,"2025-02-22 13:53:33",1,0,{},28,12,12,16,0,16,40,28,12,12,16,0,16,40
83,dublin,"EMMET ROAD","Emmet Road",53.3407,-6.30819,0,0,OPEN,"2025-02-22 14:03:37",1,0,{},28,12,12,16,0,16,40,28,12,12,16,0,16,40
83,dublin,"EMMET ROAD","Emmet Road",53.3407,-6.30819,0,0,OPEN,"2025-02-22 14:18:02",1,0,{},27,13,12,15,0,15,40,27,13,12,15,0,15,40
83,dublin,"EMMET ROAD","Emmet Road",53.3407,-6.30819,0,0,OPEN,"2025-02-22 14:23:48",1,0,{},27,13,12,15,0,15,40,27,13,12,15,0,15,40
83,dublin,"EMMET ROAD","Emmet Road",53.3407,-6.30819,0,0,OPEN,"2025-02-22 14:33:52",1,0,{},27,13,12,15,0,15,40,27,13,12,15,0,15,40
83,dublin,"EMMET ROAD","Emmet Road",53.3407,-6.30819,0,0,OPEN,"2025-02-22 14:43:56",1,0,{},27,13,12,15,0,15,40,27,13,12,15,0,15,40
83,dublin,"EMMET ROAD","Emmet Road",53.3407,-6.30819,0,0,OPEN,"2025-02-22 14:54:00",1,0,{},27,13,12,15,0,15,40,27,13,12,15,0,15,40
83,dublin,"EMMET ROAD","Emmet Road",53.3407,-6.30819,0,0,OPEN,"2025-02-22 15:00:19",1,0,{},28,12,13,15,0,15,40,28,12,13,15,0,15,40
83,dublin,"EMMET ROAD","Emmet Road",53.3407,-6.30819,0,0,OPEN,"2025-02-22 15:07:26",1,0,{},27,13,12,15,0,15,40,27,13,12,15,0,15,40
83,dublin,"EMMET ROAD","Emmet Road",53.3407,-6.30819,0,0,OPEN,"2025-02-22 15:16:44",1,0,{},26,14,11,15,0,15,40,26,14,11,15,0,15,40
83,dublin,"EMMET ROAD","Emmet Road",53.3407,-6.30819,0,0,OPEN,"2025-02-22 15:24:18",1,0,{},26,14,11,15,0,15,40,26,14,11,15,0,15,40
83,dublin,"EMMET ROAD","Emmet Road",53.3407,-6.30819,0,0,OPEN,"2025-02-22 15:34:22",1,0,{},26,14,11,15,0,15,40,26,14,11,15,0,15,40
83,dublin,"EMMET ROAD","Emmet Road",53.3407,-6.30819,0,0,OPEN,"2025-02-22 15:44:26",1,0,{},26,14,11,15,0,15,40,26,14,11,15,0,15,40
83,dublin,"EMMET ROAD","Emmet Road",53.3407,-6.30819,0,0,OPEN,"2025-02-22 15:51:28",1,0,{},24,16,10,14,0,14,40,24,16,10,14,0,14,40
83,dublin,"EMMET ROAD","Emmet Road",53.3407,-6.30819,0,0,OPEN,"2025-02-22 15:57:06",1,0,{},24,16,10,14,0,14,40,24,16,10,14,0,14,40
83,dublin,"EMMET ROAD","Emmet Road",53.3407,-6.30819,0,0,OPEN,"2025-02-22 16:05:12",1,0,{},25,15,11,14,0,14,40,25,15,11,14,0,14,40
83,dublin,"EMMET ROAD","Emmet Road",53.3407,-6.30819,0,0,OPEN,"2025-02-22 16:11:00",1,0,{},27,13,11,16,0,16,40,27,13,11,16,0,16,40
83,dublin,"EMMET ROAD","Emmet Road",53.3407,-6.30819,0,0,OPEN,"2025-02-22 16:14:43",1,0,{},27,13,11,16,0,16,40,27,13,11,16,0,16,40
83,dublin,"EMMET ROAD","Emmet Road",53.3407,-6.30819,0,0,OPEN,"2025-02-22 16:21:00",1,0,{},28,12,12,16,0,16,40,28,12,12,16,0,16,40
83,dublin,"EMMET ROAD","Emmet Road",53.3407,-6.30819,0,0,OPEN,"2025-02-22 16:27:17",1,0,{},26,14,10,16,0,16,40,26,14,10,16,0,16,40
83,dublin,"EMMET ROAD","Emmet Road",53.3407,-6.30819,0,0,OPEN,"2025-02-22 16:36:48",1,0,{},27,13,11,16,0,16,40,27,13,11,16,0,16,40
83,dublin,"EMMET ROAD","Emmet Road",53.3407,-6.30819,0,0,OPEN,"2025-02-22 16:43:31",1,0,{},27,13,10,17,0,17,40,27,13,10,17,0,17,40
83,dublin,"EMMET ROAD","Emmet Road",53.3407,-6.30819,0,0,OPEN,"2025-02-22 16:45:03",1,0,{},27,13,10,17,0,17,40,27,13,10,17,0,17,40
83,dublin,"EMMET ROAD","Emmet Road",53.3407,-6.30819,0,0,OPEN,"2025-02-22 16:48:56",1,0,{},28,12,10,18,0,18,40,28,12,10,18,0,18,40
83,dublin,"EMMET ROAD","Emmet Road",53.3407,-6.30819,0,0,OPEN,"2025-02-22 16:58:11",1,0,{},27,13,9,18,0,18,40,27,13,9,18,0,18,40
83,dublin,"EMMET ROAD","Emmet Road",53.3407,-6.30819,0,0,OPEN,"2025-02-22 17:02:58",1,0,{},27,13,9,18,0,18,40,27,13,9,18,0,18,40
83,dublin,"EMMET ROAD","Emmet Road",53.3407,-6.30819,0,0,OPEN,"2025-02-22 17:05:15",1,0,{},27,13,9,18,0,18,40,27,13,9,18,0,18,40
83,dublin,"EMMET ROAD","Emmet Road",53.3407,-6.30819,0,0,OPEN,"2025-02-22 17:11:13",1,0,{},28,12,9,19,0,19,40,28,12,9,19,0,19,40
83,dublin,"EMMET ROAD","Emmet Road",53.3407,-6.30819,0,0,OPEN,"2025-02-22 17:15:20",1,0,{},28,12,9,19,0,19,40,28,12,9,19,0,19,40
83,dublin,"EMMET ROAD","Emmet Road",53.3407,-6.30819,0,0,OPEN,"2025-02-22 17:25:24",1,0,{},28,12,9,19,0,19,40,28,12,9,19,0,19,40
83,dublin,"EMMET ROAD","Emmet Road",53.3407,-6.30819,0,0,OPEN,"2025-02-22 17:35:28",1,0,{},28,12,9,19,0,19,40,28,12,9,19,0,19,40
83,dublin,"EMMET ROAD","Emmet Road",53.3407,-6.30819,0,0,OPEN,"2025-02-22 17:45:32",1,0,{},28,12,9,19,0,19,40,28,12,9,19,0,19,40
83,dublin,"EMMET ROAD","Emmet Road",53.3407,-6.30819,0,0,OPEN,"2025-02-22 17:55:35",1,0,{},28,12,9,19,0,19,40,28,12,9,19,0,19,40
83,dublin,"EMMET ROAD","Emmet Road",53.3407,-6.30819,0,0,OPEN,"2025-02-22 18:03:29",1,0,{},27,13,8,19,0,19,40,27,13,8,19,0,19,40
83,dublin,"EMMET ROAD","Emmet Road",53.3407,-6.30819,0,0,OPEN,"2025-02-22 18:05:42",1,0,{},27,13,8,19,0,19,40,27,13,8,19,0,19,40
83,dublin,"EMMET ROAD","Emmet Road",53.3407,-6.30819,0,0,OPEN,"2025-02-22 18:18:11",1,0,{},27,13,8,19,0,19,40,27,13,8,19,0,19,40
83,dublin,"EMMET ROAD","Emmet Road",53.3407,-6.30819,0,0,OPEN,"2025-02-22 18:26:05",1,0,{},25,15,7,18,0,18,40,25,15,7,18,0,18,40
83,dublin,"EMMET ROAD","Emmet Road",53.3407,-6.30819,0,0,OPEN,"2025-02-22 18:35:57",1,0,{},25,15,7,18,0,18,40,25,15,7,18,0,18,40
83,dublin,"EMMET ROAD","Emmet Road",53.3407,-6.30819,0,0,OPEN,"2025-02-22 18:39:56",1,0,{},26,14,8,18,0,18,40,26,14,8,18,0,18,40
83,dublin,"EMMET ROAD","Emmet Road",53.3407,-6.30819,0,0,OPEN,"2025-02-22 18:46:02",1,0,{},26,14,8,18,0,18,40,26,14,8,18,0,18,40
83,dublin,"EMMET ROAD","Emmet Road",53.3407,-6.30819,0,0,OPEN,"2025-02-22 18:53:26",1,0,{},26,14,8,18,0,18,40,26,14,8,18,0,18,40
83,dublin,"EMMET ROAD","Emmet Road",53.3407,-6.30819,0,0,OPEN,"2025-02-22 18:56:06",1,0,{},26,14,8,18,0,18,40,26,14,8,18,0,18,40
83,dublin,"EMMET ROAD","Emmet Road",53.3407,-6.30819,0,0,OPEN,"2025-02-22 19:06:12",1,0,{},26,14,8,18,0,18,40,26,14,8,18,0,18,40
83,dublin,"EMMET ROAD","Emmet Road",53.3407,-6.30819,0,0,OPEN,"2025-02-22 19:16:17",1,0,{},26,14,8,18,0,18,40,26,14,8,18,0,18,40
83,dublin,"EMMET ROAD","Emmet Road",53.3407,-6.30819,0,0,OPEN,"2025-02-22 19:26:21",1,0,{},26,14,8,18,0,18,40,26,14,8,18,0,18,40
83,dublin,"EMMET ROAD","Emmet Road",53.3407,-6.30819,0,0,OPEN,"2025-02-22 19:31:47",1,0,{},25,15,7,18,0,18,40,25,15,7,18,0,18,40
83,dublin,"EMMET ROAD","Emmet Road",53.3407,-6.30819,0,0,OPEN,"2025-02-22 19:36:26",1,0,{},25,15,7,18,0,18,40,25,15,7,18,0,18,40
83,dublin,"EMMET ROAD","Emmet Road",53.3407,-6.30819,0,0,OPEN,"2025-02-22 19:46:29",1,0,{},25,15,7,18,0,18,40,25,15,7,18,0,18,40
83,dublin,"EMMET ROAD","Emmet Road",53.3407,-6.30819,0,0,OPEN,"2025-02-22 19:56:33",1,0,{},25,15,7,18,0,18,40,25,15,7,18,0,18,40
83,dublin,"EMMET ROAD","Emmet Road",53.3407,-6.30819,0,0,OPEN,"2025-02-22 20:06:37",1,0,{},25,15,7,18,0,18,40,25,15,7,18,0,18,40
83,dublin,"EMMET ROAD","Emmet Road",53.3407,-6.30819,0,0,OPEN,"2025-02-22 20:16:41",1,0,{},25,15,7,18,0,18,40,25,15,7,18,0,18,40
83,dublin,"EMMET ROAD","Emmet Road",53.3407,-6.30819,0,0,OPEN,"2025-02-22 20:26:45",1,0,{},25,15,7,18,0,18,40,25,15,7,18,0,18,40
83,dublin,"EMMET ROAD","Emmet Road",53.3407,-6.30819,0,0,OPEN,"2025-02-22 20:30:15",1,0,{},25,15,7,18,0,18,40,25,15,7,18,0,18,40
83,dublin,"EMMET ROAD","Emmet Road",53.3407,-6.30819,0,0,OPEN,"2025-02-22 20:37:02",1,0,{},26,14,8,18,0,18,40,26,14,8,18,0,18,40
83,dublin,"EMMET ROAD","Emmet Road",53.3407,-6.30819,0,0,OPEN,"2025-02-22 20:46:55",1,0,{},26,14,8,18,0,18,40,26,14,8,18,0,18,40
83,dublin,"EMMET ROAD","Emmet Road",53.3407,-6.30819,0,0,OPEN,"2025-02-22 20:51:10",1,0,{},26,14,8,18,0,18,40,26,14,8,18,0,18,40
83,dublin,"EMMET ROAD","Emmet Road",53.3407,-6.30819,0,0,OPEN,"2025-02-22 20:57:00",1,0,{},26,14,8,18,0,18,40,26,14,8,18,0,18,40
83,dublin,"EMMET ROAD","Emmet Road",53.3407,-6.30819,0,0,OPEN,"2025-02-22 21:02:30",1,0,{},26,14,8,18,0,18,40,26,14,8,18,0,18,40
83,dublin,"EMMET ROAD","Emmet Road",53.3407,-6.30819,0,0,OPEN,"2025-02-22 21:07:05",1,0,{},26,14,8,18,0,18,40,26,14,8,18,0,18,40
83,dublin,"EMMET ROAD","Emmet Road",53.3407,-6.30819,0,0,OPEN,"2025-02-22 21:17:09",1,0,{},26,14,8,18,0,18,40,26,14,8,18,0,18,40
83,dublin,"EMMET ROAD","Emmet Road",53.3407,-6.30819,0,0,OPEN,"2025-02-22 21:27:13",1,0,{},26,14,8,18,0,18,40,26,14,8,18,0,18,40
83,dublin,"EMMET ROAD","Emmet Road",53.3407,-6.30819,0,0,OPEN,"2025-02-22 21:37:17",1,0,{},26,14,8,18,0,18,40,26,14,8,18,0,18,40
83,dublin,"EMMET ROAD","Emmet Road",53.3407,-6.30819,0,0,OPEN,"2025-02-22 21:47:21",1,0,{},26,14,8,18,0,18,40,26,14,8,18,0,18,40
83,dublin,"EMMET ROAD","Emmet Road",53.3407,-6.30819,0,0,OPEN,"2025-02-22 21:57:25",1,0,{},26,14,8,18,0,18,40,26,14,8,18,0,18,40
83,dublin,"EMMET ROAD","Emmet Road",53.3407,-6.30819,0,0,OPEN,"2025-02-22 22:07:30",1,0,{},26,14,8,18,0,18,40,26,14,8,18,0,18,40
84,dublin,"BROOKFIELD ROAD","Brookfield Road",53.339,-6.30022,0,0,OPEN,"2025-02-22 02:59:12",1,0,{},19,11,9,10,0,10,30,19,11,9,10,0,10,30
84,dublin,"BROOKFIELD ROAD","Brookfield Road",53.339,-6.30022,0,0,OPEN,"2025-02-22 03:09:17",1,0,{},19,11,9,10,0,10,30,19,11,9,10,0,10,30
84,dublin,"BROOKFIELD ROAD","Brookfield Road",53.339,-6.30022,0,0,OPEN,"2025-02-22 10:12:24",1,0,{},15,15,7,8,0,8,30,15,15,7,8,0,8,30
84,dublin,"BROOKFIELD ROAD","Brookfield Road",53.339,-6.30022,0,0,OPEN,"2025-02-22 10:22:28",1,0,{},15,15,7,8,0,8,30,15,15,7,8,0,8,30
84,dublin,"BROOKFIELD ROAD","Brookfield Road",53.339,-6.30022,0,0,OPEN,"2025-02-22 10:27:21",1,0,{},14,16,6,8,0,8,30,14,16,6,8,0,8,30
84,dublin,"BROOKFIELD ROAD","Brookfield Road",53.339,-6.30022,0,0,OPEN,"2025-02-22 10:32:34",1,0,{},14,16,6,8,0,8,30,14,16,6,8,0,8,30
84,dublin,"BROOKFIELD ROAD","Brookfield Road",53.339,-6.30022,0,0,OPEN,"2025-02-22 10:42:39",1,0,{},14,16,6,8,0,8,30,14,16,6,8,0,8,30
84,dublin,"BROOKFIELD ROAD","Brookfield Road",53.339,-6.30022,0,0,OPEN,"2025-02-22 10:52:43",1,0,{},14,16,6,8,0,8,30,14,16,6,8,0,8,30
84,dublin,"BROOKFIELD ROAD","Brookfield Road",53.339,-6.30022,0,0,OPEN,"2025-02-22 11:02:47",1,0,{},14,16,6,8,0,8,30,14,16,6,8,0,8,30
84,dublin,"BROOKFIELD ROAD","Brookfield Road",53.339,-6.30022,0,0,OPEN,"2025-02-22 11:12:51",1,0,{},14,16,6,8,0,8,30,14,16,6,8,0,8,30
84,dublin,"BROOKFIELD ROAD","Brookfield Road",53.339,-6.30022,0,0,OPEN,"2025-02-22 11:22:57",1,0,{},13,17,6,7,0,7,30,13,17,6,7,0,7,30
84,dublin,"BROOKFIELD ROAD","Brookfield Road",53.339,-6.30022,0,0,OPEN,"2025-02-22 11:33:01",1,0,{},13,17,6,7,0,7,30,13,17,6,7,0,7,30
84,dublin,"BROOKFIELD ROAD","Brookfield Road",53.339,-6.30022,0,0,OPEN,"2025-02-22 11:43:08",1,0,{},12,18,5,7,0,7,30,12,18,5,7,0,7,30
84,dublin,"BROOKFIELD ROAD","Brookfield Road",53.339,-6.30022,0,0,OPEN,"2025-02-22 11:47:49",1,0,{},11,19,5,6,0,6,30,11,19,5,6,0,6,30
84,dublin,"BROOKFIELD ROAD","Brookfield Road",53.339,-6.30022,0,0,OPEN,"2025-02-22 11:53:22",1,0,{},10,20,4,6,0,6,30,10,20,4,6,0,6,30
84,dublin,"BROOKFIELD ROAD","Brookfield Road",53.339,-6.30022,0,0,OPEN,"2025-02-22 12:03:20",1,0,{},10,20,4,6,0,6,30,10,20,4,6,0,6,30
84,dublin,"BROOKFIELD ROAD","Brookfield Road",53.339,-6.30022,0,0,OPEN,"2025-02-22 12:13:25",1,0,{},10,20,4,6,0,6,30,10,20,4,6,0,6,30
84,dublin,"BROOKFIELD ROAD","Brookfield Road",53.339,-6.30022,0,0,OPEN,"2025-02-22 12:23:29",1,0,{},10,20,4,6,0,6,30,10,20,4,6,0,6,30
84,dublin,"BROOKFIELD ROAD","Brookfield Road",53.339,-6.30022,0,0,OPEN,"2025-02-22 12:33:34",1,0,{},10,20,4,6,0,6,30,10,20,4,6,0,6,30
84,dublin,"BROOKFIELD ROAD","Brookfield Road",53.339,-6.30022,0,0,OPEN,"2025-02-22 12:46:01",1,0,{},11,19,5,6,0,6,30,11,19,5,6,0,6,30
84,dublin,"BROOKFIELD ROAD","Brookfield Road",53.339,-6.30022,0,0,OPEN,"2025-02-22 12:53:43",1,0,{},11,19,5,6,0,6,30,11,19,5,6,0,6,30
84,dublin,"BROOKFIELD ROAD","Brookfield Road",53.339,-6.30022,0,0,OPEN,"2025-02-22 13:00:19",1,0,{},10,20,4,6,0,6,30,10,20,4,6,0,6,30
84,dublin,"BROOKFIELD ROAD","Brookfield Road",53.339,-6.30022,0,0,OPEN,"2025-02-22 13:03:50",1,0,{},10,20,4,6,0,6,30,10,20,4,6,0,6,30
84,dublin,"BROOKFIELD ROAD","Brookfield Road",53.339,-6.30022,0,0,OPEN,"2025-02-22 13:09:20",1,0,{},9,21,3,6,0,6,30,9,21,3,6,0,6,30
84,dublin,"BROOKFIELD ROAD","Brookfield Road",53.339,-6.30022,0,0,OPEN,"2025-02-22 13:14:56",1,0,{},10,20,4,6,0,6,30,10,20,4,6,0,6,30
84,dublin,"BROOKFIELD ROAD","Brookfield Road",53.339,-6.30022,0,0,OPEN,"2025-02-22 13:24:00",1,0,{},10,20,4,6,0,6,30,10,20,4,6,0,6,30
84,dublin,"BROOKFIELD ROAD","Brookfield Road",53.339,-6.30022,0,0,OPEN,"2025-02-22 13:29:32",1,0,{},11,19,4,7,0,7,30,11,19,4,7,0,7,30
84,dublin,"BROOKFIELD ROAD","Brookfield Road",53.339,-6.30022,0,0,OPEN,"2025-02-22 13:34:04",1,0,{},11,19,4,7,0,7,30,11,19,4,7,0,7,30
84,dublin,"BROOKFIELD ROAD","Brookfield Road",53.339,-6.30022,0,0,OPEN,"2025-02-22 13:44:08",1,0,{},11,19,4,7,0,7,30,11,19,4,7,0,7,30
84,dublin,"BROOKFIELD ROAD","Brookfield Road",53.339,-6.30022,0,0,OPEN,"2025-02-22 13:54:13",1,0,{},11,19,4,7,0,7,30,11,19,4,7,0,7,30
84,dublin,"BROOKFIELD ROAD","Brookfield Road",53.339,-6.30022,0,0,OPEN,"2025-02-22 14:05:29",1,0,{},12,18,5,7,0,7,30,12,18,5,7,0,7,30
84,dublin,"BROOKFIELD ROAD","Brookfield Road",53.339,-6.30022,0,0,OPEN,"2025-02-22 14:14:21",1,0,{},12,18,5,7,0,7,30,12,18,5,7,0,7,30
84,dublin,"BROOKFIELD ROAD","Brookfield Road",53.339,-6.30022,0,0,OPEN,"2025-02-22 14:20:46",1,0,{},12,18,5,7,0,7,30,12,18,5,7,0,7,30
84,dublin,"BROOKFIELD ROAD","Brookfield Road",53.339,-6.30022,0,0,OPEN,"2025-02-22 14:24:26",1,0,{},12,18,5,7,0,7,30,12,18,5,7,0,7,30
84,dublin,"BROOKFIELD ROAD","Brookfield Road",53.339,-6.30022,0,0,OPEN,"2025-02-22 14:34:30",1,0,{},12,18,5,7,0,7,30,12,18,5,7,0,7,30
84,dublin,"BROOKFIELD ROAD","Brookfield Road",53.339,-6.30022,0,0,OPEN,"2025-02-22 14:44:35",1,0,{},12,18,5,7,0,7,30,12,18,5,7,0,7,30
84,dublin,"BROOKFIELD ROAD","Brookfield Road",53.339,-6.30022,0,0,OPEN,"2025-02-22 14:54:41",1,0,{},13,17,5,8,0,8,30,13,17,5,8,0,8,30
84,dublin,"BROOKFIELD ROAD","Brookfield Road",53.339,-6.30022,0,0,OPEN,"2025-02-22 15:04:44",1,0,{},13,17,5,8,0,8,30,13,17,5,8,0,8,30
84,dublin,"BROOKFIELD ROAD","Brookfield Road",53.339,-6.30022,0,0,OPEN,"2025-02-22 15:14:48",1,0,{},13,17,5,8,0,8,30,13,17,5,8,0,8,30
84,dublin,"BROOKFIELD ROAD","Brookfield Road",53.339,-6.30022,0,0,OPEN,"2025-02-22 15:24:52",1,0,{},13,17,5,8,0,8,30,13,17,5,8,0,8,30
84,dublin,"BROOKFIELD ROAD","Brookfield Road",53.339,-6.30022,0,0,OPEN,"2025-02-22 15:31:28",1,0,{},14,16,5,9,0,9,30,14,16,5,9,0,9,30
84,dublin,"BROOKFIELD ROAD","Brookfield Road",53.339,-6.30022,0,0,OPEN,"2025-02-22 15:34:57",1,0,{},14,16,5,9,0,9,30,14,16,5,9,0,9,30
84,dublin,"BROOKFIELD ROAD","Brookfield Road",53.339,-6.30022,0,0,OPEN,"2025-02-22 15:45:01",1,0,{},14,16,5,9,0,9,30,14,16,5,9,0,9,30
84,dublin,"BROOKFIELD ROAD","Brookfield Road",53.339,-6.30022,0,0,OPEN,"2025-02-22 15:55:08",1,0,{},13,17,5,8,0,8,30,13,17,5,8,0,8,30
84,dublin,"BROOKFIELD ROAD","Brookfield Road",53.339,-6.30022,0,0,OPEN,"2025-02-22 16:05:12",1,0,{},13,17,5,8,0,8,30,13,17,5,8,0,8,30
84,dublin,"BROOKFIELD ROAD","Brookfield Road",53.339,-6.30022,0,0,OPEN,"2025-02-22 16:17:48",1,0,{},14,16,6,8,0,8,30,14,16,6,8,0,8,30
84,dublin,"BROOKFIELD ROAD","Brookfield Road",53.339,-6.30022,0,0,OPEN,"2025-02-22 16:25:21",1,0,{},14,16,6,8,0,8,30,14,16,6,8,0,8,30
84,dublin,"BROOKFIELD ROAD","Brookfield Road",53.339,-6.30022,0,0,OPEN,"2025-02-22 16:35:26",1,0,{},14,16,6,8,0,8,30,14,16,6,8,0,8,30
84,dublin,"BROOKFIELD ROAD","Brookfield Road",53.339,-6.30022,0,0,OPEN,"2025-02-22 16:45:29",1,0,{},14,16,6,8,0,8,30,14,16,6,8,0,8,30
84,dublin,"BROOKFIELD ROAD","Brookfield Road",53.339,-6.30022,0,0,OPEN,"2025-02-22 16:57:18",1,0,{},13,17,5,8,0,8,30,13,17,5,8,0,8,30
84,dublin,"BROOKFIELD ROAD","Brookfield Road",53.339,-6.30022,0,0,OPEN,"2025-02-22 17:05:39",1,0,{},13,17,5,8,0,8,30,13,17,5,8,0,8,30
84,dublin,"BROOKFIELD ROAD","Brookfield Road",53.339,-6.30022,0,0,OPEN,"2025-02-22 17:15:44",1,0,{},13,17,5,8,0,8,30,13,17,5,8,0,8,30
84,dublin,"BROOKFIELD ROAD","Brookfield Road",53.339,-6.30022,0,0,OPEN,"2025-02-22 17:25:48",1,0,{},13,17,5,8,0,8,30,13,17,5,8,0,8,30
84,dublin,"BROOKFIELD ROAD","Brookfield Road",53.339,-6.30022,0,0,OPEN,"2025-02-22 17:31:36",1,0,{},13,17,5,8,0,8,30,13,17,5,8,0,8,30
84,dublin,"BROOKFIELD ROAD","Brookfield Road",53.339,-6.30022,0,0,OPEN,"2025-02-22 17:35:54",1,0,{},13,17,5,8,0,8,30,13,17,5,8,0,8,30
84,dublin,"BROOKFIELD ROAD","Brookfield Road",53.339,-6.30022,0,0,OPEN,"2025-02-22 17:45:57",1,0,{},13,17,5,8,0,8,30,13,17,5,8,0,8,30
84,dublin,"BROOKFIELD ROAD","Brookfield Road",53.339,-6.30022,0,0,OPEN,"2025-02-22 17:56:01",1,0,{},13,17,5,8,0,8,30,13,17,5,8,0,8,30
84,dublin,"BROOKFIELD ROAD","Brookfield Road",53.339,-6.30022,0,0,OPEN,"2025-02-22 18:06:05",1,0,{},13,17,5,8,0,8,30,13,17,5,8,0,8,30
84,dublin,"BROOKFIELD ROAD","Brookfield Road",53.339,-6.30022,0,0,OPEN,"2025-02-22 18:16:09",1,0,{},13,17,5,8,0,8,30,13,17,5,8,0,8,30
84,dublin,"BROOKFIELD ROAD","Brookfield Road",53.339,-6.30022,0,0,OPEN,"2025-02-22 18:26:14",1,0,{},13,17,5,8,0,8,30,13,17,5,8,0,8,30
84,dublin,"BROOKFIELD ROAD","Brookfield Road",53.339,-6.30022,0,0,OPEN,"2025-02-22 18:36:17",1,0,{},13,17,5,8,0,8,30,13,17,5,8,0,8,30
84,dublin,"BROOKFIELD ROAD","Brookfield Road",53.339,-6.30022,0,0,OPEN,"2025-02-22 18:46:22",1,0,{},13,17,5,8,0,8,30,13,17,5,8,0,8,30
84,dublin,"BROOKFIELD ROAD","Brookfield Road",53.339,-6.30022,0,0,OPEN,"2025-02-22 18:56:26",1,0,{},13,17,5,8,0,8,30,13,17,5,8,0,8,30
84,dublin,"BROOKFIELD ROAD","Brookfield Road",53.339,-6.30022,0,0,OPEN,"2025-02-22 19:06:31",1,0,{},13,17,5,8,0,8,30,13,17,5,8,0,8,30
84,dublin,"BROOKFIELD ROAD","Brookfield Road",53.339,-6.30022,0,0,OPEN,"2025-02-22 19:16:36",1,0,{},13,17,5,8,0,8,30,13,17,5,8,0,8,30
84,dublin,"BROOKFIELD ROAD","Brookfield Road",53.339,-6.30022,0,0,OPEN,"2025-02-22 19:26:40",1,0,{},13,17,5,8,0,8,30,13,17,5,8,0,8,30
84,dublin,"BROOKFIELD ROAD","Brookfield Road",53.339,-6.30022,0,0,OPEN,"2025-02-22 19:36:44",1,0,{},13,17,5,8,0,8,30,13,17,5,8,0,8,30
84,dublin,"BROOKFIELD ROAD","Brookfield Road",53.339,-6.30022,0,0,OPEN,"2025-02-22 19:46:47",1,0,{},13,17,5,8,0,8,30,13,17,5,8,0,8,30
84,dublin,"BROOKFIELD ROAD","Brookfield Road",53.339,-6.30022,0,0,OPEN,"2025-02-22 19:56:52",1,0,{},13,17,5,8,0,8,30,13,17,5,8,0,8,30
84,dublin,"BROOKFIELD ROAD","Brookfield Road",53.339,-6.30022,0,0,OPEN,"2025-02-22 20:06:56",1,0,{},13,17,5,8,0,8,30,13,17,5,8,0,8,30
84,dublin,"BROOKFIELD ROAD","Brookfield Road",53.339,-6.30022,0,0,OPEN,"2025-02-22 20:13:32",1,0,{},14,16,5,9,0,9,30,14,16,5,9,0,9,30
84,dublin,"BROOKFIELD ROAD","Brookfield Road",53.339,-6.30022,0,0,OPEN,"2025-02-22 20:17:01",1,0,{},14,16,5,9,0,9,30,14,16,5,9,0,9,30
84,dublin,"BROOKFIELD ROAD","Brookfield Road",53.339,-6.30022,0,0,OPEN,"2025-02-22 20:24:05",1,0,{},13,17,4,9,0,9,30,13,17,4,9,0,9,30
84,dublin,"BROOKFIELD ROAD","Brookfield Road",53.339,-6.30022,0,0,OPEN,"2025-02-22 20:27:07",1,0,{},13,17,4,9,0,9,30,13,17,4,9,0,9,30
84,dublin,"BROOKFIELD ROAD","Brookfield Road",53.339,-6.30022,0,0,OPEN,"2025-02-22 20:37:11",1,0,{},13,17,4,9,0,9,30,13,17,4,9,0,9,30
84,dublin,"BROOKFIELD ROAD","Brookfield Road",53.339,-6.30022,0,0,OPEN,"2025-02-22 20:47:16",1,0,{},13,17,4,9,0,9,30,13,17,4,9,0,9,30
84,dublin,"BROOKFIELD ROAD","Brookfield Road",53.339,-6.30022,0,0,OPEN,"2025-02-22 20:57:20",1,0,{},13,17,4,9,0,9,30,13,17,4,9,0,9,30
84,dublin,"BROOKFIELD ROAD","Brookfield Road",53.339,-6.30022,0,0,OPEN,"2025-02-22 21:07:24",1,0,{},13,17,4,9,0,9,30,13,17,4,9,0,9,30
84,dublin,"BROOKFIELD ROAD","Brookfield Road",53.339,-6.30022,0,0,OPEN,"2025-02-22 21:17:29",1,0,{},13,17,4,9,0,9,30,13,17,4,9,0,9,30
84,dublin,"BROOKFIELD ROAD","Brookfield Road",53.339,-6.30022,0,0,OPEN,"2025-02-22 21:27:33",1,0,{},13,17,4,9,0,9,30,13,17,4,9,0,9,30
84,dublin,"BROOKFIELD ROAD","Brookfield Road",53.339,-6.30022,0,0,OPEN,"2025-02-22 21:37:37",1,0,{},13,17,4,9,0,9,30,13,17,4,9,0,9,30
84,dublin,"BROOKFIELD ROAD","Brookfield Road",53.339,-6.30022,0,0,OPEN,"2025-02-22 21:42:01",1,0,{},14,16,5,9,0,9,30,14,16,5,9,0,9,30
84,dublin,"BROOKFIELD ROAD","Brookfield Road",53.339,-6.30022,0,0,OPEN,"2025-02-22 21:47:42",1,0,{},14,16,5,9,0,9,30,14,16,5,9,0,9,30
84,dublin,"BROOKFIELD ROAD","Brookfield Road",53.339,-6.30022,0,0,OPEN,"2025-02-22 21:57:46",1,0,{},14,16,5,9,0,9,30,14,16,5,9,0,9,30
84,dublin,"BROOKFIELD ROAD","Brookfield Road",53.339,-6.30022,0,0,OPEN,"2025-02-22 22:07:51",1,0,{},14,16,5,9,0,9,30,14,16,5,9,0,9,30
85,dublin,"ROTHE ABBEY","Rothe Abbey",53.3388,-6.30395,0,0,OPEN,"2025-02-22 02:53:49",1,0,{},13,22,6,7,0,7,35,13,22,6,7,0,7,35
85,dublin,"ROTHE ABBEY","Rothe Abbey",53.3388,-6.30395,0,0,OPEN,"2025-02-22 03:14:00",1,0,{},13,22,6,7,0,7,35,13,22,6,7,0,7,35
85,dublin,"ROTHE ABBEY","Rothe Abbey",53.3388,-6.30395,0,0,OPEN,"2025-02-22 10:12:56",1,0,{},11,24,5,6,0,6,35,11,24,5,6,0,6,35
85,dublin,"ROTHE ABBEY","Rothe Abbey",53.3388,-6.30395,0,0,OPEN,"2025-02-22 10:14:51",1,0,{},10,25,5,5,0,5,35,10,25,5,5,0,5,35
85,dublin,"ROTHE ABBEY","Rothe Abbey",53.3388,-6.30395,0,0,OPEN,"2025-02-22 10:22:23",1,0,{},10,25,5,5,0,5,35,10,25,5,5,0,5,35
85,dublin,"ROTHE ABBEY","Rothe Abbey",53.3388,-6.30395,0,0,OPEN,"2025-02-22 10:32:27",1,0,{},10,25,5,5,0,5,35,10,25,5,5,0,5,35
85,dublin,"ROTHE ABBEY","Rothe Abbey",53.3388,-6.30395,0,0,OPEN,"2025-02-22 10:34:42",1,0,{},9,26,4,5,0,5,35,9,26,4,5,0,5,35
85,dublin,"ROTHE ABBEY","Rothe Abbey",53.3388,-6.30395,0,0,OPEN,"2025-02-22 10:42:33",1,0,{},9,26,4,5,0,5,35,9,26,4,5,0,5,35
85,dublin,"ROTHE ABBEY","Rothe Abbey",53.3388,-6.30395,0,0,OPEN,"2025-02-22 10:52:39",1,0,{},8,27,3,5,0,5,35,8,27,3,5,0,5,35
85,dublin,"ROTHE ABBEY","Rothe Abbey",53.3388,-6.30395,0,0,OPEN,"2025-02-22 10:55:34",1,0,{},7,28,3,4,0,4,35,7,28,3,4,0,4,35
85,dublin,"ROTHE ABBEY","Rothe Abbey",53.3388,-6.30395,0,0,OPEN,"2025-02-22 11:02:44",1,0,{},7,28,3,4,0,4,35,7,28,3,4,0,4,35
85,dublin,"ROTHE ABBEY","Rothe Abbey",53.3388,-6.30395,0,0,OPEN,"2025-02-22 11:12:48",1,0,{},7,28,3,4,0,4,35,7,28,3,4,0,4,35
85,dublin,"ROTHE ABBEY","Rothe Abbey",53.3388,-6.30395,0,0,OPEN,"2025-02-22 11:22:51",1,0,{},7,28,3,4,0,4,35,7,28,3,4,0,4,35
85,dublin,"ROTHE ABBEY","Rothe Abbey",53.3388,-6.30395,0,0,OPEN,"2025-02-22 11:32:55",1,0,{},7,28,3,4,0,4,35,7,28,3,4,0,4,35
85,dublin,"ROTHE ABBEY","Rothe Abbey",53.3388,-6.30395,0,0,OPEN,"2025-02-22 11:42:59",1,0,{},7,28,3,4,0,4,35,7,28,3,4,0,4,35
85,dublin,"ROTHE ABBEY","Rothe Abbey",53.3388,-6.30395,0,0,OPEN,"2025-02-22 11:53:04",1,0,{},6,29,2,4,0,4,35,6,29,2,4,0,4,35
85,dublin,"ROTHE ABBEY","Rothe Abbey",53.3388,-6.30395,0,0,OPEN,"2025-02-22 11:54:02",1,0,{},6,29,2,4,0,4,35,6,29,2,4,0,4,35
85,dublin,"ROTHE ABBEY","Rothe Abbey",53.3388,-6.30395,0,0,OPEN,"2025-02-22 12:03:09",1,0,{},6,29,2,4,0,4,35,6,29,2,4,0,4,35
85,dublin,"ROTHE ABBEY","Rothe Abbey",53.3388,-6.30395,0,0,OPEN,"2025-02-22 12:13:12",1,0,{},6,29,2,4,0,4,35,6,29,2,4,0,4,35
85,dublin,"ROTHE ABBEY","Rothe Abbey",53.3388,-6.30395,0,0,OPEN,"2025-02-22 12:23:16",1,0,{},6,29,2,4,0,4,35,6,29,2,4,0,4,35
85,dublin,"ROTHE ABBEY","Rothe Abbey",53.3388,-6.30395,0,0,OPEN,"2025-02-22 12:33:20",1,0,{},6,29,2,4,0,4,35,6,29,2,4,0,4,35
85,dublin,"ROTHE ABBEY","Rothe Abbey",53.3388,-6.30395,0,0,OPEN,"2025-02-22 12:37:34",1,0,{},5,30,1,4,0,4,35,5,30,1,4,0,4,35
85,dublin,"ROTHE ABBEY","Rothe Abbey",53.3388,-6.30395,0,0,OPEN,"2025-02-22 12:43:26",1,0,{},5,30,1,4,0,4,35,5,30,1,4,0,4,35
85,dublin,"ROTHE ABBEY","Rothe Abbey",53.3388,-6.30395,0,0,OPEN,"2025-02-22 12:53:29",1,0,{},5,30,1,4,0,4,35,5,30,1,4,0,4,35
85,dublin,"ROTHE ABBEY","Rothe Abbey",53.3388,-6.30395,0,0,OPEN,"2025-02-22 13:03:33",1,0,{},5,30,1,4,0,4,35,5,30,1,4,0,4,35
85,dublin,"ROTHE ABBEY","Rothe Abbey",53.3388,-6.30395,0,0,OPEN,"2025-02-22 13:13:37",1,0,{},5,30,1,4,0,4,35,5,30,1,4,0,4,35
85,dublin,"ROTHE ABBEY","Rothe Abbey",53.3388,-6.30395,0,0,OPEN,"2025-02-22 13:21:02",1,0,{},5,30,1,4,0,4,35,5,30,1,4,0,4,35
85,dublin,"ROTHE ABBEY","Rothe Abbey",53.3388,-6.30395,0,0,OPEN,"2025-02-22 13:28:31",1,0,{},3,32,0,3,0,3,35,3,32,0,3,0,3,35
85,dublin,"ROTHE ABBEY","Rothe Abbey",53.3388,-6.30395,0,0,OPEN,"2025-02-22 13:33:56",1,0,{},4,31,1,3,0,3,35,4,31,1,3,0,3,35
85,dublin,"ROTHE ABBEY","Rothe Abbey",53.3388,-6.30395,0,0,OPEN,"2025-02-22 13:38:36",1,0,{},3,32,0,3,0,3,35,3,32,0,3,0,3,35
85,dublin,"ROTHE ABBEY","Rothe Abbey",53.3388,-6.30395,0,0,OPEN,"2025-02-22 13:43:52",1,0,{},3,32,0,3,0,3,35,3,32,0,3,0,3,35
85,dublin,"ROTHE ABBEY","Rothe Abbey",53.3388,-6.30395,0,0,OPEN,"2025-02-22 13:51:53",1,0,{},4,31,1,3,0,3,35,4,31,1,3,0,3,35
85,dublin,"ROTHE ABBEY","Rothe Abbey",53.3388,-6.30395,0,0,OPEN,"2025-02-22 13:53:56",1,0,{},4,31,1,3,0,3,35,4,31,1,3,0,3,35
85,dublin,"ROTHE ABBEY","Rothe Abbey",53.3388,-6.30395,0,0,OPEN,"2025-02-22 14:04:00",1,0,{},4,31,1,3,0,3,35,4,31,1,3,0,3,35
85,dublin,"ROTHE ABBEY","Rothe Abbey",53.3388,-6.30395,0,0,OPEN,"2025-02-22 14:14:04",1,0,{},4,31,1,3,0,3,35,4,31,1,3,0,3,35
85,dublin,"ROTHE ABBEY","Rothe Abbey",53.3388,-6.30395,0,0,OPEN,"2025-02-22 14:24:07",1,0,{},4,31,1,3,0,3,35,4,31,1,3,0,3,35
85,dublin,"ROTHE ABBEY","Rothe Abbey",53.3388,-6.30395,0,0,OPEN,"2025-02-22 14:34:11",1,0,{},4,31,1,3,0,3,35,4,31,1,3,0,3,35
85,dublin,"ROTHE ABBEY","Rothe Abbey",53.3388,-6.30395,0,0,OPEN,"2025-02-22 14:44:15",1,0,{},4,31,1,3,0,3,35,4,31,1,3,0,3,35
85,dublin,"ROTHE ABBEY","Rothe Abbey",53.3388,-6.30395,0,0,OPEN,"2025-02-22 14:54:18",1,0,{},4,31,1,3,0,3,35,4,31,1,3,0,3,35
85,dublin,"ROTHE ABBEY","Rothe Abbey",53.3388,-6.30395,0,0,OPEN,"2025-02-22 15:04:22",1,0,{},4,31,1,3,0,3,35,4,31,1,3,0,3,35
85,dublin,"ROTHE ABBEY","Rothe Abbey",53.3388,-6.30395,0,0,OPEN,"2025-02-22 15:09:48",1,0,{},3,32,0,3,0,3,35,3,32,0,3,0,3,35
85,dublin,"ROTHE ABBEY","Rothe Abbey",53.3388,-6.30395,0,0,OPEN,"2025-02-22 15:14:27",1,0,{},3,32,0,3,0,3,35,3,32,0,3,0,3,35
85,dublin,"ROTHE ABBEY","Rothe Abbey",53.3388,-6.30395,0,0,OPEN,"2025-02-22 15:24:31",1,0,{},3,32,0,3,0,3,35,3,32,0,3,0,3,35
85,dublin,"ROTHE ABBEY","Rothe Abbey",53.3388,-6.30395,0,0,OPEN,"2025-02-22 15:31:06",1,0,{},5,30,2,3,0,3,35,5,30,2,3,0,3,35
85,dublin,"ROTHE ABBEY","Rothe Abbey",53.3388,-6.30395,0,0,OPEN,"2025-02-22 15:34:35",1,0,{},5,30,2,3,0,3,35,5,30,2,3,0,3,35
85,dublin,"ROTHE ABBEY","Rothe Abbey",53.3388,-6.30395,0,0,OPEN,"2025-02-22 15:44:38",1,0,{},5,30,2,3,0,3,35,5,30,2,3,0,3,35
85,dublin,"ROTHE ABBEY","Rothe Abbey",53.3388,-6.30395,0,0,OPEN,"2025-02-22 15:54:42",1,0,{},5,30,2,3,0,3,35,5,30,2,3,0,3,35
85,dublin,"ROTHE ABBEY","Rothe Abbey",53.3388,-6.30395,0,0,OPEN,"2025-02-22 16:04:45",1,0,{},5,30,2,3,0,3,35,5,30,2,3,0,3,35
85,dublin,"ROTHE ABBEY","Rothe Abbey",53.3388,-6.30395,0,0,OPEN,"2025-02-22 16:14:49",1,0,{},5,30,2,3,0,3,35,5,30,2,3,0,3,35
85,dublin,"ROTHE ABBEY","Rothe Abbey",53.3388,-6.30395,0,0,OPEN,"2025-02-22 16:25:56",1,0,{},4,31,1,3,0,3,35,4,31,1,3,0,3,35
85,dublin,"ROTHE ABBEY","Rothe Abbey",53.3388,-6.30395,0,0,OPEN,"2025-02-22 16:34:58",1,0,{},4,31,1,3,0,3,35,4,31,1,3,0,3,35
85,dublin,"ROTHE ABBEY","Rothe Abbey",53.3388,-6.30395,0,0,OPEN,"2025-02-22 16:45:02",1,0,{},4,31,1,3,0,3,35,4,31,1,3,0,3,35
85,dublin,"ROTHE ABBEY","Rothe Abbey",53.3388,-6.30395,0,0,OPEN,"2025-02-22 16:55:06",1,0,{},4,31,1,3,0,3,35,4,31,1,3,0,3,35
85,dublin,"ROTHE ABBEY","Rothe Abbey",53.3388,-6.30395,0,0,OPEN,"2025-02-22 17:05:09",1,0,{},4,31,1,3,0,3,35,4,31,1,3,0,3,35
85,dublin,"ROTHE ABBEY","Rothe Abbey",53.3388,-6.30395,0,0,OPEN,"2025-02-22 17:15:13",1,0,{},4,31,1,3,0,3,35,4,31,1,3,0,3,35
85,dublin,"ROTHE ABBEY","Rothe Abbey",53.3388,-6.30395,0,0,OPEN,"2025-02-22 17:25:17",1,0,{},4,31,1,3,0,3,35,4,31,1,3,0,3,35
85,dublin,"ROTHE ABBEY","Rothe Abbey",53.3388,-6.30395,0,0,OPEN,"2025-02-22 17:35:20",1,0,{},4,31,1,3,0,3,35,4,31,1,3,0,3,35
85,dublin,"ROTHE ABBEY","Rothe Abbey",53.3388,-6.30395,0,0,OPEN,"2025-02-22 17:45:24",1,0,{},4,31,1,3,0,3,35,4,31,1,3,0,3,35
85,dublin,"ROTHE ABBEY","Rothe Abbey",53.3388,-6.30395,0,0,OPEN,"2025-02-22 17:55:28",1,0,{},4,31,1,3,0,3,35,4,31,1,3,0,3,35
85,dublin,"ROTHE ABBEY","Rothe Abbey",53.3388,-6.30395,0,0,OPEN,"2025-02-22 18:05:32",1,0,{},4,31,1,3,0,3,35,4,31,1,3,0,3,35
85,dublin,"ROTHE ABBEY","Rothe Abbey",53.3388,-6.30395,0,0,OPEN,"2025-02-22 18:15:35",1,0,{},4,31,1,3,0,3,35,4,31,1,3,0,3,35
85,dublin,"ROTHE ABBEY","Rothe Abbey",53.3388,-6.30395,0,0,OPEN,"2025-02-22 18:19:13",1,0,{},5,30,2,3,0,3,35,5,30,2,3,0,3,35
85,dublin,"ROTHE ABBEY","Rothe Abbey",53.3388,-6.30395,0,0,OPEN,"2025-02-22 18:25:40",1,0,{},5,30,2,3,0,3,35,5,30,2,3,0,3,35
85,dublin,"ROTHE ABBEY","Rothe Abbey",53.3388,-6.30395,0,0,OPEN,"2025-02-22 18:35:44",1,0,{},5,30,2,3,0,3,35,5,30,2,3,0,3,35
85,dublin,"ROTHE ABBEY","Rothe Abbey",53.3388,-6.30395,0,0,OPEN,"2025-02-22 18:45:47",1,0,{},5,30,2,3,0,3,35,5,30,2,3,0,3,35
85,dublin,"ROTHE ABBEY","Rothe Abbey",53.3388,-6.30395,0,0,OPEN,"2025-02-22 18:55:51",1,0,{},5,30,2,3,0,3,35,5,30,2,3,0,3,35
85,dublin,"ROTHE ABBEY","Rothe Abbey",53.3388,-6.30395,0,0,OPEN,"2025-02-22 19:05:56",1,0,{},5,30,2,3,0,3,35,5,30,2,3,0,3,35
85,dublin,"ROTHE ABBEY","Rothe Abbey",53.3388,-6.30395,0,0,OPEN,"2025-02-22 19:16:00",1,0,{},5,30,2,3,0,3,35,5,30,2,3,0,3,35
85,dublin,"ROTHE ABBEY","Rothe Abbey",53.3388,-6.30395,0,0,OPEN,"2025-02-22 19:26:03",1,0,{},5,30,2,3,0,3,35,5,30,2,3,0,3,35
85,dublin,"ROTHE ABBEY","Rothe Abbey",53.3388,-6.30395,0,0,OPEN,"2025-02-22 19:30:58",1,0,{},6,29,3,3,0,3,35,6,29,3,3,0,3,35
85,dublin,"ROTHE ABBEY","Rothe Abbey",53.3388,-6.30395,0,0,OPEN,"2025-02-22 19:36:07",1,0,{},6,29,3,3,0,3,35,6,29,3,3,0,3,35
85,dublin,"ROTHE ABBEY","Rothe Abbey",53.3388,-6.30395,0,0,OPEN,"2025-02-22 19:46:11",1,0,{},6,29,3,3,0,3,35,6,29,3,3,0,3,35
85,dublin,"ROTHE ABBEY","Rothe Abbey",53.3388,-6.30395,0,0,OPEN,"2025-02-22 19:56:14",1,0,{},6,29,3,3,0,3,35,6,29,3,3,0,3,35
85,dublin,"ROTHE ABBEY","Rothe Abbey",53.3388,-6.30395,0,0,OPEN,"2025-02-22 20:00:29",1,0,{},7,28,4,3,0,3,35,7,28,4,3,0,3,35
85,dublin,"ROTHE ABBEY","Rothe Abbey",53.3388,-6.30395,0,0,OPEN,"2025-02-22 20:06:19",1,0,{},7,28,4,3,0,3,35,7,28,4,3,0,3,35
85,dublin,"ROTHE ABBEY","Rothe Abbey",53.3388,-6.30395,0,0,OPEN,"2025-02-22 20:18:21",1,0,{},8,27,5,3,0,3,35,8,27,5,3,0,3,35
85,dublin,"ROTHE ABBEY","Rothe Abbey",53.3388,-6.30395,0,0,OPEN,"2025-02-22 20:26:27",1,0,{},8,27,5,3,0,3,35,8,27,5,3,0,3,35
85,dublin,"ROTHE ABBEY","Rothe Abbey",53.3388,-6.30395,0,0,OPEN,"2025-02-22 20:37:08",1,0,{},6,29,3,3,0,3,35,6,29,3,3,0,3,35
85,dublin,"ROTHE ABBEY","Rothe Abbey",53.3388,-6.30395,0,0,OPEN,"2025-02-22 20:46:37",1,0,{},6,29,3,3,0,3,35,6,29,3,3,0,3,35
85,dublin,"ROTHE ABBEY","Rothe Abbey",53.3388,-6.30395,0,0,OPEN,"2025-02-22 20:56:40",1,0,{},6,29,3,3,0,3,35,6,29,3,3,0,3,35
85,dublin,"ROTHE ABBEY","Rothe Abbey",53.3388,-6.30395,0,0,OPEN,"2025-02-22 21:06:44",1,0,{},6,29,3,3,0,3,35,6,29,3,3,0,3,35
85,dublin,"ROTHE ABBEY","Rothe Abbey",53.3388,-6.30395,0,0,OPEN,"2025-02-22 21:16:48",1,0,{},6,29,3,3,0,3,35,6,29,3,3,0,3,35
85,dublin,"ROTHE ABBEY","Rothe Abbey",53.3388,-6.30395,0,0,OPEN,"2025-02-22 21:26:50",1,0,{},6,29,3,3,0,3,35,6,29,3,3,0,3,35
85,dublin,"ROTHE ABBEY","Rothe Abbey",53.3388,-6.30395,0,0,OPEN,"2025-02-22 21:36:53",1,0,{},6,29,3,3,0,3,35,6,29,3,3,0,3,35
85,dublin,"ROTHE ABBEY","Rothe Abbey",53.3388,-6.30395,0,0,OPEN,"2025-02-22 21:41:38",1,0,{},5,30,2,3,0,3,35,5,30,2,3,0,3,35
85,dublin,"ROTHE ABBEY","Rothe Abbey",53.3388,-6.30395,0,0,OPEN,"2025-02-22 21:46:59",1,0,{},5,30,2,3,0,3,35,5,30,2,3,0,3,35
85,dublin,"ROTHE ABBEY","Rothe Abbey",53.3388,-6.30395,0,0,OPEN,"2025-02-22 21:57:03",1,0,{},5,30,2,3,0,3,35,5,30,2,3,0,3,35
85,dublin,"ROTHE ABBEY","Rothe Abbey",53.3388,-6.30395,0,0,OPEN,"2025-02-22 22:07:06",1,0,{},5,30,2,3,0,3,35,5,30,2,3,0,3,35
85,dublin,"ROTHE ABBEY","Rothe Abbey",53.3388,-6.30395,0,0,OPEN,"2025-02-22 22:12:02",1,0,{},5,30,2,3,0,3,35,5,30,2,3,0,3,35
85,dublin,"ROTHE ABBEY","Rothe Abbey",53.3388,-6.30395,0,0,OPEN,"2025-02-22 22:17:11",1,0,{},6,29,3,3,0,3,35,6,29,3,3,0,3,35
86,dublin,"PARKGATE STREET","Parkgate Street",53.348,-6.2918,0,0,OPEN,"2025-02-22 02:55:55",1,0,{},38,0,15,23,0,23,38,38,0,15,23,0,23,38
86,dublin,"PARKGATE STREET","Parkgate Street",53.348,-6.2918,0,0,OPEN,"2025-02-22 03:05:58",1,0,{},38,0,15,23,0,23,38,38,0,15,23,0,23,38
86,dublin,"PARKGATE STREET","Parkgate Street",53.348,-6.2918,0,0,OPEN,"2025-02-22 03:15:30",1,0,{},38,0,15,23,0,23,38,38,0,15,23,0,23,38
86,dublin,"PARKGATE STREET","Parkgate Street",53.348,-6.2918,0,0,OPEN,"2025-02-22 03:16:32",1,0,{},38,0,15,23,0,23,38,38,0,15,23,0,23,38
86,dublin,"PARKGATE STREET","Parkgate Street",53.348,-6.2918,0,0,OPEN,"2025-02-22 10:13:13",1,0,{},36,2,13,23,0,23,38,36,2,13,23,0,23,38
86,dublin,"PARKGATE STREET","Parkgate Street",53.348,-6.2918,0,0,OPEN,"2025-02-22 10:17:56",1,0,{},36,2,14,22,0,22,38,36,2,14,22,0,22,38
86,dublin,"PARKGATE STREET","Parkgate Street",53.348,-6.2918,0,0,OPEN,"2025-02-22 10:27:59",1,0,{},36,2,14,22,0,22,38,36,2,14,22,0,22,38
86,dublin,"PARKGATE STREET","Parkgate Street",53.348,-6.2918,0,0,OPEN,"2025-02-22 10:38:02",1,0,{},36,2,14,22,0,22,38,36,2,14,22,0,22,38
86,dublin,"PARKGATE STREET","Parkgate Street",53.348,-6.2918,0,0,OPEN,"2025-02-22 10:48:05",1,0,{},36,2,14,22,0,22,38,36,2,14,22,0,22,38
86,dublin,"PARKGATE STREET","Parkgate Street",53.348,-6.2918,0,0,OPEN,"2025-02-22 10:58:09",1,0,{},36,2,14,22,0,22,38,36,2,14,22,0,22,38
86,dublin,"PARKGATE STREET","Parkgate Street",53.348,-6.2918,0,0,OPEN,"2025-02-22 11:00:48",1,0,{},37,1,15,22,0,22,38,37,1,15,22,0,22,38
86,dublin,"PARKGATE STREET","Parkgate Street",53.348,-6.2918,0,0,OPEN,"2025-02-22 11:08:12",1,0,{},38,0,16,22,0,22,38,38,0,16,22,0,22,38
86,dublin,"PARKGATE STREET","Parkgate Street",53.348,-6.2918,0,0,OPEN,"2025-02-22 11:12:57",1,0,{},37,1,16,21,0,21,38,37,1,16,21,0,21,38
86,dublin,"PARKGATE STREET","Parkgate Street",53.348,-6.2918,0,0,OPEN,"2025-02-22 11:18:18",1,0,{},38,0,16,22,0,22,38,38,0,16,22,0,22,38
86,dublin,"PARKGATE STREET","Parkgate Street",53.348,-6.2918,0,0,OPEN,"2025-02-22 11:22:57",1,0,{},37,1,16,21,0,21,38,37,1,16,21,0,21,38
86,dublin,"PARKGATE STREET","Parkgate Street",53.348,-6.2918,0,0,OPEN,"2025-02-22 11:28:22",1,0,{},37,1,16,21,0,21,38,37,1,16,21,0,21,38
86,dublin,"PARKGATE STREET","Parkgate Street",53.348,-6.2918,0,0,OPEN,"2025-02-22 11:38:25",1,0,{},38,0,16,22,0,22,38,38,0,16,22,0,22,38
86,dublin,"PARKGATE STREET","Parkgate Street",53.348,-6.2918,0,0,OPEN,"2025-02-22 11:48:28",1,0,{},38,0,16,22,0,22,38,38,0,16,22,0,22,38
86,dublin,"PARKGATE STREET","Parkgate Street",53.348,-6.2918,0,0,OPEN,"2025-02-22 11:58:32",1,0,{},38,0,16,22,0,22,38,38,0,16,22,0,22,38
86,dublin,"PARKGATE STREET","Parkgate Street",53.348,-6.2918,0,0,OPEN,"2025-02-22 12:08:35",1,0,{},38,0,16,22,0,22,38,38,0,16,22,0,22,38
86,dublin,"PARKGATE STREET","Parkgate Street",53.348,-6.2918,0,0,OPEN,"2025-02-22 12:16:30",1,0,{},36,2,15,21,0,21,38,36,2,15,21,0,21,38
86,dublin,"PARKGATE STREET","Parkgate Street",53.348,-6.2918,0,0,OPEN,"2025-02-22 12:18:40",1,0,{},36,2,15,21,0,21,38,36,2,15,21,0,21,38
86,dublin,"PARKGATE STREET","Parkgate Street",53.348,-6.2918,0,0,OPEN,"2025-02-22 12:24:34",1,0,{},34,4,15,19,0,19,38,34,4,15,19,0,19,38
86,dublin,"PARKGATE STREET","Parkgate Street",53.348,-6.2918,0,0,OPEN,"2025-02-22 12:28:46",1,0,{},34,4,15,19,0,19,38,34,4,15,19,0,19,38
86,dublin,"PARKGATE STREET","Parkgate Street",53.348,-6.2918,0,0,OPEN,"2025-02-22 12:37:45",1,0,{},35,3,15,20,0,20,38,35,3,15,20,0,20,38
86,dublin,"PARKGATE STREET","Parkgate Street",53.348,-6.2918,0,0,OPEN,"2025-02-22 12:39:59",1,0,{},36,2,16,20,0,20,38,36,2,16,20,0,20,38
86,dublin,"PARKGATE STREET","Parkgate Street",53.348,-6.2918,0,0,OPEN,"2025-02-22 12:47:57",1,0,{},35,3,16,19,0,19,38,35,3,16,19,0,19,38
86,dublin,"PARKGATE STREET","Parkgate Street",53.348,-6.2918,0,0,OPEN,"2025-02-22 12:49:55",1,0,{},33,5,14,19,0,19,38,33,5,14,19,0,19,38
86,dublin,"PARKGATE STREET","Parkgate Street",53.348,-6.2918,0,0,OPEN,"2025-02-22 12:57:36",1,0,{},31,7,14,17,0,17,38,31,7,14,17,0,17,38
86,dublin,"PARKGATE STREET","Parkgate Street",53.348,-6.2918,0,0,OPEN,"2025-02-22 13:03:31",1,0,{},29,9,13,16,0,16,38,29,9,13,16,0,16,38
86,dublin,"PARKGATE STREET","Parkgate Street",53.348,-6.2918,0,0,OPEN,"2025-02-22 13:08:28",1,0,{},28,10,12,16,0,16,38,28,10,12,16,0,16,38
86,dublin,"PARKGATE STREET","Parkgate Street",53.348,-6.2918,0,0,OPEN,"2025-02-22 13:12:57",1,0,{},24,14,11,13,0,13,38,24,14,11,13,0,13,38
86,dublin,"PARKGATE STREET","Parkgate Street",53.348,-6.2918,0,0,OPEN,"2025-02-22 13:22:02",1,0,{},26,12,13,13,0,13,38,26,12,13,13,0,13,38
86,dublin,"PARKGATE STREET","Parkgate Street",53.348,-6.2918,0,0,OPEN,"2025-02-22 13:26:16",1,0,{},28,10,14,14,0,14,38,28,10,14,14,0,14,38
86,dublin,"PARKGATE STREET","Parkgate Street",53.348,-6.2918,0,0,OPEN,"2025-02-22 13:31:38",1,0,{},31,7,14,17,0,17,38,31,7,14,17,0,17,38
86,dublin,"PARKGATE STREET","Parkgate Street",53.348,-6.2918,0,0,OPEN,"2025-02-22 13:38:28",1,0,{},30,8,13,17,0,17,38,30,8,13,17,0,17,38
86,dublin,"PARKGATE STREET","Parkgate Street",53.348,-6.2918,0,0,OPEN,"2025-02-22 13:41:25",1,0,{},27,11,10,17,0,17,38,27,11,10,17,0,17,38
86,dublin,"PARKGATE STREET","Parkgate Street",53.348,-6.2918,0,0,OPEN,"2025-02-22 13:46:45",1,0,{},26,12,9,17,0,17,38,26,12,9,17,0,17,38
86,dublin,"PARKGATE STREET","Parkgate Street",53.348,-6.2918,0,0,OPEN,"2025-02-22 13:53:22",1,0,{},28,10,10,18,0,18,38,28,10,10,18,0,18,38
86,dublin,"PARKGATE STREET","Parkgate Street",53.348,-6.2918,0,0,OPEN,"2025-02-22 13:54:03",1,0,{},28,10,11,17,0,17,38,28,10,11,17,0,17,38
86,dublin,"PARKGATE STREET","Parkgate Street",53.348,-6.2918,0,0,OPEN,"2025-02-22 13:59:44",1,0,{},28,10,11,17,0,17,38,28,10,11,17,0,17,38
86,dublin,"PARKGATE STREET","Parkgate Street",53.348,-6.2918,0,0,OPEN,"2025-02-22 14:11:02",1,0,{},34,4,12,22,0,22,38,34,4,12,22,0,22,38
86,dublin,"PARKGATE STREET","Parkgate Street",53.348,-6.2918,0,0,OPEN,"2025-02-22 14:20:31",1,0,{},33,5,11,22,0,22,38,33,5,11,22,0,22,38
86,dublin,"PARKGATE STREET","Parkgate Street",53.348,-6.2918,0,0,OPEN,"2025-02-22 14:28:23",1,0,{},36,2,9,27,0,27,38,36,2,9,27,0,27,38
86,dublin,"PARKGATE STREET","Parkgate Street",53.348,-6.2918,0,0,OPEN,"2025-02-22 14:33:22",1,0,{},33,5,7,26,0,26,38,33,5,7,26,0,26,38
86,dublin,"PARKGATE STREET","Parkgate Street",53.348,-6.2918,0,0,OPEN,"2025-02-22 14:36:48",1,0,{},30,8,6,24,0,24,38,30,8,6,24,0,24,38
86,dublin,"PARKGATE STREET","Parkgate Street",53.348,-6.2918,0,0,OPEN,"2025-02-22 14:42:03",1,0,{},25,13,5,20,0,20,38,25,13,5,20,0,20,38
86,dublin,"PARKGATE STREET","Parkgate Street",53.348,-6.2918,0,0,OPEN,"2025-02-22 14:48:29",1,0,{},25,13,6,19,0,19,38,25,13,6,19,0,19,38
86,dublin,"PARKGATE STREET","Parkgate Street",53.348,-6.2918,0,0,OPEN,"2025-02-22 14:53:11",1,0,{},30,8,8,22,0,22,38,30,8,8,22,0,22,38
86,dublin,"PARKGATE STREET","Parkgate Street",53.348,-6.2918,0,0,OPEN,"2025-02-22 14:57:26",1,0,{},28,10,8,20,0,20,38,28,10,8,20,0,20,38
86,dublin,"PARKGATE STREET","Parkgate Street",53.348,-6.2918,0,0,OPEN,"2025-02-22 15:00:39",1,0,{},28,10,8,20,0,20,38,28,10,8,20,0,20,38
86,dublin,"PARKGATE STREET","Parkgate Street",53.348,-6.2918,0,0,OPEN,"2025-02-22 15:07:11",1,0,{},30,8,9,21,0,21,38,30,8,9,21,0,21,38
86,dublin,"PARKGATE STREET","Parkgate Street",53.348,-6.2918,0,0,OPEN,"2025-02-22 15:11:33",1,0,{},27,11,6,21,0,21,38,27,11,6,21,0,21,38
86,dublin,"PARKGATE STREET","Parkgate Street",53.348,-6.2918,0,0,OPEN,"2025-02-22 15:16:54",1,0,{},28,10,7,21,0,21,38,28,10,7,21,0,21,38
86,dublin,"PARKGATE STREET","Parkgate Street",53.348,-6.2918,0,0,OPEN,"2025-02-22 15:21:38",1,0,{},28,10,7,21,0,21,38,28,10,7,21,0,21,38
86,dublin,"PARKGATE STREET","Parkgate Street",53.348,-6.2918,0,0,OPEN,"2025-02-22 15:30:57",1,0,{},28,10,7,21,0,21,38,28,10,7,21,0,21,38
86,dublin,"PARKGATE STREET","Parkgate Street",53.348,-6.2918,0,0,OPEN,"2025-02-22 15:42:54",1,0,{},28,10,7,21,0,21,38,28,10,7,21,0,21,38
86,dublin,"PARKGATE STREET","Parkgate Street",53.348,-6.2918,0,0,OPEN,"2025-02-22 15:46:20",1,0,{},28,10,5,23,0,23,38,28,10,5,23,0,23,38
86,dublin,"PARKGATE STREET","Parkgate Street",53.348,-6.2918,0,0,OPEN,"2025-02-22 15:51:58",1,0,{},29,9,5,24,0,24,38,29,9,5,24,0,24,38
86,dublin,"PARKGATE STREET","Parkgate Street",53.348,-6.2918,0,0,OPEN,"2025-02-22 15:58:32",1,0,{},27,11,5,22,0,22,38,27,11,5,22,0,22,38
86,dublin,"PARKGATE STREET","Parkgate Street",53.348,-6.2918,0,0,OPEN,"2025-02-22 16:01:18",1,0,{},27,11,5,22,0,22,38,27,11,5,22,0,22,38
86,dublin,"PARKGATE STREET","Parkgate Street",53.348,-6.2918,0,0,OPEN,"2025-02-22 16:03:41",1,0,{},28,10,6,22,0,22,38,28,10,6,22,0,22,38
86,dublin,"PARKGATE STREET","Parkgate Street",53.348,-6.2918,0,0,OPEN,"2025-02-22 16:11:22",1,0,{},28,10,6,22,0,22,38,28,10,6,22,0,22,38
86,dublin,"PARKGATE STREET","Parkgate Street",53.348,-6.2918,0,0,OPEN,"2025-02-22 16:17:02",1,0,{},26,12,4,22,0,22,38,26,12,4,22,0,22,38
86,dublin,"PARKGATE STREET","Parkgate Street",53.348,-6.2918,0,0,OPEN,"2025-02-22 16:22:07",1,0,{},26,12,5,21,0,21,38,26,12,5,21,0,21,38
86,dublin,"PARKGATE STREET","Parkgate Street",53.348,-6.2918,0,0,OPEN,"2025-02-22 16:26:41",1,0,{},29,9,6,23,0,23,38,29,9,6,23,0,23,38
86,dublin,"PARKGATE STREET","Parkgate Street",53.348,-6.2918,0,0,OPEN,"2025-02-22 16:31:32",1,0,{},29,9,6,23,0,23,38,29,9,6,23,0,23,38
86,dublin,"PARKGATE STREET","Parkgate Street",53.348,-6.2918,0,0,OPEN,"2025-02-22 16:37:21",1,0,{},28,10,5,23,0,23,38,28,10,5,23,0,23,38
86,dublin,"PARKGATE STREET","Parkgate Street",53.348,-6.2918,0,0,OPEN,"2025-02-22 16:42:41",1,0,{},28,10,6,22,0,22,38,28,10,6,22,0,22,38
86,dublin,"PARKGATE STREET","Parkgate Street",53.348,-6.2918,0,0,OPEN,"2025-02-22 16:48:24",1,0,{},22,16,5,17,0,17,38,22,16,5,17,0,17,38
86,dublin,"PARKGATE STREET","Parkgate Street",53.348,-6.2918,0,0,OPEN,"2025-02-22 16:52:34",1,0,{},14,24,5,9,0,9,38,14,24,5,9,0,9,38
86,dublin,"PARKGATE STREET","Parkgate Street",53.348,-6.2918,0,0,OPEN,"2025-02-22 16:57:52",1,0,{},14,24,6,8,0,8,38,14,24,6,8,0,8,38
86,dublin,"PARKGATE STREET","Parkgate Street",53.348,-6.2918,0,0,OPEN,"2025-02-22 17:03:30",1,0,{},12,26,7,5,0,5,38,12,26,7,5,0,5,38
86,dublin,"PARKGATE STREET","Parkgate Street",53.348,-6.2918,0,0,OPEN,"2025-02-22 17:07:29",1,0,{},15,23,9,6,0,6,38,15,23,9,6,0,6,38
86,dublin,"PARKGATE STREET","Parkgate Street",53.348,-6.2918,0,0,OPEN,"2025-02-22 17:12:08",1,0,{},15,23,9,6,0,6,38,15,23,9,6,0,6,38
86,dublin,"PARKGATE STREET","Parkgate Street",53.348,-6.2918,0,0,OPEN,"2025-02-22 17:22:14",1,0,{},13,25,7,6,0,6,38,13,25,7,6,0,6,38
86,dublin,"PARKGATE STREET","Parkgate Street",53.348,-6.2918,0,0,OPEN,"2025-02-22 17:24:07",1,0,{},15,23,7,8,0,8,38,15,23,7,8,0,8,38
86,dublin,"PARKGATE STREET","Parkgate Street",53.348,-6.2918,0,0,OPEN,"2025-02-22 17:33:15",1,0,{},18,20,10,8,0,8,38,18,20,10,8,0,8,38
86,dublin,"PARKGATE STREET","Parkgate Street",53.348,-6.2918,0,0,OPEN,"2025-02-22 17:36:07",1,0,{},16,22,9,7,0,7,38,16,22,9,7,0,7,38
86,dublin,"PARKGATE STREET","Parkgate Street",53.348,-6.2918,0,0,OPEN,"2025-02-22 17:42:27",1,0,{},16,22,9,7,0,7,38,16,22,9,7,0,7,38
86,dublin,"PARKGATE STREET","Parkgate Street",53.348,-6.2918,0,0,OPEN,"2025-02-22 17:46:33",1,0,{},18,20,11,7,0,7,38,18,20,11,7,0,7,38
86,dublin,"PARKGATE STREET","Parkgate Street",53.348,-6.2918,0,0,OPEN,"2025-02-22 17:52:31",1,0,{},18,20,11,7,0,7,38,18,20,11,7,0,7,38
86,dublin,"PARKGATE STREET","Parkgate Street",53.348,-6.2918,0,0,OPEN,"2025-02-22 17:57:05",1,0,{},19,19,11,8,0,8,38,19,19,11,8,0,8,38
86,dublin,"PARKGATE STREET","Parkgate Street",53.348,-6.2918,0,0,OPEN,"2025-02-22 18:02:47",1,0,{},20,18,12,8,0,8,38,20,18,12,8,0,8,38
86,dublin,"PARKGATE STREET","Parkgate Street",53.348,-6.2918,0,0,OPEN,"2025-02-22 18:05:35",1,0,{},19,19,11,8,0,8,38,19,19,11,8,0,8,38
86,dublin,"PARKGATE STREET","Parkgate Street",53.348,-6.2918,0,0,OPEN,"2025-02-22 18:12:42",1,0,{},23,15,13,10,0,10,38,23,15,13,10,0,10,38
86,dublin,"PARKGATE STREET","Parkgate Street",53.348,-6.2918,0,0,OPEN,"2025-02-22 18:22:46",1,0,{},24,14,13,11,0,11,38,24,14,13,11,0,11,38
86,dublin,"PARKGATE STREET","Parkgate Street",53.348,-6.2918,0,0,OPEN,"2025-02-22 18:32:48",1,0,{},24,14,13,11,0,11,38,24,14,13,11,0,11,38
86,dublin,"PARKGATE STREET","Parkgate Street",53.348,-6.2918,0,0,OPEN,"2025-02-22 18:42:54",1,0,{},27,11,13,14,0,14,38,27,11,13,14,0,14,38
86,dublin,"PARKGATE STREET","Parkgate Street",53.348,-6.2918,0,0,OPEN,"2025-02-22 18:52:57",1,0,{},27,11,13,14,0,14,38,27,11,13,14,0,14,38
86,dublin,"PARKGATE STREET","Parkgate Street",53.348,-6.2918,0,0,OPEN,"2025-02-22 19:02:59",1,0,{},27,11,13,14,0,14,38,27,11,13,14,0,14,38
86,dublin,"PARKGATE STREET","Parkgate Street",53.348,-6.2918,0,0,OPEN,"2025-02-22 19:13:05",1,0,{},27,11,13,14,0,14,38,27,11,13,14,0,14,38
86,dublin,"PARKGATE STREET","Parkgate Street",53.348,-6.2918,0,0,OPEN,"2025-02-22 19:24:30",1,0,{},26,12,11,15,0,15,38,26,12,11,15,0,15,38
86,dublin,"PARKGATE STREET","Parkgate Street",53.348,-6.2918,0,0,OPEN,"2025-02-22 19:25:16",1,0,{},26,12,11,15,0,15,38,26,12,11,15,0,15,38
86,dublin,"PARKGATE STREET","Parkgate Street",53.348,-6.2918,0,0,OPEN,"2025-02-22 19:33:15",1,0,{},28,10,13,15,0,15,38,28,10,13,15,0,15,38
86,dublin,"PARKGATE STREET","Parkgate Street",53.348,-6.2918,0,0,OPEN,"2025-02-22 19:37:37",1,0,{},28,10,13,15,0,15,38,28,10,13,15,0,15,38
86,dublin,"PARKGATE STREET","Parkgate Street",53.348,-6.2918,0,0,OPEN,"2025-02-22 19:43:18",1,0,{},28,10,13,15,0,15,38,28,10,13,15,0,15,38
86,dublin,"PARKGATE STREET","Parkgate Street",53.348,-6.2918,0,0,OPEN,"2025-02-22 19:53:23",1,0,{},27,11,12,15,0,15,38,27,11,12,15,0,15,38
86,dublin,"PARKGATE STREET","Parkgate Street",53.348,-6.2918,0,0,OPEN,"2025-02-22 20:03:27",1,0,{},27,11,12,15,0,15,38,27,11,12,15,0,15,38
86,dublin,"PARKGATE STREET","Parkgate Street",53.348,-6.2918,0,0,OPEN,"2025-02-22 20:13:30",1,0,{},27,11,12,15,0,15,38,27,11,12,15,0,15,38
86,dublin,"PARKGATE STREET","Parkgate Street",53.348,-6.2918,0,0,OPEN,"2025-02-22 20:15:47",1,0,{},26,12,11,15,0,15,38,26,12,11,15,0,15,38
86,dublin,"PARKGATE STREET","Parkgate Street",53.348,-6.2918,0,0,OPEN,"2025-02-22 20:23:34",1,0,{},26,12,11,15,0,15,38,26,12,11,15,0,15,38
86,dublin,"PARKGATE STREET","Parkgate Street",53.348,-6.2918,0,0,OPEN,"2025-02-22 20:33:37",1,0,{},26,12,11,15,0,15,38,26,12,11,15,0,15,38
86,dublin,"PARKGATE STREET","Parkgate Street",53.348,-6.2918,0,0,OPEN,"2025-02-22 20:43:40",1,0,{},26,12,11,15,0,15,38,26,12,11,15,0,15,38
86,dublin,"PARKGATE STREET","Parkgate Street",53.348,-6.2918,0,0,OPEN,"2025-02-22 20:53:43",1,0,{},26,12,11,15,0,15,38,26,12,11,15,0,15,38
86,dublin,"PARKGATE STREET","Parkgate Street",53.348,-6.2918,0,0,OPEN,"2025-02-22 21:03:47",1,0,{},26,12,11,15,0,15,38,26,12,11,15,0,15,38
86,dublin,"PARKGATE STREET","Parkgate Street",53.348,-6.2918,0,0,OPEN,"2025-02-22 21:13:51",1,0,{},26,12,11,15,0,15,38,26,12,11,15,0,15,38
86,dublin,"PARKGATE STREET","Parkgate Street",53.348,-6.2918,0,0,OPEN,"2025-02-22 21:23:52",1,0,{},26,12,11,15,0,15,38,26,12,11,15,0,15,38
86,dublin,"PARKGATE STREET","Parkgate Street",53.348,-6.2918,0,0,OPEN,"2025-02-22 21:33:55",1,0,{},26,12,11,15,0,15,38,26,12,11,15,0,15,38
86,dublin,"PARKGATE STREET","Parkgate Street",53.348,-6.2918,0,0,OPEN,"2025-02-22 21:43:58",1,0,{},26,12,11,15,0,15,38,26,12,11,15,0,15,38
86,dublin,"PARKGATE STREET","Parkgate Street",53.348,-6.2918,0,0,OPEN,"2025-02-22 21:54:01",1,0,{},26,12,11,15,0,15,38,26,12,11,15,0,15,38
86,dublin,"PARKGATE STREET","Parkgate Street",53.348,-6.2918,0,0,OPEN,"2025-02-22 21:56:57",1,0,{},25,13,10,15,0,15,38,25,13,10,15,0,15,38
86,dublin,"PARKGATE STREET","Parkgate Street",53.348,-6.2918,0,0,OPEN,"2025-02-22 22:04:06",1,0,{},25,13,10,15,0,15,38,25,13,10,15,0,15,38
86,dublin,"PARKGATE STREET","Parkgate Street",53.348,-6.2918,0,0,OPEN,"2025-02-22 22:07:49",1,0,{},25,13,10,15,0,15,38,25,13,10,15,0,15,38
86,dublin,"PARKGATE STREET","Parkgate Street",53.348,-6.2918,0,0,OPEN,"2025-02-22 22:14:09",1,0,{},25,13,10,15,0,15,38,25,13,10,15,0,15,38
86,dublin,"PARKGATE STREET","Parkgate Street",53.348,-6.2918,0,0,OPEN,"2025-02-22 22:16:33",1,0,{},27,11,12,15,0,15,38,27,11,12,15,0,15,38
87,dublin,"COLLINS BARRACKS MUSEUM","Collins Barracks Museum",53.3475,-6.28525,0,0,OPEN,"2025-02-22 02:56:15",1,0,{},22,16,11,11,0,11,38,22,16,11,11,0,11,38
87,dublin,"COLLINS BARRACKS MUSEUM","Collins Barracks Museum",53.3475,-6.28525,0,0,OPEN,"2025-02-22 03:06:19",1,0,{},22,16,11,11,0,11,38,22,16,11,11,0,11,38
87,dublin,"COLLINS BARRACKS MUSEUM","Collins Barracks Museum",53.3475,-6.28525,0,0,OPEN,"2025-02-22 10:10:10",1,0,{},21,17,11,10,0,10,38,21,17,11,10,0,10,38
87,dublin,"COLLINS BARRACKS MUSEUM","Collins Barracks Museum",53.3475,-6.28525,0,0,OPEN,"2025-02-22 10:17:39",1,0,{},21,17,11,10,0,10,38,21,17,11,10,0,10,38
87,dublin,"COLLINS BARRACKS MUSEUM","Collins Barracks Museum",53.3475,-6.28525,0,0,OPEN,"2025-02-22 10:20:14",1,0,{},21,17,11,10,0,10,38,21,17,11,10,0,10,38
87,dublin,"COLLINS BARRACKS MUSEUM","Collins Barracks Museum",53.3475,-6.28525,0,0,OPEN,"2025-02-22 10:30:18",1,0,{},21,17,11,10,0,10,38,21,17,11,10,0,10,38
87,dublin,"COLLINS BARRACKS MUSEUM","Collins Barracks Museum",53.3475,-6.28525,0,0,OPEN,"2025-02-22 10:40:24",1,0,{},20,18,10,10,0,10,38,20,18,10,10,0,10,38
87,dublin,"COLLINS BARRACKS MUSEUM","Collins Barracks Museum",53.3475,-6.28525,0,0,OPEN,"2025-02-22 10:48:32",1,0,{},19,19,10,9,0,9,38,19,19,10,9,0,9,38
87,dublin,"COLLINS BARRACKS MUSEUM","Collins Barracks Museum",53.3475,-6.28525,0,0,OPEN,"2025-02-22 10:50:29",1,0,{},19,19,10,9,0,9,38,19,19,10,9,0,9,38
87,dublin,"COLLINS BARRACKS MUSEUM","Collins Barracks Museum",53.3475,-6.28525,0,0,OPEN,"2025-02-22 11:00:33",1,0,{},19,19,10,9,0,9,38,19,19,10,9,0,9,38
87,dublin,"COLLINS BARRACKS MUSEUM","Collins Barracks Museum",53.3475,-6.28525,0,0,OPEN,"2025-02-22 11:10:36",1,0,{},19,19,10,9,0,9,38,19,19,10,9,0,9,38
87,dublin,"COLLINS BARRACKS MUSEUM","Collins Barracks Museum",53.3475,-6.28525,0,0,OPEN,"2025-02-22 11:20:39",1,0,{},19,19,10,9,0,9,38,19,19,10,9,0,9,38
87,dublin,"COLLINS BARRACKS MUSEUM","Collins Barracks Museum",53.3475,-6.28525,0,0,OPEN,"2025-02-22 11:27:21",1,0,{},19,19,10,9,0,9,38,19,19,10,9,0,9,38
87,dublin,"COLLINS BARRACKS MUSEUM","Collins Barracks Museum",53.3475,-6.28525,0,0,OPEN,"2025-02-22 11:30:45",1,0,{},19,19,10,9,0,9,38,19,19,10,9,0,9,38
87,dublin,"COLLINS BARRACKS MUSEUM","Collins Barracks Museum",53.3475,-6.28525,0,0,OPEN,"2025-02-22 11:40:50",1,0,{},20,18,10,10,0,10,38,20,18,10,10,0,10,38
87,dublin,"COLLINS BARRACKS MUSEUM","Collins Barracks Museum",53.3475,-6.28525,0,0,OPEN,"2025-02-22 11:48:29",1,0,{},20,18,10,10,0,10,38,20,18,10,10,0,10,38
87,dublin,"COLLINS BARRACKS MUSEUM","Collins Barracks Museum",53.3475,-6.28525,0,0,OPEN,"2025-02-22 11:51:36",1,0,{},21,17,11,10,0,10,38,21,17,11,10,0,10,38
87,dublin,"COLLINS BARRACKS MUSEUM","Collins Barracks Museum",53.3475,-6.28525,0,0,OPEN,"2025-02-22 12:01:44",1,0,{},22,16,12,10,0,10,38,22,16,12,10,0,10,38
87,dublin,"COLLINS BARRACKS MUSEUM","Collins Barracks Museum",53.3475,-6.28525,0,0,OPEN,"2025-02-22 12:11:02",1,0,{},22,16,12,10,0,10,38,22,16,12,10,0,10,38
87,dublin,"COLLINS BARRACKS MUSEUM","Collins Barracks Museum",53.3475,-6.28525,0,0,OPEN,"2025-02-22 12:21:05",1,0,{},22,16,12,10,0,10,38,22,16,12,10,0,10,38
87,dublin,"COLLINS BARRACKS MUSEUM","Collins Barracks Museum",53.3475,-6.28525,0,0,OPEN,"2025-02-22 12:31:09",1,0,{},22,16,12,10,0,10,38,22,16,12,10,0,10,38
87,dublin,"COLLINS BARRACKS MUSEUM","Collins Barracks Museum",53.3475,-6.28525,0,0,OPEN,"2025-02-22 12:41:12",1,0,{},22,16,12,10,0,10,38,22,16,12,10,0,10,38
87,dublin,"COLLINS BARRACKS MUSEUM","Collins Barracks Museum",53.3475,-6.28525,0,0,OPEN,"2025-02-22 12:51:54",1,0,{},21,17,13,8,0,8,38,21,17,13,8,0,8,38
87,dublin,"COLLINS BARRACKS MUSEUM","Collins Barracks Museum",53.3475,-6.28525,0,0,OPEN,"2025-02-22 13:01:22",1,0,{},21,17,13,8,0,8,38,21,17,13,8,0,8,38
87,dublin,"COLLINS BARRACKS MUSEUM","Collins Barracks Museum",53.3475,-6.28525,0,0,OPEN,"2025-02-22 13:13:25",1,0,{},22,16,14,8,0,8,38,22,16,14,8,0,8,38
87,dublin,"COLLINS BARRACKS MUSEUM","Collins Barracks Museum",53.3475,-6.28525,0,0,OPEN,"2025-02-22 13:21:30",1,0,{},22,16,14,8,0,8,38,22,16,14,8,0,8,38
87,dublin,"COLLINS BARRACKS MUSEUM","Collins Barracks Museum",53.3475,-6.28525,0,0,OPEN,"2025-02-22 13:25:23",1,0,{},22,16,13,9,0,9,38,22,16,13,9,0,9,38
87,dublin,"COLLINS BARRACKS MUSEUM","Collins Barracks Museum",53.3475,-6.28525,0,0,OPEN,"2025-02-22 13:31:37",1,0,{},22,16,13,9,0,9,38,22,16,13,9,0,9,38
87,dublin,"COLLINS BARRACKS MUSEUM","Collins Barracks Museum",53.3475,-6.28525,0,0,OPEN,"2025-02-22 13:41:40",1,0,{},22,16,13,9,0,9,38,22,16,13,9,0,9,38
87,dublin,"COLLINS BARRACKS MUSEUM","Collins Barracks Museum",53.3475,-6.28525,0,0,OPEN,"2025-02-22 13:51:44",1,0,{},22,16,13,9,0,9,38,22,16,13,9,0,9,38
87,dublin,"COLLINS BARRACKS MUSEUM","Collins Barracks Museum",53.3475,-6.28525,0,0,OPEN,"2025-02-22 14:01:51",1,0,{},22,16,13,9,0,9,38,22,16,13,9,0,9,38
87,dublin,"COLLINS BARRACKS MUSEUM","Collins Barracks Museum",53.3475,-6.28525,0,0,OPEN,"2025-02-22 14:11:53",1,0,{},22,16,13,9,0,9,38,22,16,13,9,0,9,38
87,dublin,"COLLINS BARRACKS MUSEUM","Collins Barracks Museum",53.3475,-6.28525,0,0,OPEN,"2025-02-22 14:21:56",1,0,{},22,16,13,9,0,9,38,22,16,13,9,0,9,38
87,dublin,"COLLINS BARRACKS MUSEUM","Collins Barracks Museum",53.3475,-6.28525,0,0,OPEN,"2025-02-22 14:26:52",1,0,{},21,17,12,9,0,9,38,21,17,12,9,0,9,38
87,dublin,"COLLINS BARRACKS MUSEUM","Collins Barracks Museum",53.3475,-6.28525,0,0,OPEN,"2025-02-22 14:32:01",1,0,{},21,17,12,9,0,9,38,21,17,12,9,0,9,38
87,dublin,"COLLINS BARRACKS MUSEUM","Collins Barracks Museum",53.3475,-6.28525,0,0,OPEN,"2025-02-22 14:42:06",1,0,{},20,18,11,9,0,9,38,20,18,11,9,0,9,38
87,dublin,"COLLINS BARRACKS MUSEUM","Collins Barracks Museum",53.3475,-6.28525,0,0,OPEN,"2025-02-22 14:52:10",1,0,{},20,18,11,9,0,9,38,20,18,11,9,0,9,38
87,dublin,"COLLINS BARRACKS MUSEUM","Collins Barracks Museum",53.3475,-6.28525,0,0,OPEN,"2025-02-22 14:57:43",1,0,{},21,17,12,9,0,9,38,21,17,12,9,0,9,38
87,dublin,"COLLINS BARRACKS MUSEUM","Collins Barracks Museum",53.3475,-6.28525,0,0,OPEN,"2025-02-22 15:02:15",1,0,{},21,17,12,9,0,9,38,21,17,12,9,0,9,38
87,dublin,"COLLINS BARRACKS MUSEUM","Collins Barracks Museum",53.3475,-6.28525,0,0,OPEN,"2025-02-22 15:12:18",1,0,{},21,17,12,9,0,9,38,21,17,12,9,0,9,38
87,dublin,"COLLINS BARRACKS MUSEUM","Collins Barracks Museum",53.3475,-6.28525,0,0,OPEN,"2025-02-22 15:23:24",1,0,{},18,20,9,9,0,9,38,18,20,9,9,0,9,38
87,dublin,"COLLINS BARRACKS MUSEUM","Collins Barracks Museum",53.3475,-6.28525,0,0,OPEN,"2025-02-22 15:25:25",1,0,{},17,21,9,8,0,8,38,17,21,9,8,0,8,38
87,dublin,"COLLINS BARRACKS MUSEUM","Collins Barracks Museum",53.3475,-6.28525,0,0,OPEN,"2025-02-22 15:32:32",1,0,{},17,21,9,8,0,8,38,17,21,9,8,0,8,38
87,dublin,"COLLINS BARRACKS MUSEUM","Collins Barracks Museum",53.3475,-6.28525,0,0,OPEN,"2025-02-22 15:42:35",1,0,{},17,21,9,8,0,8,38,17,21,9,8,0,8,38
87,dublin,"COLLINS BARRACKS MUSEUM","Collins Barracks Museum",53.3475,-6.28525,0,0,OPEN,"2025-02-22 15:52:39",1,0,{},17,21,9,8,0,8,38,17,21,9,8,0,8,38
87,dublin,"COLLINS BARRACKS MUSEUM","Collins Barracks Museum",53.3475,-6.28525,0,0,OPEN,"2025-02-22 15:56:24",1,0,{},16,22,8,8,0,8,38,16,22,8,8,0,8,38
87,dublin,"COLLINS BARRACKS MUSEUM","Collins Barracks Museum",53.3475,-6.28525,0,0,OPEN,"2025-02-22 16:02:45",1,0,{},16,22,8,8,0,8,38,16,22,8,8,0,8,38
87,dublin,"COLLINS BARRACKS MUSEUM","Collins Barracks Museum",53.3475,-6.28525,0,0,OPEN,"2025-02-22 16:12:48",1,0,{},16,22,8,8,0,8,38,16,22,8,8,0,8,38
87,dublin,"COLLINS BARRACKS MUSEUM","Collins Barracks Museum",53.3475,-6.28525,0,0,OPEN,"2025-02-22 16:22:52",1,0,{},16,22,8,8,0,8,38,16,22,8,8,0,8,38
87,dublin,"COLLINS BARRACKS MUSEUM","Collins Barracks Museum",53.3475,-6.28525,0,0,OPEN,"2025-02-22 16:25:23",1,0,{},15,23,7,8,0,8,38,15,23,7,8,0,8,38
87,dublin,"COLLINS BARRACKS MUSEUM","Collins Barracks Museum",53.3475,-6.28525,0,0,OPEN,"2025-02-22 16:32:58",1,0,{},15,23,7,8,0,8,38,15,23,7,8,0,8,38
87,dublin,"COLLINS BARRACKS MUSEUM","Collins Barracks Museum",53.3475,-6.28525,0,0,OPEN,"2025-02-22 16:43:02",1,0,{},15,23,7,8,0,8,38,15,23,7,8,0,8,38
87,dublin,"COLLINS BARRACKS MUSEUM","Collins Barracks Museum",53.3475,-6.28525,0,0,OPEN,"2025-02-22 16:53:06",1,0,{},15,23,7,8,0,8,38,15,23,7,8,0,8,38
87,dublin,"COLLINS BARRACKS MUSEUM","Collins Barracks Museum",53.3475,-6.28525,0,0,OPEN,"2025-02-22 16:53:43",1,0,{},16,22,7,9,0,9,38,16,22,7,9,0,9,38
87,dublin,"COLLINS BARRACKS MUSEUM","Collins Barracks Museum",53.3475,-6.28525,0,0,OPEN,"2025-02-22 17:03:09",1,0,{},16,22,7,9,0,9,38,16,22,7,9,0,9,38
87,dublin,"COLLINS BARRACKS MUSEUM","Collins Barracks Museum",53.3475,-6.28525,0,0,OPEN,"2025-02-22 17:13:16",1,0,{},15,23,6,9,0,9,38,15,23,6,9,0,9,38
87,dublin,"COLLINS BARRACKS MUSEUM","Collins Barracks Museum",53.3475,-6.28525,0,0,OPEN,"2025-02-22 17:16:57",1,0,{},15,23,6,9,0,9,38,15,23,6,9,0,9,38
87,dublin,"COLLINS BARRACKS MUSEUM","Collins Barracks Museum",53.3475,-6.28525,0,0,OPEN,"2025-02-22 17:23:23",1,0,{},14,24,5,9,0,9,38,14,24,5,9,0,9,38
87,dublin,"COLLINS BARRACKS MUSEUM","Collins Barracks Museum",53.3475,-6.28525,0,0,OPEN,"2025-02-22 17:33:26",1,0,{},14,24,5,9,0,9,38,14,24,5,9,0,9,38
87,dublin,"COLLINS BARRACKS MUSEUM","Collins Barracks Museum",53.3475,-6.28525,0,0,OPEN,"2025-02-22 17:43:30",1,0,{},14,24,5,9,0,9,38,14,24,5,9,0,9,38
87,dublin,"COLLINS BARRACKS MUSEUM","Collins Barracks Museum",53.3475,-6.28525,0,0,OPEN,"2025-02-22 17:54:46",1,0,{},15,23,6,9,0,9,38,15,23,6,9,0,9,38
87,dublin,"COLLINS BARRACKS MUSEUM","Collins Barracks Museum",53.3475,-6.28525,0,0,OPEN,"2025-02-22 18:03:37",1,0,{},15,23,6,9,0,9,38,15,23,6,9,0,9,38
87,dublin,"COLLINS BARRACKS MUSEUM","Collins Barracks Museum",53.3475,-6.28525,0,0,OPEN,"2025-02-22 18:09:52",1,0,{},14,24,6,8,0,8,38,14,24,6,8,0,8,38
87,dublin,"COLLINS BARRACKS MUSEUM","Collins Barracks Museum",53.3475,-6.28525,0,0,OPEN,"2025-02-22 18:13:42",1,0,{},14,24,6,8,0,8,38,14,24,6,8,0,8,38
87,dublin,"COLLINS BARRACKS MUSEUM","Collins Barracks Museum",53.3475,-6.28525,0,0,OPEN,"2025-02-22 18:23:46",1,0,{},14,24,6,8,0,8,38,14,24,6,8,0,8,38
87,dublin,"COLLINS BARRACKS MUSEUM","Collins Barracks Museum",53.3475,-6.28525,0,0,OPEN,"2025-02-22 18:33:50",1,0,{},14,24,6,8,0,8,38,14,24,6,8,0,8,38
87,dublin,"COLLINS BARRACKS MUSEUM","Collins Barracks Museum",53.3475,-6.28525,0,0,OPEN,"2025-02-22 18:43:54",1,0,{},15,23,7,8,0,8,38,15,23,7,8,0,8,38
87,dublin,"COLLINS BARRACKS MUSEUM","Collins Barracks Museum",53.3475,-6.28525,0,0,OPEN,"2025-02-22 18:53:58",1,0,{},15,23,7,8,0,8,38,15,23,7,8,0,8,38
87,dublin,"COLLINS BARRACKS MUSEUM","Collins Barracks Museum",53.3475,-6.28525,0,0,OPEN,"2025-02-22 19:04:03",1,0,{},15,23,7,8,0,8,38,15,23,7,8,0,8,38
87,dublin,"COLLINS BARRACKS MUSEUM","Collins Barracks Museum",53.3475,-6.28525,0,0,OPEN,"2025-02-22 19:14:07",1,0,{},15,23,7,8,0,8,38,15,23,7,8,0,8,38
87,dublin,"COLLINS BARRACKS MUSEUM","Collins Barracks Museum",53.3475,-6.28525,0,0,OPEN,"2025-02-22 19:17:22",1,0,{},14,24,6,8,0,8,38,14,24,6,8,0,8,38
87,dublin,"COLLINS BARRACKS MUSEUM","Collins Barracks Museum",53.3475,-6.28525,0,0,OPEN,"2025-02-22 19:24:13",1,0,{},14,24,6,8,0,8,38,14,24,6,8,0,8,38
87,dublin,"COLLINS BARRACKS MUSEUM","Collins Barracks Museum",53.3475,-6.28525,0,0,OPEN,"2025-02-22 19:34:17",1,0,{},14,24,6,8,0,8,38,14,24,6,8,0,8,38
87,dublin,"COLLINS BARRACKS MUSEUM","Collins Barracks Museum",53.3475,-6.28525,0,0,OPEN,"2025-02-22 19:44:21",1,0,{},14,24,6,8,0,8,38,14,24,6,8,0,8,38
87,dublin,"COLLINS BARRACKS MUSEUM","Collins Barracks Museum",53.3475,-6.28525,0,0,OPEN,"2025-02-22 19:54:24",1,0,{},14,24,6,8,0,8,38,14,24,6,8,0,8,38
87,dublin,"COLLINS BARRACKS MUSEUM","Collins Barracks Museum",53.3475,-6.28525,0,0,OPEN,"2025-02-22 20:04:28",1,0,{},14,24,6,8,0,8,38,14,24,6,8,0,8,38
87,dublin,"COLLINS BARRACKS MUSEUM","Collins Barracks Museum",53.3475,-6.28525,0,0,OPEN,"2025-02-22 20:14:32",1,0,{},14,24,6,8,0,8,38,14,24,6,8,0,8,38
87,dublin,"COLLINS BARRACKS MUSEUM","Collins Barracks Museum",53.3475,-6.28525,0,0,OPEN,"2025-02-22 20:24:36",1,0,{},14,24,6,8,0,8,38,14,24,6,8,0,8,38
87,dublin,"COLLINS BARRACKS MUSEUM","Collins Barracks Museum",53.3475,-6.28525,0,0,OPEN,"2025-02-22 20:34:40",1,0,{},14,24,6,8,0,8,38,14,24,6,8,0,8,38
87,dublin,"COLLINS BARRACKS MUSEUM","Collins Barracks Museum",53.3475,-6.28525,0,0,OPEN,"2025-02-22 20:46:20",1,0,{},13,25,5,8,0,8,38,13,25,5,8,0,8,38
87,dublin,"COLLINS BARRACKS MUSEUM","Collins Barracks Museum",53.3475,-6.28525,0,0,OPEN,"2025-02-22 20:51:12",1,0,{},14,24,6,8,0,8,38,14,24,6,8,0,8,38
87,dublin,"COLLINS BARRACKS MUSEUM","Collins Barracks Museum",53.3475,-6.28525,0,0,OPEN,"2025-02-22 20:54:49",1,0,{},14,24,6,8,0,8,38,14,24,6,8,0,8,38
87,dublin,"COLLINS BARRACKS MUSEUM","Collins Barracks Museum",53.3475,-6.28525,0,0,OPEN,"2025-02-22 21:08:56",1,0,{},15,23,7,8,0,8,38,15,23,7,8,0,8,38
87,dublin,"COLLINS BARRACKS MUSEUM","Collins Barracks Museum",53.3475,-6.28525,0,0,OPEN,"2025-02-22 21:14:56",1,0,{},15,23,7,8,0,8,38,15,23,7,8,0,8,38
87,dublin,"COLLINS BARRACKS MUSEUM","Collins Barracks Museum",53.3475,-6.28525,0,0,OPEN,"2025-02-22 21:24:59",1,0,{},15,23,7,8,0,8,38,15,23,7,8,0,8,38
87,dublin,"COLLINS BARRACKS MUSEUM","Collins Barracks Museum",53.3475,-6.28525,0,0,OPEN,"2025-02-22 21:35:02",1,0,{},15,23,7,8,0,8,38,15,23,7,8,0,8,38
87,dublin,"COLLINS BARRACKS MUSEUM","Collins Barracks Museum",53.3475,-6.28525,0,0,OPEN,"2025-02-22 21:45:06",1,0,{},15,23,7,8,0,8,38,15,23,7,8,0,8,38
87,dublin,"COLLINS BARRACKS MUSEUM","Collins Barracks Museum",53.3475,-6.28525,0,0,OPEN,"2025-02-22 21:55:10",1,0,{},15,23,7,8,0,8,38,15,23,7,8,0,8,38
87,dublin,"COLLINS BARRACKS MUSEUM","Collins Barracks Museum",53.3475,-6.28525,0,0,OPEN,"2025-02-22 22:05:13",1,0,{},15,23,7,8,0,8,38,15,23,7,8,0,8,38
87,dublin,"COLLINS BARRACKS MUSEUM","Collins Barracks Museum",53.3475,-6.28525,0,0,OPEN,"2025-02-22 22:15:17",1,0,{},15,23,7,8,0,8,38,15,23,7,8,0,8,38
88,dublin,"BLACKHALL PLACE","Blackhall Place",53.3488,-6.28164,0,0,OPEN,"2025-02-22 02:58:23",1,0,{},29,1,17,12,0,12,30,29,1,17,12,0,12,30
88,dublin,"BLACKHALL PLACE","Blackhall Place",53.3488,-6.28164,0,0,OPEN,"2025-02-22 03:08:27",1,0,{},29,1,17,12,0,12,30,29,1,17,12,0,12,30
88,dublin,"BLACKHALL PLACE","Blackhall Place",53.3488,-6.28164,0,0,OPEN,"2025-02-22 10:12:32",1,0,{},26,4,13,13,0,13,30,26,4,13,13,0,13,30
88,dublin,"BLACKHALL PLACE","Blackhall Place",53.3488,-6.28164,0,0,OPEN,"2025-02-22 10:22:28",1,0,{},25,5,13,12,0,12,30,25,5,13,12,0,12,30
88,dublin,"BLACKHALL PLACE","Blackhall Place",53.3488,-6.28164,0,0,OPEN,"2025-02-22 10:24:26",1,0,{},26,4,14,12,0,12,30,26,4,14,12,0,12,30
88,dublin,"BLACKHALL PLACE","Blackhall Place",53.3488,-6.28164,0,0,OPEN,"2025-02-22 10:32:33",1,0,{},26,4,14,12,0,12,30,26,4,14,12,0,12,30
88,dublin,"BLACKHALL PLACE","Blackhall Place",53.3488,-6.28164,0,0,OPEN,"2025-02-22 10:42:38",1,0,{},26,4,14,12,0,12,30,26,4,14,12,0,12,30
88,dublin,"BLACKHALL PLACE","Blackhall Place",53.3488,-6.28164,0,0,OPEN,"2025-02-22 10:44:31",1,0,{},25,5,13,12,0,12,30,25,5,13,12,0,12,30
88,dublin,"BLACKHALL PLACE","Blackhall Place",53.3488,-6.28164,0,0,OPEN,"2025-02-22 10:52:46",1,0,{},25,5,13,12,0,12,30,25,5,13,12,0,12,30
88,dublin,"BLACKHALL PLACE","Blackhall Place",53.3488,-6.28164,0,0,OPEN,"2025-02-22 10:58:28",1,0,{},26,4,14,12,0,12,30,26,4,14,12,0,12,30
88,dublin,"BLACKHALL PLACE","Blackhall Place",53.3488,-6.28164,0,0,OPEN,"2025-02-22 11:02:52",1,0,{},26,4,14,12,0,12,30,26,4,14,12,0,12,30
88,dublin,"BLACKHALL PLACE","Blackhall Place",53.3488,-6.28164,0,0,OPEN,"2025-02-22 11:13:18",1,0,{},27,3,16,11,0,11,30,27,3,16,11,0,11,30
88,dublin,"BLACKHALL PLACE","Blackhall Place",53.3488,-6.28164,0,0,OPEN,"2025-02-22 11:14:34",1,0,{},27,3,16,11,0,11,30,27,3,16,11,0,11,30
88,dublin,"BLACKHALL PLACE","Blackhall Place",53.3488,-6.28164,0,0,OPEN,"2025-02-22 11:23:05",1,0,{},28,2,17,11,0,11,30,28,2,17,11,0,11,30
88,dublin,"BLACKHALL PLACE","Blackhall Place",53.3488,-6.28164,0,0,OPEN,"2025-02-22 11:25:47",1,0,{},29,1,17,12,0,12,30,29,1,17,12,0,12,30
88,dublin,"BLACKHALL PLACE","Blackhall Place",53.3488,-6.28164,0,0,OPEN,"2025-02-22 11:33:13",1,0,{},28,2,16,12,0,12,30,28,2,16,12,0,12,30
88,dublin,"BLACKHALL PLACE","Blackhall Place",53.3488,-6.28164,0,0,OPEN,"2025-02-22 11:36:35",1,0,{},27,3,16,11,0,11,30,27,3,16,11,0,11,30
88,dublin,"BLACKHALL PLACE","Blackhall Place",53.3488,-6.28164,0,0,OPEN,"2025-02-22 11:43:20",1,0,{},26,4,16,10,0,10,30,26,4,16,10,0,10,30
88,dublin,"BLACKHALL PLACE","Blackhall Place",53.3488,-6.28164,0,0,OPEN,"2025-02-22 11:53:25",1,0,{},26,4,16,10,0,10,30,26,4,16,10,0,10,30
88,dublin,"BLACKHALL PLACE","Blackhall Place",53.3488,-6.28164,0,0,OPEN,"2025-02-22 11:58:15",1,0,{},24,6,14,10,0,10,30,24,6,14,10,0,10,30
88,dublin,"BLACKHALL PLACE","Blackhall Place",53.3488,-6.28164,0,0,OPEN,"2025-02-22 12:02:34",1,0,{},25,5,15,10,0,10,30,25,5,15,10,0,10,30
88,dublin,"BLACKHALL PLACE","Blackhall Place",53.3488,-6.28164,0,0,OPEN,"2025-02-22 12:04:30",1,0,{},24,6,14,10,0,10,30,24,6,14,10,0,10,30
88,dublin,"BLACKHALL PLACE","Blackhall Place",53.3488,-6.28164,0,0,OPEN,"2025-02-22 12:13:42",1,0,{},24,6,14,10,0,10,30,24,6,14,10,0,10,30
88,dublin,"BLACKHALL PLACE","Blackhall Place",53.3488,-6.28164,0,0,OPEN,"2025-02-22 12:23:48",1,0,{},24,6,14,10,0,10,30,24,6,14,10,0,10,30
88,dublin,"BLACKHALL PLACE","Blackhall Place",53.3488,-6.28164,0,0,OPEN,"2025-02-22 12:38:01",1,0,{},24,6,14,10,0,10,30,24,6,14,10,0,10,30
88,dublin,"BLACKHALL PLACE","Blackhall Place",53.3488,-6.28164,0,0,OPEN,"2025-02-22 12:40:38",1,0,{},22,8,12,10,0,10,30,22,8,12,10,0,10,30
88,dublin,"BLACKHALL PLACE","Blackhall Place",53.3488,-6.28164,0,0,OPEN,"2025-02-22 12:44:02",1,0,{},22,8,12,10,0,10,30,22,8,12,10,0,10,30
88,dublin,"BLACKHALL PLACE","Blackhall Place",53.3488,-6.28164,0,0,OPEN,"2025-02-22 12:52:32",1,0,{},23,7,13,10,0,10,30,23,7,13,10,0,10,30
88,dublin,"BLACKHALL PLACE","Blackhall Place",53.3488,-6.28164,0,0,OPEN,"2025-02-22 12:54:07",1,0,{},23,7,13,10,0,10,30,23,7,13,10,0,10,30
88,dublin,"BLACKHALL PLACE","Blackhall Place",53.3488,-6.28164,0,0,OPEN,"2025-02-22 13:06:38",1,0,{},22,8,13,9,0,9,30,22,8,13,9,0,9,30
88,dublin,"BLACKHALL PLACE","Blackhall Place",53.3488,-6.28164,0,0,OPEN,"2025-02-22 13:17:34",1,0,{},21,9,12,9,0,9,30,21,9,12,9,0,9,30
88,dublin,"BLACKHALL PLACE","Blackhall Place",53.3488,-6.28164,0,0,OPEN,"2025-02-22 13:24:27",1,0,{},21,9,12,9,0,9,30,21,9,12,9,0,9,30
88,dublin,"BLACKHALL PLACE","Blackhall Place",53.3488,-6.28164,0,0,OPEN,"2025-02-22 13:37:55",1,0,{},22,8,12,10,0,10,30,22,8,12,10,0,10,30
88,dublin,"BLACKHALL PLACE","Blackhall Place",53.3488,-6.28164,0,0,OPEN,"2025-02-22 13:45:54",1,0,{},22,8,12,10,0,10,30,22,8,12,10,0,10,30
88,dublin,"BLACKHALL PLACE","Blackhall Place",53.3488,-6.28164,0,0,OPEN,"2025-02-22 13:54:45",1,0,{},22,8,12,10,0,10,30,22,8,12,10,0,10,30
88,dublin,"BLACKHALL PLACE","Blackhall Place",53.3488,-6.28164,0,0,OPEN,"2025-02-22 14:04:50",1,0,{},22,8,12,10,0,10,30,22,8,12,10,0,10,30
88,dublin,"BLACKHALL PLACE","Blackhall Place",53.3488,-6.28164,0,0,OPEN,"2025-02-22 14:13:25",1,0,{},23,7,12,11,0,11,30,23,7,12,11,0,11,30
88,dublin,"BLACKHALL PLACE","Blackhall Place",53.3488,-6.28164,0,0,OPEN,"2025-02-22 14:14:57",1,0,{},23,7,12,11,0,11,30,23,7,12,11,0,11,30
88,dublin,"BLACKHALL PLACE","Blackhall Place",53.3488,-6.28164,0,0,OPEN,"2025-02-22 14:22:45",1,0,{},22,8,11,11,0,11,30,22,8,11,11,0,11,30
88,dublin,"BLACKHALL PLACE","Blackhall Place",53.3488,-6.28164,0,0,OPEN,"2025-02-22 14:26:38",1,0,{},22,8,11,11,0,11,30,22,8,11,11,0,11,30
88,dublin,"BLACKHALL PLACE","Blackhall Place",53.3488,-6.28164,0,0,OPEN,"2025-02-22 14:35:11",1,0,{},22,8,11,11,0,11,30,22,8,11,11,0,11,30
88,dublin,"BLACKHALL PLACE","Blackhall Place",53.3488,-6.28164,0,0,OPEN,"2025-02-22 14:42:34",1,0,{},21,9,10,11,0,11,30,21,9,10,11,0,11,30
88,dublin,"BLACKHALL PLACE","Blackhall Place",53.3488,-6.28164,0,0,OPEN,"2025-02-22 14:45:18",1,0,{},21,9,10,11,0,11,30,21,9,10,11,0,11,30
88,dublin,"BLACKHALL PLACE","Blackhall Place",53.3488,-6.28164,0,0,OPEN,"2025-02-22 14:55:22",1,0,{},21,9,10,11,0,11,30,21,9,10,11,0,11,30
88,dublin,"BLACKHALL PLACE","Blackhall Place",53.3488,-6.28164,0,0,OPEN,"2025-02-22 15:05:28",1,0,{},21,9,10,11,0,11,30,21,9,10,11,0,11,30
88,dublin,"BLACKHALL PLACE","Blackhall Place",53.3488,-6.28164,0,0,OPEN,"2025-02-22 15:15:33",1,0,{},21,9,10,11,0,11,30,21,9,10,11,0,11,30
88,dublin,"BLACKHALL PLACE","Blackhall Place",53.3488,-6.28164,0,0,OPEN,"2025-02-22 15:18:39",1,0,{},20,10,9,11,0,11,30,20,10,9,11,0,11,30
88,dublin,"BLACKHALL PLACE","Blackhall Place",53.3488,-6.28164,0,0,OPEN,"2025-02-22 15:25:40",1,0,{},20,10,9,11,0,11,30,20,10,9,11,0,11,30
88,dublin,"BLACKHALL PLACE","Blackhall Place",53.3488,-6.28164,0,0,OPEN,"2025-02-22 15:35:46",1,0,{},20,10,9,11,0,11,30,20,10,9,11,0,11,30
88,dublin,"BLACKHALL PLACE","Blackhall Place",53.3488,-6.28164,0,0,OPEN,"2025-02-22 15:47:11",1,0,{},20,10,8,12,0,12,30,20,10,8,12,0,12,30
88,dublin,"BLACKHALL PLACE","Blackhall Place",53.3488,-6.28164,0,0,OPEN,"2025-02-22 15:55:58",1,0,{},20,10,8,12,0,12,30,20,10,8,12,0,12,30
88,dublin,"BLACKHALL PLACE","Blackhall Place",53.3488,-6.28164,0,0,OPEN,"2025-02-22 16:06:04",1,0,{},20,10,8,12,0,12,30,20,10,8,12,0,12,30
88,dublin,"BLACKHALL PLACE","Blackhall Place",53.3488,-6.28164,0,0,OPEN,"2025-02-22 16:16:09",1,0,{},20,10,8,12,0,12,30,20,10,8,12,0,12,30
88,dublin,"BLACKHALL PLACE","Blackhall Place",53.3488,-6.28164,0,0,OPEN,"2025-02-22 16:26:15",1,0,{},20,10,8,12,0,12,30,20,10,8,12,0,12,30
88,dublin,"BLACKHALL PLACE","Blackhall Place",53.3488,-6.28164,0,0,OPEN,"2025-02-22 16:30:34",1,0,{},21,9,9,12,0,12,30,21,9,9,12,0,12,30
88,dublin,"BLACKHALL PLACE","Blackhall Place",53.3488,-6.28164,0,0,OPEN,"2025-02-22 16:36:22",1,0,{},21,9,9,12,0,12,30,21,9,9,12,0,12,30
88,dublin,"BLACKHALL PLACE","Blackhall Place",53.3488,-6.28164,0,0,OPEN,"2025-02-22 16:46:27",1,0,{},21,9,9,12,0,12,30,21,9,9,12,0,12,30
88,dublin,"BLACKHALL PLACE","Blackhall Place",53.3488,-6.28164,0,0,OPEN,"2025-02-22 16:56:33",1,0,{},21,9,9,12,0,12,30,21,9,9,12,0,12,30
88,dublin,"BLACKHALL PLACE","Blackhall Place",53.3488,-6.28164,0,0,OPEN,"2025-02-22 17:06:55",1,0,{},22,8,10,12,0,12,30,22,8,10,12,0,12,30
88,dublin,"BLACKHALL PLACE","Blackhall Place",53.3488,-6.28164,0,0,OPEN,"2025-02-22 17:16:44",1,0,{},22,8,10,12,0,12,30,22,8,10,12,0,12,30
88,dublin,"BLACKHALL PLACE","Blackhall Place",53.3488,-6.28164,0,0,OPEN,"2025-02-22 17:23:21",1,0,{},22,8,9,13,0,13,30,22,8,9,13,0,13,30
88,dublin,"BLACKHALL PLACE","Blackhall Place",53.3488,-6.28164,0,0,OPEN,"2025-02-22 17:26:52",1,0,{},23,7,10,13,0,13,30,23,7,10,13,0,13,30
88,dublin,"BLACKHALL PLACE","Blackhall Place",53.3488,-6.28164,0,0,OPEN,"2025-02-22 17:36:57",1,0,{},23,7,10,13,0,13,30,23,7,10,13,0,13,30
88,dublin,"BLACKHALL PLACE","Blackhall Place",53.3488,-6.28164,0,0,OPEN,"2025-02-22 17:47:02",1,0,{},23,7,10,13,0,13,30,23,7,10,13,0,13,30
88,dublin,"BLACKHALL PLACE","Blackhall Place",53.3488,-6.28164,0,0,OPEN,"2025-02-22 17:57:08",1,0,{},23,7,10,13,0,13,30,23,7,10,13,0,13,30
88,dublin,"BLACKHALL PLACE","Blackhall Place",53.3488,-6.28164,0,0,OPEN,"2025-02-22 18:07:45",1,0,{},22,8,9,13,0,13,30,22,8,9,13,0,13,30
88,dublin,"BLACKHALL PLACE","Blackhall Place",53.3488,-6.28164,0,0,OPEN,"2025-02-22 18:17:21",1,0,{},22,8,9,13,0,13,30,22,8,9,13,0,13,30
88,dublin,"BLACKHALL PLACE","Blackhall Place",53.3488,-6.28164,0,0,OPEN,"2025-02-22 18:20:09",1,0,{},21,9,9,12,0,12,30,21,9,9,12,0,12,30
88,dublin,"BLACKHALL PLACE","Blackhall Place",53.3488,-6.28164,0,0,OPEN,"2025-02-22 18:27:29",1,0,{},22,8,10,12,0,12,30,22,8,10,12,0,12,30
88,dublin,"BLACKHALL PLACE","Blackhall Place",53.3488,-6.28164,0,0,OPEN,"2025-02-22 18:37:34",1,0,{},22,8,10,12,0,12,30,22,8,10,12,0,12,30
88,dublin,"BLACKHALL PLACE","Blackhall Place",53.3488,-6.28164,0,0,OPEN,"2025-02-22 18:47:39",1,0,{},22,8,10,12,0,12,30,22,8,10,12,0,12,30
88,dublin,"BLACKHALL PLACE","Blackhall Place",53.3488,-6.28164,0,0,OPEN,"2025-02-22 18:57:45",1,0,{},22,8,10,12,0,12,30,22,8,10,12,0,12,30
88,dublin,"BLACKHALL PLACE","Blackhall Place",53.3488,-6.28164,0,0,OPEN,"2025-02-22 19:00:40",1,0,{},23,7,11,12,0,12,30,23,7,11,12,0,12,30
88,dublin,"BLACKHALL PLACE","Blackhall Place",53.3488,-6.28164,0,0,OPEN,"2025-02-22 19:07:51",1,0,{},23,7,11,12,0,12,30,23,7,11,12,0,12,30
88,dublin,"BLACKHALL PLACE","Blackhall Place",53.3488,-6.28164,0,0,OPEN,"2025-02-22 19:17:56",1,0,{},23,7,11,12,0,12,30,23,7,11,12,0,12,30
88,dublin,"BLACKHALL PLACE","Blackhall Place",53.3488,-6.28164,0,0,OPEN,"2025-02-22 19:28:01",1,0,{},23,7,11,12,0,12,30,23,7,11,12,0,12,30
88,dublin,"BLACKHALL PLACE","Blackhall Place",53.3488,-6.28164,0,0,OPEN,"2025-02-22 19:38:07",1,0,{},23,7,11,12,0,12,30,23,7,11,12,0,12,30
88,dublin,"BLACKHALL PLACE","Blackhall Place",53.3488,-6.28164,0,0,OPEN,"2025-02-22 19:48:12",1,0,{},23,7,11,12,0,12,30,23,7,11,12,0,12,30
88,dublin,"BLACKHALL PLACE","Blackhall Place",53.3488,-6.28164,0,0,OPEN,"2025-02-22 19:58:18",1,0,{},23,7,11,12,0,12,30,23,7,11,12,0,12,30
88,dublin,"BLACKHALL PLACE","Blackhall Place",53.3488,-6.28164,0,0,OPEN,"2025-02-22 20:08:23",1,0,{},23,7,11,12,0,12,30,23,7,11,12,0,12,30
88,dublin,"BLACKHALL PLACE","Blackhall Place",53.3488,-6.28164,0,0,OPEN,"2025-02-22 20:18:28",1,0,{},23,7,11,12,0,12,30,23,7,11,12,0,12,30
88,dublin,"BLACKHALL PLACE","Blackhall Place",53.3488,-6.28164,0,0,OPEN,"2025-02-22 20:29:26",1,0,{},25,5,13,12,0,12,30,25,5,13,12,0,12,30
88,dublin,"BLACKHALL PLACE","Blackhall Place",53.3488,-6.28164,0,0,OPEN,"2025-02-22 20:38:42",1,0,{},26,4,14,12,0,12,30,26,4,14,12,0,12,30
88,dublin,"BLACKHALL PLACE","Blackhall Place",53.3488,-6.28164,0,0,OPEN,"2025-02-22 20:39:55",1,0,{},27,3,15,12,0,12,30,27,3,15,12,0,12,30
88,dublin,"BLACKHALL PLACE","Blackhall Place",53.3488,-6.28164,0,0,OPEN,"2025-02-22 20:48:48",1,0,{},27,3,15,12,0,12,30,27,3,15,12,0,12,30
88,dublin,"BLACKHALL PLACE","Blackhall Place",53.3488,-6.28164,0,0,OPEN,"2025-02-22 20:58:53",1,0,{},27,3,15,12,0,12,30,27,3,15,12,0,12,30
88,dublin,"BLACKHALL PLACE","Blackhall Place",53.3488,-6.28164,0,0,OPEN,"2025-02-22 21:08:58",1,0,{},27,3,15,12,0,12,30,27,3,15,12,0,12,30
88,dublin,"BLACKHALL PLACE","Blackhall Place",53.3488,-6.28164,0,0,OPEN,"2025-02-22 21:19:03",1,0,{},27,3,15,12,0,12,30,27,3,15,12,0,12,30
88,dublin,"BLACKHALL PLACE","Blackhall Place",53.3488,-6.28164,0,0,OPEN,"2025-02-22 21:29:08",1,0,{},27,3,15,12,0,12,30,27,3,15,12,0,12,30
88,dublin,"BLACKHALL PLACE","Blackhall Place",53.3488,-6.28164,0,0,OPEN,"2025-02-22 21:39:13",1,0,{},27,3,15,12,0,12,30,27,3,15,12,0,12,30
88,dublin,"BLACKHALL PLACE","Blackhall Place",53.3488,-6.28164,0,0,OPEN,"2025-02-22 21:49:18",1,0,{},27,3,15,12,0,12,30,27,3,15,12,0,12,30
88,dublin,"BLACKHALL PLACE","Blackhall Place",53.3488,-6.28164,0,0,OPEN,"2025-02-22 21:59:25",1,0,{},27,3,16,11,0,11,30,27,3,16,11,0,11,30
88,dublin,"BLACKHALL PLACE","Blackhall Place",53.3488,-6.28164,0,0,OPEN,"2025-02-22 22:02:15",1,0,{},27,3,16,11,0,11,30,27,3,16,11,0,11,30
88,dublin,"BLACKHALL PLACE","Blackhall Place",53.3488,-6.28164,0,0,OPEN,"2025-02-22 22:09:31",1,0,{},27,3,16,11,0,11,30,27,3,16,11,0,11,30
89,dublin,"FITZWILLIAM SQUARE EAST","Fitzwilliam Square East",53.3352,-6.2509,0,0,OPEN,"2025-02-22 02:57:20",1,0,{},0,40,0,0,0,0,40,0,40,0,0,0,0,40
89,dublin,"FITZWILLIAM SQUARE EAST","Fitzwilliam Square East",53.3352,-6.2509,0,0,OPEN,"2025-02-22 03:07:23",1,0,{},0,40,0,0,0,0,40,0,40,0,0,0,0,40
89,dublin,"FITZWILLIAM SQUARE EAST","Fitzwilliam Square East",53.3352,-6.2509,0,0,OPEN,"2025-02-22 10:12:05",1,0,{},2,38,1,1,0,1,40,2,38,1,1,0,1,40
89,dublin,"FITZWILLIAM SQUARE EAST","Fitzwilliam Square East",53.3352,-6.2509,0,0,OPEN,"2025-02-22 10:16:50",1,0,{},3,37,2,1,0,1,40,3,37,2,1,0,1,40
89,dublin,"FITZWILLIAM SQUARE EAST","Fitzwilliam Square East",53.3352,-6.2509,0,0,OPEN,"2025-02-22 10:22:11",1,0,{},3,37,2,1,0,1,40,3,37,2,1,0,1,40
89,dublin,"FITZWILLIAM SQUARE EAST","Fitzwilliam Square East",53.3352,-6.2509,0,0,OPEN,"2025-02-22 10:32:16",1,0,{},3,37,2,1,0,1,40,3,37,2,1,0,1,40
89,dublin,"FITZWILLIAM SQUARE EAST","Fitzwilliam Square East",53.3352,-6.2509,0,0,OPEN,"2025-02-22 10:42:21",1,0,{},3,37,2,1,0,1,40,3,37,2,1,0,1,40
89,dublin,"FITZWILLIAM SQUARE EAST","Fitzwilliam Square East",53.3352,-6.2509,0,0,OPEN,"2025-02-22 10:52:26",1,0,{},4,36,3,1,0,1,40,4,36,3,1,0,1,40
89,dublin,"FITZWILLIAM SQUARE EAST","Fitzwilliam Square East",53.3352,-6.2509,0,0,OPEN,"2025-02-22 11:02:32",1,0,{},4,36,3,1,0,1,40,4,36,3,1,0,1,40
89,dublin,"FITZWILLIAM SQUARE EAST","Fitzwilliam Square East",53.3352,-6.2509,0,0,OPEN,"2025-02-22 11:12:37",1,0,{},4,36,3,1,0,1,40,4,36,3,1,0,1,40
89,dublin,"FITZWILLIAM SQUARE EAST","Fitzwilliam Square East",53.3352,-6.2509,0,0,OPEN,"2025-02-22 11:22:43",1,0,{},4,36,3,1,0,1,40,4,36,3,1,0,1,40
89,dublin,"FITZWILLIAM SQUARE EAST","Fitzwilliam Square East",53.3352,-6.2509,0,0,OPEN,"2025-02-22 11:25:58",1,0,{},4,36,3,1,0,1,40,4,36,3,1,0,1,40
89,dublin,"FITZWILLIAM SQUARE EAST","Fitzwilliam Square East",53.3352,-6.2509,0,0,OPEN,"2025-02-22 11:33:21",1,0,{},3,37,2,1,0,1,40,3,37,2,1,0,1,40
89,dublin,"FITZWILLIAM SQUARE EAST","Fitzwilliam Square East",53.3352,-6.2509,0,0,OPEN,"2025-02-22 11:42:58",1,0,{},3,37,2,1,0,1,40,3,37,2,1,0,1,40
89,dublin,"FITZWILLIAM SQUARE EAST","Fitzwilliam Square East",53.3352,-6.2509,0,0,OPEN,"2025-02-22 11:53:03",1,0,{},3,37,2,1,0,1,40,3,37,2,1,0,1,40
89,dublin,"FITZWILLIAM SQUARE EAST","Fitzwilliam Square East",53.3352,-6.2509,0,0,OPEN,"2025-02-22 12:03:08",1,0,{},3,37,2,1,0,1,40,3,37,2,1,0,1,40
89,dublin,"FITZWILLIAM SQUARE EAST","Fitzwilliam Square East",53.3352,-6.2509,0,0,OPEN,"2025-02-22 12:13:14",1,0,{},3,37,2,1,0,1,40,3,37,2,1,0,1,40
89,dublin,"FITZWILLIAM SQUARE EAST","Fitzwilliam Square East",53.3352,-6.2509,0,0,OPEN,"2025-02-22 12:23:23",1,0,{},6,34,4,2,0,2,40,6,34,4,2,0,2,40
89,dublin,"FITZWILLIAM SQUARE EAST","Fitzwilliam Square East",53.3352,-6.2509,0,0,OPEN,"2025-02-22 12:33:28",1,0,{},6,34,4,2,0,2,40,6,34,4,2,0,2,40
89,dublin,"FITZWILLIAM SQUARE EAST","Fitzwilliam Square East",53.3352,-6.2509,0,0,OPEN,"2025-02-22 12:43:33",1,0,{},6,34,4,2,0,2,40,6,34,4,2,0,2,40
89,dublin,"FITZWILLIAM SQUARE EAST","Fitzwilliam Square East",53.3352,-6.2509,0,0,OPEN,"2025-02-22 12:53:38",1,0,{},6,34,4,2,0,2,40,6,34,4,2,0,2,40
89,dublin,"FITZWILLIAM SQUARE EAST","Fitzwilliam Square East",53.3352,-6.2509,0,0,OPEN,"2025-02-22 13:03:44",1,0,{},6,34,4,2,0,2,40,6,34,4,2,0,2,40
89,dublin,"FITZWILLIAM SQUARE EAST","Fitzwilliam Square East",53.3352,-6.2509,0,0,OPEN,"2025-02-22 13:13:49",1,0,{},6,34,4,2,0,2,40,6,34,4,2,0,2,40
89,dublin,"FITZWILLIAM SQUARE EAST","Fitzwilliam Square East",53.3352,-6.2509,0,0,OPEN,"2025-02-22 13:23:26",1,0,{},6,34,4,2,0,2,40,6,34,4,2,0,2,40
89,dublin,"FITZWILLIAM SQUARE EAST","Fitzwilliam Square East",53.3352,-6.2509,0,0,OPEN,"2025-02-22 13:23:55",1,0,{},6,34,4,2,0,2,40,6,34,4,2,0,2,40
89,dublin,"FITZWILLIAM SQUARE EAST","Fitzwilliam Square East",53.3352,-6.2509,0,0,OPEN,"2025-02-22 13:30:09",1,0,{},5,35,4,1,0,1,40,5,35,4,1,0,1,40
89,dublin,"FITZWILLIAM SQUARE EAST","Fitzwilliam Square East",53.3352,-6.2509,0,0,OPEN,"2025-02-22 13:34:02",1,0,{},5,35,4,1,0,1,40,5,35,4,1,0,1,40
89,dublin,"FITZWILLIAM SQUARE EAST","Fitzwilliam Square East",53.3352,-6.2509,0,0,OPEN,"2025-02-22 13:38:54",1,0,{},6,34,5,1,0,1,40,6,34,5,1,0,1,40
89,dublin,"FITZWILLIAM SQUARE EAST","Fitzwilliam Square East",53.3352,-6.2509,0,0,OPEN,"2025-02-22 13:44:08",1,0,{},6,34,5,1,0,1,40,6,34,5,1,0,1,40
89,dublin,"FITZWILLIAM SQUARE EAST","Fitzwilliam Square East",53.3352,-6.2509,0,0,OPEN,"2025-02-22 13:54:14",1,0,{},6,34,5,1,0,1,40,6,34,5,1,0,1,40
89,dublin,"FITZWILLIAM SQUARE EAST","Fitzwilliam Square East",53.3352,-6.2509,0,0,OPEN,"2025-02-22 14:04:19",1,0,{},6,34,5,1,0,1,40,6,34,5,1,0,1,40
89,dublin,"FITZWILLIAM SQUARE EAST","Fitzwilliam Square East",53.3352,-6.2509,0,0,OPEN,"2025-02-22 14:14:25",1,0,{},6,34,5,1,0,1,40,6,34,5,1,0,1,40
89,dublin,"FITZWILLIAM SQUARE EAST","Fitzwilliam Square East",53.3352,-6.2509,0,0,OPEN,"2025-02-22 14:24:31",1,0,{},6,34,5,1,0,1,40,6,34,5,1,0,1,40
89,dublin,"FITZWILLIAM SQUARE EAST","Fitzwilliam Square East",53.3352,-6.2509,0,0,OPEN,"2025-02-22 14:35:42",1,0,{},5,35,4,1,0,1,40,5,35,4,1,0,1,40
89,dublin,"FITZWILLIAM SQUARE EAST","Fitzwilliam Square East",53.3352,-6.2509,0,0,OPEN,"2025-02-22 14:44:43",1,0,{},5,35,4,1,0,1,40,5,35,4,1,0,1,40
89,dublin,"FITZWILLIAM SQUARE EAST","Fitzwilliam Square East",53.3352,-6.2509,0,0,OPEN,"2025-02-22 14:54:48",1,0,{},5,35,4,1,0,1,40,5,35,4,1,0,1,40
89,dublin,"FITZWILLIAM SQUARE EAST","Fitzwilliam Square East",53.3352,-6.2509,0,0,OPEN,"2025-02-22 15:04:53",1,0,{},5,35,4,1,0,1,40,5,35,4,1,0,1,40
89,dublin,"FITZWILLIAM SQUARE EAST","Fitzwilliam Square East",53.3352,-6.2509,0,0,OPEN,"2025-02-22 15:13:13",1,0,{},4,36,3,1,0,1,40,4,36,3,1,0,1,40
89,dublin,"FITZWILLIAM SQUARE EAST","Fitzwilliam Square East",53.3352,-6.2509,0,0,OPEN,"2025-02-22 15:15:01",1,0,{},4,36,3,1,0,1,40,4,36,3,1,0,1,40
89,dublin,"FITZWILLIAM SQUARE EAST","Fitzwilliam Square East",53.3352,-6.2509,0,0,OPEN,"2025-02-22 15:25:06",1,0,{},4,36,3,1,0,1,40,4,36,3,1,0,1,40
89,dublin,"FITZWILLIAM SQUARE EAST","Fitzwilliam Square East",53.3352,-6.2509,0,0,OPEN,"2025-02-22 15:35:12",1,0,{},4,36,3,1,0,1,40,4,36,3,1,0,1,40
89,dublin,"FITZWILLIAM SQUARE EAST","Fitzwilliam Square East",53.3352,-6.2509,0,0,OPEN,"2025-02-22 15:45:17",1,0,{},4,36,3,1,0,1,40,4,36,3,1,0,1,40
89,dublin,"FITZWILLIAM SQUARE EAST","Fitzwilliam Square East",53.3352,-6.2509,0,0,OPEN,"2025-02-22 15:55:23",1,0,{},4,36,3,1,0,1,40,4,36,3,1,0,1,40
89,dublin,"FITZWILLIAM SQUARE EAST","Fitzwilliam Square East",53.3352,-6.2509,0,0,OPEN,"2025-02-22 16:05:28",1,0,{},4,36,3,1,0,1,40,4,36,3,1,0,1,40
89,dublin,"FITZWILLIAM SQUARE EAST","Fitzwilliam Square East",53.3352,-6.2509,0,0,OPEN,"2025-02-22 16:15:34",1,0,{},4,36,3,1,0,1,40,4,36,3,1,0,1,40
89,dublin,"FITZWILLIAM SQUARE EAST","Fitzwilliam Square East",53.3352,-6.2509,0,0,OPEN,"2025-02-22 16:25:39",1,0,{},4,36,3,1,0,1,40,4,36,3,1,0,1,40
89,dublin,"FITZWILLIAM SQUARE EAST","Fitzwilliam Square East",53.3352,-6.2509,0,0,OPEN,"2025-02-22 16:35:44",1,0,{},4,36,3,1,0,1,40,4,36,3,1,0,1,40
89,dublin,"FITZWILLIAM SQUARE EAST","Fitzwilliam Square East",53.3352,-6.2509,0,0,OPEN,"2025-02-22 16:45:49",1,0,{},4,36,3,1,0,1,40,4,36,3,1,0,1,40
89,dublin,"FITZWILLIAM SQUARE EAST","Fitzwilliam Square East",53.3352,-6.2509,0,0,OPEN,"2025-02-22 16:55:54",1,0,{},4,36,3,1,0,1,40,4,36,3,1,0,1,40
89,dublin,"FITZWILLIAM SQUARE EAST","Fitzwilliam Square East",53.3352,-6.2509,0,0,OPEN,"2025-02-22 17:06:00",1,0,{},4,36,3,1,0,1,40,4,36,3,1,0,1,40
89,dublin,"FITZWILLIAM SQUARE EAST","Fitzwilliam Square East",53.3352,-6.2509,0,0,OPEN,"2025-02-22 17:17:10",1,0,{},5,35,4,1,0,1,40,5,35,4,1,0,1,40
89,dublin,"FITZWILLIAM SQUARE EAST","Fitzwilliam Square East",53.3352,-6.2509,0,0,OPEN,"2025-02-22 17:26:11",1,0,{},5,35,4,1,0,1,40,5,35,4,1,0,1,40
89,dublin,"FITZWILLIAM SQUARE EAST","Fitzwilliam Square East",53.3352,-6.2509,0,0,OPEN,"2025-02-22 17:36:16",1,0,{},5,35,4,1,0,1,40,5,35,4,1,0,1,40
89,dublin,"FITZWILLIAM SQUARE EAST","Fitzwilliam Square East",53.3352,-6.2509,0,0,OPEN,"2025-02-22 17:46:22",1,0,{},5,35,4,1,0,1,40,5,35,4,1,0,1,40
89,dublin,"FITZWILLIAM SQUARE EAST","Fitzwilliam Square East",53.3352,-6.2509,0,0,OPEN,"2025-02-22 17:56:27",1,0,{},5,35,4,1,0,1,40,5,35,4,1,0,1,40
89,dublin,"FITZWILLIAM SQUARE EAST","Fitzwilliam Square East",53.3352,-6.2509,0,0,OPEN,"2025-02-22 18:06:32",1,0,{},5,35,4,1,0,1,40,5,35,4,1,0,1,40
89,dublin,"FITZWILLIAM SQUARE EAST","Fitzwilliam Square East",53.3352,-6.2509,0,0,OPEN,"2025-02-22 18:16:38",1,0,{},5,35,4,1,0,1,40,5,35,4,1,0,1,40
89,dublin,"FITZWILLIAM SQUARE EAST","Fitzwilliam Square East",53.3352,-6.2509,0,0,OPEN,"2025-02-22 18:26:43",1,0,{},5,35,4,1,0,1,40,5,35,4,1,0,1,40
89,dublin,"FITZWILLIAM SQUARE EAST","Fitzwilliam Square East",53.3352,-6.2509,0,0,OPEN,"2025-02-22 18:36:49",1,0,{},5,35,4,1,0,1,40,5,35,4,1,0,1,40
89,dublin,"FITZWILLIAM SQUARE EAST","Fitzwilliam Square East",53.3352,-6.2509,0,0,OPEN,"2025-02-22 18:46:54",1,0,{},5,35,4,1,0,1,40,5,35,4,1,0,1,40
89,dublin,"FITZWILLIAM SQUARE EAST","Fitzwilliam Square East",53.3352,-6.2509,0,0,OPEN,"2025-02-22 18:56:59",1,0,{},5,35,4,1,0,1,40,5,35,4,1,0,1,40
89,dublin,"FITZWILLIAM SQUARE EAST","Fitzwilliam Square East",53.3352,-6.2509,0,0,OPEN,"2025-02-22 19:07:05",1,0,{},5,35,4,1,0,1,40,5,35,4,1,0,1,40
89,dublin,"FITZWILLIAM SQUARE EAST","Fitzwilliam Square East",53.3352,-6.2509,0,0,OPEN,"2025-02-22 19:17:10",1,0,{},5,35,4,1,0,1,40,5,35,4,1,0,1,40
89,dublin,"FITZWILLIAM SQUARE EAST","Fitzwilliam Square East",53.3352,-6.2509,0,0,OPEN,"2025-02-22 19:27:15",1,0,{},5,35,4,1,0,1,40,5,35,4,1,0,1,40
89,dublin,"FITZWILLIAM SQUARE EAST","Fitzwilliam Square East",53.3352,-6.2509,0,0,OPEN,"2025-02-22 19:37:20",1,0,{},5,35,4,1,0,1,40,5,35,4,1,0,1,40
89,dublin,"FITZWILLIAM SQUARE EAST","Fitzwilliam Square East",53.3352,-6.2509,0,0,OPEN,"2025-02-22 19:47:25",1,0,{},5,35,4,1,0,1,40,5,35,4,1,0,1,40
89,dublin,"FITZWILLIAM SQUARE EAST","Fitzwilliam Square East",53.3352,-6.2509,0,0,OPEN,"2025-02-22 19:57:31",1,0,{},5,35,4,1,0,1,40,5,35,4,1,0,1,40
89,dublin,"FITZWILLIAM SQUARE EAST","Fitzwilliam Square East",53.3352,-6.2509,0,0,OPEN,"2025-02-22 20:07:36",1,0,{},5,35,4,1,0,1,40,5,35,4,1,0,1,40
89,dublin,"FITZWILLIAM SQUARE EAST","Fitzwilliam Square East",53.3352,-6.2509,0,0,OPEN,"2025-02-22 20:09:53",1,0,{},4,36,3,1,0,1,40,4,36,3,1,0,1,40
89,dublin,"FITZWILLIAM SQUARE EAST","Fitzwilliam Square East",53.3352,-6.2509,0,0,OPEN,"2025-02-22 20:17:43",1,0,{},4,36,3,1,0,1,40,4,36,3,1,0,1,40
89,dublin,"FITZWILLIAM SQUARE EAST","Fitzwilliam Square East",53.3352,-6.2509,0,0,OPEN,"2025-02-22 20:27:49",1,0,{},4,36,3,1,0,1,40,4,36,3,1,0,1,40
89,dublin,"FITZWILLIAM SQUARE EAST","Fitzwilliam Square East",53.3352,-6.2509,0,0,OPEN,"2025-02-22 20:37:54",1,0,{},4,36,3,1,0,1,40,4,36,3,1,0,1,40
89,dublin,"FITZWILLIAM SQUARE EAST","Fitzwilliam Square East",53.3352,-6.2509,0,0,OPEN,"2025-02-22 20:47:59",1,0,{},4,36,3,1,0,1,40,4,36,3,1,0,1,40
89,dublin,"FITZWILLIAM SQUARE EAST","Fitzwilliam Square East",53.3352,-6.2509,0,0,OPEN,"2025-02-22 20:58:05",1,0,{},4,36,3,1,0,1,40,4,36,3,1,0,1,40
89,dublin,"FITZWILLIAM SQUARE EAST","Fitzwilliam Square East",53.3352,-6.2509,0,0,OPEN,"2025-02-22 21:08:10",1,0,{},4,36,3,1,0,1,40,4,36,3,1,0,1,40
89,dublin,"FITZWILLIAM SQUARE EAST","Fitzwilliam Square East",53.3352,-6.2509,0,0,OPEN,"2025-02-22 21:18:15",1,0,{},4,36,3,1,0,1,40,4,36,3,1,0,1,40
89,dublin,"FITZWILLIAM SQUARE EAST","Fitzwilliam Square East",53.3352,-6.2509,0,0,OPEN,"2025-02-22 21:28:20",1,0,{},4,36,3,1,0,1,40,4,36,3,1,0,1,40
89,dublin,"FITZWILLIAM SQUARE EAST","Fitzwilliam Square East",53.3352,-6.2509,0,0,OPEN,"2025-02-22 21:38:25",1,0,{},4,36,3,1,0,1,40,4,36,3,1,0,1,40
89,dublin,"FITZWILLIAM SQUARE EAST","Fitzwilliam Square East",53.3352,-6.2509,0,0,OPEN,"2025-02-22 21:41:23",1,0,{},4,36,3,1,0,1,40,4,36,3,1,0,1,40
89,dublin,"FITZWILLIAM SQUARE EAST","Fitzwilliam Square East",53.3352,-6.2509,0,0,OPEN,"2025-02-22 21:48:32",1,0,{},3,37,2,1,0,1,40,3,37,2,1,0,1,40
89,dublin,"FITZWILLIAM SQUARE EAST","Fitzwilliam Square East",53.3352,-6.2509,0,0,OPEN,"2025-02-22 21:58:37",1,0,{},3,37,2,1,0,1,40,3,37,2,1,0,1,40
89,dublin,"FITZWILLIAM SQUARE EAST","Fitzwilliam Square East",53.3352,-6.2509,0,0,OPEN,"2025-02-22 22:08:43",1,0,{},3,37,2,1,0,1,40,3,37,2,1,0,1,40
90,dublin,"BENSON STREET","Benson Street",53.3442,-6.23345,0,0,OPEN,"2025-02-22 03:00:00",1,0,{},5,35,2,3,0,3,40,5,35,2,3,0,3,40
90,dublin,"BENSON STREET","Benson Street",53.3442,-6.23345,0,0,OPEN,"2025-02-22 03:10:03",1,0,{},5,35,2,3,0,3,40,5,35,2,3,0,3,40
90,dublin,"BENSON STREET","Benson Street",53.3442,-6.23345,0,0,OPEN,"2025-02-22 10:04:06",1,0,{},4,36,2,2,0,2,40,4,36,2,2,0,2,40
90,dublin,"BENSON STREET","Benson Street",53.3442,-6.23345,0,0,OPEN,"2025-02-22 10:14:11",1,0,{},4,36,2,2,0,2,40,4,36,2,2,0,2,40
90,dublin,"BENSON STREET","Benson Street",53.3442,-6.23345,0,0,OPEN,"2025-02-22 10:24:17",1,0,{},4,36,2,2,0,2,40,4,36,2,2,0,2,40
90,dublin,"BENSON STREET","Benson Street",53.3442,-6.23345,0,0,OPEN,"2025-02-22 10:34:22",1,0,{},4,36,2,2,0,2,40,4,36,2,2,0,2,40
90,dublin,"BENSON STREET","Benson Street",53.3442,-6.23345,0,0,OPEN,"2025-02-22 10:44:27",1,0,{},4,36,2,2,0,2,40,4,36,2,2,0,2,40
90,dublin,"BENSON STREET","Benson Street",53.3442,-6.23345,0,0,OPEN,"2025-02-22 10:54:35",1,0,{},3,37,2,1,0,1,40,3,37,2,1,0,1,40
90,dublin,"BENSON STREET","Benson Street",53.3442,-6.23345,0,0,OPEN,"2025-02-22 11:04:40",1,0,{},3,37,2,1,0,1,40,3,37,2,1,0,1,40
90,dublin,"BENSON STREET","Benson Street",53.3442,-6.23345,0,0,OPEN,"2025-02-22 11:14:46",1,0,{},3,37,2,1,0,1,40,3,37,2,1,0,1,40
90,dublin,"BENSON STREET","Benson Street",53.3442,-6.23345,0,0,OPEN,"2025-02-22 11:24:51",1,0,{},3,37,2,1,0,1,40,3,37,2,1,0,1,40
90,dublin,"BENSON STREET","Benson Street",53.3442,-6.23345,0,0,OPEN,"2025-02-22 11:34:56",1,0,{},3,37,2,1,0,1,40,3,37,2,1,0,1,40
90,dublin,"BENSON STREET","Benson Street",53.3442,-6.23345,0,0,OPEN,"2025-02-22 11:42:38",1,0,{},1,39,0,1,0,1,40,1,39,0,1,0,1,40
90,dublin,"BENSON STREET","Benson Street",53.3442,-6.23345,0,0,OPEN,"2025-02-22 11:45:05",1,0,{},1,39,0,1,0,1,40,1,39,0,1,0,1,40
90,dublin,"BENSON STREET","Benson Street",53.3442,-6.23345,0,0,OPEN,"2025-02-22 11:57:00",1,0,{},2,38,0,2,0,2,40,2,38,0,2,0,2,40
90,dublin,"BENSON STREET","Benson Street",53.3442,-6.23345,0,0,OPEN,"2025-02-22 12:07:26",1,0,{},3,37,1,2,0,2,40,3,37,1,2,0,2,40
90,dublin,"BENSON STREET","Benson Street",53.3442,-6.23345,0,0,OPEN,"2025-02-22 12:16:41",1,0,{},2,38,0,2,0,2,40,2,38,0,2,0,2,40
90,dublin,"BENSON STREET","Benson Street",53.3442,-6.23345,0,0,OPEN,"2025-02-22 12:25:33",1,0,{},2,38,0,2,0,2,40,2,38,0,2,0,2,40
90,dublin,"BENSON STREET","Benson Street",53.3442,-6.23345,0,0,OPEN,"2025-02-22 12:32:28",1,0,{},3,37,1,2,0,2,40,3,37,1,2,0,2,40
90,dublin,"BENSON STREET","Benson Street",53.3442,-6.23345,0,0,OPEN,"2025-02-22 12:37:41",1,0,{},2,38,0,2,0,2,40,2,38,0,2,0,2,40
90,dublin,"BENSON STREET","Benson Street",53.3442,-6.23345,0,0,OPEN,"2025-02-22 12:46:32",1,0,{},1,39,0,1,0,1,40,1,39,0,1,0,1,40
90,dublin,"BENSON STREET","Benson Street",53.3442,-6.23345,0,0,OPEN,"2025-02-22 12:55:52",1,0,{},1,39,0,1,0,1,40,1,39,0,1,0,1,40
90,dublin,"BENSON STREET","Benson Street",53.3442,-6.23345,0,0,OPEN,"2025-02-22 13:05:58",1,0,{},1,39,0,1,0,1,40,1,39,0,1,0,1,40
90,dublin,"BENSON STREET","Benson Street",53.3442,-6.23345,0,0,OPEN,"2025-02-22 13:16:03",1,0,{},1,39,0,1,0,1,40,1,39,0,1,0,1,40
90,dublin,"BENSON STREET","Benson Street",53.3442,-6.23345,0,0,OPEN,"2025-02-22 13:26:09",1,0,{},1,39,0,1,0,1,40,1,39,0,1,0,1,40
90,dublin,"BENSON STREET","Benson Street",53.3442,-6.23345,0,0,OPEN,"2025-02-22 13:36:14",1,0,{},1,39,0,1,0,1,40,1,39,0,1,0,1,40
90,dublin,"BENSON STREET","Benson Street",53.3442,-6.23345,0,0,OPEN,"2025-02-22 13:48:00",1,0,{},1,39,0,1,0,1,40,1,39,0,1,0,1,40
90,dublin,"BENSON STREET","Benson Street",53.3442,-6.23345,0,0,OPEN,"2025-02-22 13:56:25",1,0,{},1,39,0,1,0,1,40,1,39,0,1,0,1,40
90,dublin,"BENSON STREET","Benson Street",53.3442,-6.23345,0,0,OPEN,"2025-02-22 14:01:54",1,0,{},2,38,1,1,0,1,40,2,38,1,1,0,1,40
90,dublin,"BENSON STREET","Benson Street",53.3442,-6.23345,0,0,OPEN,"2025-02-22 14:06:32",1,0,{},1,39,0,1,0,1,40,1,39,0,1,0,1,40
90,dublin,"BENSON STREET","Benson Street",53.3442,-6.23345,0,0,OPEN,"2025-02-22 14:13:25",1,0,{},3,37,0,3,0,3,40,3,37,0,3,0,3,40
90,dublin,"BENSON STREET","Benson Street",53.3442,-6.23345,0,0,OPEN,"2025-02-22 14:16:40",1,0,{},3,37,0,3,0,3,40,3,37,0,3,0,3,40
90,dublin,"BENSON STREET","Benson Street",53.3442,-6.23345,0,0,OPEN,"2025-02-22 14:28:25",1,0,{},4,36,0,4,0,4,40,4,36,0,4,0,4,40
90,dublin,"BENSON STREET","Benson Street",53.3442,-6.23345,0,0,OPEN,"2025-02-22 14:33:08",1,0,{},4,36,0,4,0,4,40,4,36,0,4,0,4,40
90,dublin,"BENSON STREET","Benson Street",53.3442,-6.23345,0,0,OPEN,"2025-02-22 14:36:53",1,0,{},4,36,0,4,0,4,40,4,36,0,4,0,4,40
90,dublin,"BENSON STREET","Benson Street",53.3442,-6.23345,0,0,OPEN,"2025-02-22 14:47:00",1,0,{},5,35,1,4,0,4,40,5,35,1,4,0,4,40
90,dublin,"BENSON STREET","Benson Street",53.3442,-6.23345,0,0,OPEN,"2025-02-22 14:57:05",1,0,{},5,35,1,4,0,4,40,5,35,1,4,0,4,40
90,dublin,"BENSON STREET","Benson Street",53.3442,-6.23345,0,0,OPEN,"2025-02-22 14:59:04",1,0,{},4,36,0,4,0,4,40,4,36,0,4,0,4,40
90,dublin,"BENSON STREET","Benson Street",53.3442,-6.23345,0,0,OPEN,"2025-02-22 15:07:12",1,0,{},4,36,0,4,0,4,40,4,36,0,4,0,4,40
90,dublin,"BENSON STREET","Benson Street",53.3442,-6.23345,0,0,OPEN,"2025-02-22 15:17:17",1,0,{},4,36,0,4,0,4,40,4,36,0,4,0,4,40
90,dublin,"BENSON STREET","Benson Street",53.3442,-6.23345,0,0,OPEN,"2025-02-22 15:19:04",1,0,{},5,35,1,4,0,4,40,5,35,1,4,0,4,40
90,dublin,"BENSON STREET","Benson Street",53.3442,-6.23345,0,0,OPEN,"2025-02-22 15:27:24",1,0,{},5,35,1,4,0,4,40,5,35,1,4,0,4,40
90,dublin,"BENSON STREET","Benson Street",53.3442,-6.23345,0,0,OPEN,"2025-02-22 15:37:29",1,0,{},5,35,1,4,0,4,40,5,35,1,4,0,4,40
90,dublin,"BENSON STREET","Benson Street",53.3442,-6.23345,0,0,OPEN,"2025-02-22 15:47:34",1,0,{},5,35,1,4,0,4,40,5,35,1,4,0,4,40
90,dublin,"BENSON STREET","Benson Street",53.3442,-6.23345,0,0,OPEN,"2025-02-22 15:57:40",1,0,{},5,35,1,4,0,4,40,5,35,1,4,0,4,40
90,dublin,"BENSON STREET","Benson Street",53.3442,-6.23345,0,0,OPEN,"2025-02-22 16:07:45",1,0,{},5,35,1,4,0,4,40,5,35,1,4,0,4,40
90,dublin,"BENSON STREET","Benson Street",53.3442,-6.23345,0,0,OPEN,"2025-02-22 16:10:56",1,0,{},3,37,1,2,0,2,40,3,37,1,2,0,2,40
90,dublin,"BENSON STREET","Benson Street",53.3442,-6.23345,0,0,OPEN,"2025-02-22 16:17:55",1,0,{},3,37,1,2,0,2,40,3,37,1,2,0,2,40
90,dublin,"BENSON STREET","Benson Street",53.3442,-6.23345,0,0,OPEN,"2025-02-22 16:28:01",1,0,{},3,37,1,2,0,2,40,3,37,1,2,0,2,40
90,dublin,"BENSON STREET","Benson Street",53.3442,-6.23345,0,0,OPEN,"2025-02-22 16:38:06",1,0,{},4,36,1,3,0,3,40,4,36,1,3,0,3,40
90,dublin,"BENSON STREET","Benson Street",53.3442,-6.23345,0,0,OPEN,"2025-02-22 16:48:12",1,0,{},4,36,1,3,0,3,40,4,36,1,3,0,3,40
90,dublin,"BENSON STREET","Benson Street",53.3442,-6.23345,0,0,OPEN,"2025-02-22 16:58:17",1,0,{},4,36,1,3,0,3,40,4,36,1,3,0,3,40
90,dublin,"BENSON STREET","Benson Street",53.3442,-6.23345,0,0,OPEN,"2025-02-22 17:08:24",1,0,{},3,37,0,3,0,3,40,3,37,0,3,0,3,40
90,dublin,"BENSON STREET","Benson Street",53.3442,-6.23345,0,0,OPEN,"2025-02-22 17:10:41",1,0,{},2,38,0,2,0,2,40,2,38,0,2,0,2,40
90,dublin,"BENSON STREET","Benson Street",53.3442,-6.23345,0,0,OPEN,"2025-02-22 17:18:31",1,0,{},2,38,0,2,0,2,40,2,38,0,2,0,2,40
90,dublin,"BENSON STREET","Benson Street",53.3442,-6.23345,0,0,OPEN,"2025-02-22 17:21:40",1,0,{},1,39,0,1,0,1,40,1,39,0,1,0,1,40
90,dublin,"BENSON STREET","Benson Street",53.3442,-6.23345,0,0,OPEN,"2025-02-22 17:28:38",1,0,{},1,39,0,1,0,1,40,1,39,0,1,0,1,40
90,dublin,"BENSON STREET","Benson Street",53.3442,-6.23345,0,0,OPEN,"2025-02-22 17:37:08",1,0,{},0,40,0,0,0,0,40,0,40,0,0,0,0,40
90,dublin,"BENSON STREET","Benson Street",53.3442,-6.23345,0,0,OPEN,"2025-02-22 17:43:32",1,0,{},1,39,1,0,0,0,40,1,39,1,0,0,0,40
90,dublin,"BENSON STREET","Benson Street",53.3442,-6.23345,0,0,OPEN,"2025-02-22 17:48:50",1,0,{},1,39,1,0,0,0,40,1,39,1,0,0,0,40
90,dublin,"BENSON STREET","Benson Street",53.3442,-6.23345,0,0,OPEN,"2025-02-22 17:58:55",1,0,{},1,39,1,0,0,0,40,1,39,1,0,0,0,40
90,dublin,"BENSON STREET","Benson Street",53.3442,-6.23345,0,0,OPEN,"2025-02-22 18:08:29",1,0,{},3,37,2,1,0,1,40,3,37,2,1,0,1,40
90,dublin,"BENSON STREET","Benson Street",53.3442,-6.23345,0,0,OPEN,"2025-02-22 18:09:01",1,0,{},3,37,2,1,0,1,40,3,37,2,1,0,1,40
90,dublin,"BENSON STREET","Benson Street",53.3442,-6.23345,0,0,OPEN,"2025-02-22 18:19:06",1,0,{},3,37,2,1,0,1,40,3,37,2,1,0,1,40
90,dublin,"BENSON STREET","Benson Street",53.3442,-6.23345,0,0,OPEN,"2025-02-22 18:27:45",1,0,{},4,36,3,1,0,1,40,4,36,3,1,0,1,40
90,dublin,"BENSON STREET","Benson Street",53.3442,-6.23345,0,0,OPEN,"2025-02-22 18:32:54",1,0,{},5,35,4,1,0,1,40,5,35,4,1,0,1,40
90,dublin,"BENSON STREET","Benson Street",53.3442,-6.23345,0,0,OPEN,"2025-02-22 18:39:20",1,0,{},4,36,3,1,0,1,40,4,36,3,1,0,1,40
90,dublin,"BENSON STREET","Benson Street",53.3442,-6.23345,0,0,OPEN,"2025-02-22 18:40:26",1,0,{},7,33,5,2,0,2,40,7,33,5,2,0,2,40
90,dublin,"BENSON STREET","Benson Street",53.3442,-6.23345,0,0,OPEN,"2025-02-22 18:49:24",1,0,{},7,33,5,2,0,2,40,7,33,5,2,0,2,40
90,dublin,"BENSON STREET","Benson Street",53.3442,-6.23345,0,0,OPEN,"2025-02-22 18:59:30",1,0,{},7,33,5,2,0,2,40,7,33,5,2,0,2,40
90,dublin,"BENSON STREET","Benson Street",53.3442,-6.23345,0,0,OPEN,"2025-02-22 19:09:36",1,0,{},7,33,5,2,0,2,40,7,33,5,2,0,2,40
90,dublin,"BENSON STREET","Benson Street",53.3442,-6.23345,0,0,OPEN,"2025-02-22 19:19:41",1,0,{},7,33,5,2,0,2,40,7,33,5,2,0,2,40
90,dublin,"BENSON STREET","Benson Street",53.3442,-6.23345,0,0,OPEN,"2025-02-22 19:31:09",1,0,{},6,34,4,2,0,2,40,6,34,4,2,0,2,40
90,dublin,"BENSON STREET","Benson Street",53.3442,-6.23345,0,0,OPEN,"2025-02-22 19:39:53",1,0,{},6,34,4,2,0,2,40,6,34,4,2,0,2,40
90,dublin,"BENSON STREET","Benson Street",53.3442,-6.23345,0,0,OPEN,"2025-02-22 19:49:59",1,0,{},6,34,4,2,0,2,40,6,34,4,2,0,2,40
90,dublin,"BENSON STREET","Benson Street",53.3442,-6.23345,0,0,OPEN,"2025-02-22 20:00:04",1,0,{},6,34,4,2,0,2,40,6,34,4,2,0,2,40
90,dublin,"BENSON STREET","Benson Street",53.3442,-6.23345,0,0,OPEN,"2025-02-22 20:12:45",1,0,{},7,33,4,3,0,3,40,7,33,4,3,0,3,40
90,dublin,"BENSON STREET","Benson Street",53.3442,-6.23345,0,0,OPEN,"2025-02-22 20:18:58",1,0,{},6,34,3,3,0,3,40,6,34,3,3,0,3,40
90,dublin,"BENSON STREET","Benson Street",53.3442,-6.23345,0,0,OPEN,"2025-02-22 20:20:15",1,0,{},6,34,3,3,0,3,40,6,34,3,3,0,3,40
90,dublin,"BENSON STREET","Benson Street",53.3442,-6.23345,0,0,OPEN,"2025-02-22 20:27:55",1,0,{},4,36,2,2,0,2,40,4,36,2,2,0,2,40
90,dublin,"BENSON STREET","Benson Street",53.3442,-6.23345,0,0,OPEN,"2025-02-22 20:31:35",1,0,{},5,35,3,2,0,2,40,5,35,3,2,0,2,40
90,dublin,"BENSON STREET","Benson Street",53.3442,-6.23345,0,0,OPEN,"2025-02-22 20:40:29",1,0,{},5,35,3,2,0,2,40,5,35,3,2,0,2,40
90,dublin,"BENSON STREET","Benson Street",53.3442,-6.23345,0,0,OPEN,"2025-02-22 20:50:35",1,0,{},5,35,3,2,0,2,40,5,35,3,2,0,2,40
90,dublin,"BENSON STREET","Benson Street",53.3442,-6.23345,0,0,OPEN,"2025-02-22 21:00:40",1,0,{},5,35,3,2,0,2,40,5,35,3,2,0,2,40
90,dublin,"BENSON STREET","Benson Street",53.3442,-6.23345,0,0,OPEN,"2025-02-22 21:10:45",1,0,{},5,35,3,2,0,2,40,5,35,3,2,0,2,40
90,dublin,"BENSON STREET","Benson Street",53.3442,-6.23345,0,0,OPEN,"2025-02-22 21:20:51",1,0,{},5,35,3,2,0,2,40,5,35,3,2,0,2,40
90,dublin,"BENSON STREET","Benson Street",53.3442,-6.23345,0,0,OPEN,"2025-02-22 21:27:38",1,0,{},6,34,4,2,0,2,40,6,34,4,2,0,2,40
90,dublin,"BENSON STREET","Benson Street",53.3442,-6.23345,0,0,OPEN,"2025-02-22 21:30:56",1,0,{},6,34,4,2,0,2,40,6,34,4,2,0,2,40
90,dublin,"BENSON STREET","Benson Street",53.3442,-6.23345,0,0,OPEN,"2025-02-22 21:39:29",1,0,{},4,36,2,2,0,2,40,4,36,2,2,0,2,40
90,dublin,"BENSON STREET","Benson Street",53.3442,-6.23345,0,0,OPEN,"2025-02-22 21:41:05",1,0,{},4,36,2,2,0,2,40,4,36,2,2,0,2,40
90,dublin,"BENSON STREET","Benson Street",53.3442,-6.23345,0,0,OPEN,"2025-02-22 21:51:10",1,0,{},4,36,2,2,0,2,40,4,36,2,2,0,2,40
90,dublin,"BENSON STREET","Benson Street",53.3442,-6.23345,0,0,OPEN,"2025-02-22 22:04:09",1,0,{},3,37,1,2,0,2,40,3,37,1,2,0,2,40
90,dublin,"BENSON STREET","Benson Street",53.3442,-6.23345,0,0,OPEN,"2025-02-22 22:11:23",1,0,{},3,37,1,2,0,2,40,3,37,1,2,0,2,40
91,dublin,"SOUTH DOCK ROAD","South Dock Road",53.3418,-6.23129,0,0,OPEN,"2025-02-22 02:58:19",1,0,{},16,14,9,7,0,7,30,16,14,9,7,0,7,30
91,dublin,"SOUTH DOCK ROAD","South Dock Road",53.3418,-6.23129,0,0,OPEN,"2025-02-22 03:08:22",1,0,{},16,14,9,7,0,7,30,16,14,9,7,0,7,30
91,dublin,"SOUTH DOCK ROAD","South Dock Road",53.3418,-6.23129,0,0,OPEN,"2025-02-22 03:15:33",1,0,{},16,14,9,7,0,7,30,16,14,9,7,0,7,30
91,dublin,"SOUTH DOCK ROAD","South Dock Road",53.3418,-6.23129,0,0,OPEN,"2025-02-22 10:12:36",1,0,{},17,13,10,7,0,7,30,17,13,10,7,0,7,30
91,dublin,"SOUTH DOCK ROAD","South Dock Road",53.3418,-6.23129,0,0,OPEN,"2025-02-22 10:22:41",1,0,{},17,13,10,7,0,7,30,17,13,10,7,0,7,30
91,dublin,"SOUTH DOCK ROAD","South Dock Road",53.3418,-6.23129,0,0,OPEN,"2025-02-22 10:32:47",1,0,{},17,13,10,7,0,7,30,17,13,10,7,0,7,30
91,dublin,"SOUTH DOCK ROAD","South Dock Road",53.3418,-6.23129,0,0,OPEN,"2025-02-22 10:42:53",1,0,{},18,12,11,7,0,7,30,18,12,11,7,0,7,30
91,dublin,"SOUTH DOCK ROAD","South Dock Road",53.3418,-6.23129,0,0,OPEN,"2025-02-22 10:52:58",1,0,{},18,12,11,7,0,7,30,18,12,11,7,0,7,30
91,dublin,"SOUTH DOCK ROAD","South Dock Road",53.3418,-6.23129,0,0,OPEN,"2025-02-22 11:03:04",1,0,{},18,12,11,7,0,7,30,18,12,11,7,0,7,30
91,dublin,"SOUTH DOCK ROAD","South Dock Road",53.3418,-6.23129,0,0,OPEN,"2025-02-22 11:06:52",1,0,{},17,13,9,8,0,8,30,17,13,9,8,0,8,30
91,dublin,"SOUTH DOCK ROAD","South Dock Road",53.3418,-6.23129,0,0,OPEN,"2025-02-22 11:13:13",1,0,{},17,13,9,8,0,8,30,17,13,9,8,0,8,30
91,dublin,"SOUTH DOCK ROAD","South Dock Road",53.3418,-6.23129,0,0,OPEN,"2025-02-22 11:23:19",1,0,{},17,13,9,8,0,8,30,17,13,9,8,0,8,30
91,dublin,"SOUTH DOCK ROAD","South Dock Road",53.3418,-6.23129,0,0,OPEN,"2025-02-22 11:33:24",1,0,{},18,12,10,8,0,8,30,18,12,10,8,0,8,30
91,dublin,"SOUTH DOCK ROAD","South Dock Road",53.3418,-6.23129,0,0,OPEN,"2025-02-22 11:37:47",1,0,{},19,11,10,9,0,9,30,19,11,10,9,0,9,30
91,dublin,"SOUTH DOCK ROAD","South Dock Road",53.3418,-6.23129,0,0,OPEN,"2025-02-22 11:43:29",1,0,{},20,10,11,9,0,9,30,20,10,11,9,0,9,30
91,dublin,"SOUTH DOCK ROAD","South Dock Road",53.3418,-6.23129,0,0,OPEN,"2025-02-22 11:50:44",1,0,{},19,11,10,9,0,9,30,19,11,10,9,0,9,30
91,dublin,"SOUTH DOCK ROAD","South Dock Road",53.3418,-6.23129,0,0,OPEN,"2025-02-22 11:53:37",1,0,{},19,11,10,9,0,9,30,19,11,10,9,0,9,30
91,dublin,"SOUTH DOCK ROAD","South Dock Road",53.3418,-6.23129,0,0,OPEN,"2025-02-22 11:59:05",1,0,{},18,12,10,8,0,8,30,18,12,10,8,0,8,30
91,dublin,"SOUTH DOCK ROAD","South Dock Road",53.3418,-6.23129,0,0,OPEN,"2025-02-22 12:03:44",1,0,{},18,12,10,8,0,8,30,18,12,10,8,0,8,30
91,dublin,"SOUTH DOCK ROAD","South Dock Road",53.3418,-6.23129,0,0,OPEN,"2025-02-22 12:12:17",1,0,{},16,14,8,8,0,8,30,16,14,8,8,0,8,30
91,dublin,"SOUTH DOCK ROAD","South Dock Road",53.3418,-6.23129,0,0,OPEN,"2025-02-22 12:13:54",1,0,{},16,14,8,8,0,8,30,16,14,8,8,0,8,30
91,dublin,"SOUTH DOCK ROAD","South Dock Road",53.3418,-6.23129,0,0,OPEN,"2025-02-22 12:22:20",1,0,{},16,14,8,8,0,8,30,16,14,8,8,0,8,30
91,dublin,"SOUTH DOCK ROAD","South Dock Road",53.3418,-6.23129,0,0,OPEN,"2025-02-22 12:25:07",1,0,{},15,15,7,8,0,8,30,15,15,7,8,0,8,30
91,dublin,"SOUTH DOCK ROAD","South Dock Road",53.3418,-6.23129,0,0,OPEN,"2025-02-22 12:31:03",1,0,{},16,14,7,9,0,9,30,16,14,7,9,0,9,30
91,dublin,"SOUTH DOCK ROAD","South Dock Road",53.3418,-6.23129,0,0,OPEN,"2025-02-22 12:34:08",1,0,{},16,14,7,9,0,9,30,16,14,7,9,0,9,30
91,dublin,"SOUTH DOCK ROAD","South Dock Road",53.3418,-6.23129,0,0,OPEN,"2025-02-22 12:48:25",1,0,{},17,13,7,10,0,10,30,17,13,7,10,0,10,30
91,dublin,"SOUTH DOCK ROAD","South Dock Road",53.3418,-6.23129,0,0,OPEN,"2025-02-22 12:50:07",1,0,{},19,11,8,11,0,11,30,19,11,8,11,0,11,30
91,dublin,"SOUTH DOCK ROAD","South Dock Road",53.3418,-6.23129,0,0,OPEN,"2025-02-22 12:57:10",1,0,{},20,10,10,10,0,10,30,20,10,10,10,0,10,30
91,dublin,"SOUTH DOCK ROAD","South Dock Road",53.3418,-6.23129,0,0,OPEN,"2025-02-22 13:08:08",1,0,{},21,9,11,10,0,10,30,21,9,11,10,0,10,30
91,dublin,"SOUTH DOCK ROAD","South Dock Road",53.3418,-6.23129,0,0,OPEN,"2025-02-22 13:09:04",1,0,{},21,9,11,10,0,10,30,21,9,11,10,0,10,30
91,dublin,"SOUTH DOCK ROAD","South Dock Road",53.3418,-6.23129,0,0,OPEN,"2025-02-22 13:16:41",1,0,{},22,8,12,10,0,10,30,22,8,12,10,0,10,30
91,dublin,"SOUTH DOCK ROAD","South Dock Road",53.3418,-6.23129,0,0,OPEN,"2025-02-22 13:28:32",1,0,{},21,9,11,10,0,10,30,21,9,11,10,0,10,30
91,dublin,"SOUTH DOCK ROAD","South Dock Road",53.3418,-6.23129,0,0,OPEN,"2025-02-22 13:30:59",1,0,{},22,8,12,10,0,10,30,22,8,12,10,0,10,30
91,dublin,"SOUTH DOCK ROAD","South Dock Road",53.3418,-6.23129,0,0,OPEN,"2025-02-22 13:37:13",1,0,{},21,9,11,10,0,10,30,21,9,11,10,0,10,30
91,dublin,"SOUTH DOCK ROAD","South Dock Road",53.3418,-6.23129,0,0,OPEN,"2025-02-22 13:41:27",1,0,{},23,7,13,10,0,10,30,23,7,13,10,0,10,30
91,dublin,"SOUTH DOCK ROAD","South Dock Road",53.3418,-6.23129,0,0,OPEN,"2025-02-22 13:45:57",1,0,{},24,6,14,10,0,10,30,24,6,14,10,0,10,30
91,dublin,"SOUTH DOCK ROAD","South Dock Road",53.3418,-6.23129,0,0,OPEN,"2025-02-22 13:55:04",1,0,{},24,6,14,10,0,10,30,24,6,14,10,0,10,30
91,dublin,"SOUTH DOCK ROAD","South Dock Road",53.3418,-6.23129,0,0,OPEN,"2025-02-22 14:05:09",1,0,{},24,6,14,10,0,10,30,24,6,14,10,0,10,30
91,dublin,"SOUTH DOCK ROAD","South Dock Road",53.3418,-6.23129,0,0,OPEN,"2025-02-22 14:17:40",1,0,{},26,4,15,11,0,11,30,26,4,15,11,0,11,30
91,dublin,"SOUTH DOCK ROAD","South Dock Road",53.3418,-6.23129,0,0,OPEN,"2025-02-22 14:20:00",1,0,{},26,4,16,10,0,10,30,26,4,16,10,0,10,30
91,dublin,"SOUTH DOCK ROAD","South Dock Road",53.3418,-6.23129,0,0,OPEN,"2025-02-22 14:26:14",1,0,{},26,4,17,9,0,9,30,26,4,17,9,0,9,30
91,dublin,"SOUTH DOCK ROAD","South Dock Road",53.3418,-6.23129,0,0,OPEN,"2025-02-22 14:33:17",1,0,{},26,4,17,9,0,9,30,26,4,17,9,0,9,30
91,dublin,"SOUTH DOCK ROAD","South Dock Road",53.3418,-6.23129,0,0,OPEN,"2025-02-22 14:37:20",1,0,{},25,5,16,9,0,9,30,25,5,16,9,0,9,30
91,dublin,"SOUTH DOCK ROAD","South Dock Road",53.3418,-6.23129,0,0,OPEN,"2025-02-22 14:41:16",1,0,{},25,5,17,8,0,8,30,25,5,17,8,0,8,30
91,dublin,"SOUTH DOCK ROAD","South Dock Road",53.3418,-6.23129,0,0,OPEN,"2025-02-22 14:45:38",1,0,{},25,5,17,8,0,8,30,25,5,17,8,0,8,30
91,dublin,"SOUTH DOCK ROAD","South Dock Road",53.3418,-6.23129,0,0,OPEN,"2025-02-22 14:56:33",1,0,{},23,7,15,8,0,8,30,23,7,15,8,0,8,30
91,dublin,"SOUTH DOCK ROAD","South Dock Road",53.3418,-6.23129,0,0,OPEN,"2025-02-22 15:05:54",1,0,{},23,7,15,8,0,8,30,23,7,15,8,0,8,30
91,dublin,"SOUTH DOCK ROAD","South Dock Road",53.3418,-6.23129,0,0,OPEN,"2025-02-22 15:13:19",1,0,{},24,6,16,8,0,8,30,24,6,16,8,0,8,30
91,dublin,"SOUTH DOCK ROAD","South Dock Road",53.3418,-6.23129,0,0,OPEN,"2025-02-22 15:15:59",1,0,{},24,6,16,8,0,8,30,24,6,16,8,0,8,30
91,dublin,"SOUTH DOCK ROAD","South Dock Road",53.3418,-6.23129,0,0,OPEN,"2025-02-22 15:27:00",1,0,{},23,7,15,8,0,8,30,23,7,15,8,0,8,30
91,dublin,"SOUTH DOCK ROAD","South Dock Road",53.3418,-6.23129,0,0,OPEN,"2025-02-22 15:37:07",1,0,{},22,8,14,8,0,8,30,22,8,14,8,0,8,30
91,dublin,"SOUTH DOCK ROAD","South Dock Road",53.3418,-6.23129,0,0,OPEN,"2025-02-22 15:48:16",1,0,{},22,8,14,8,0,8,30,22,8,14,8,0,8,30
91,dublin,"SOUTH DOCK ROAD","South Dock Road",53.3418,-6.23129,0,0,OPEN,"2025-02-22 15:56:26",1,0,{},22,8,14,8,0,8,30,22,8,14,8,0,8,30
91,dublin,"SOUTH DOCK ROAD","South Dock Road",53.3418,-6.23129,0,0,OPEN,"2025-02-22 16:08:17",1,0,{},25,5,15,10,0,10,30,25,5,15,10,0,10,30
91,dublin,"SOUTH DOCK ROAD","South Dock Road",53.3418,-6.23129,0,0,OPEN,"2025-02-22 16:16:42",1,0,{},25,5,15,10,0,10,30,25,5,15,10,0,10,30
91,dublin,"SOUTH DOCK ROAD","South Dock Road",53.3418,-6.23129,0,0,OPEN,"2025-02-22 16:19:28",1,0,{},24,6,14,10,0,10,30,24,6,14,10,0,10,30
91,dublin,"SOUTH DOCK ROAD","South Dock Road",53.3418,-6.23129,0,0,OPEN,"2025-02-22 16:26:49",1,0,{},24,6,14,10,0,10,30,24,6,14,10,0,10,30
91,dublin,"SOUTH DOCK ROAD","South Dock Road",53.3418,-6.23129,0,0,OPEN,"2025-02-22 16:36:54",1,0,{},24,6,14,10,0,10,30,24,6,14,10,0,10,30
91,dublin,"SOUTH DOCK ROAD","South Dock Road",53.3418,-6.23129,0,0,OPEN,"2025-02-22 16:41:51",1,0,{},22,8,14,8,0,8,30,22,8,14,8,0,8,30
91,dublin,"SOUTH DOCK ROAD","South Dock Road",53.3418,-6.23129,0,0,OPEN,"2025-02-22 16:47:03",1,0,{},22,8,14,8,0,8,30,22,8,14,8,0,8,30
91,dublin,"SOUTH DOCK ROAD","South Dock Road",53.3418,-6.23129,0,0,OPEN,"2025-02-22 16:51:15",1,0,{},20,10,12,8,0,8,30,20,10,12,8,0,8,30
91,dublin,"SOUTH DOCK ROAD","South Dock Road",53.3418,-6.23129,0,0,OPEN,"2025-02-22 16:57:12",1,0,{},20,10,12,8,0,8,30,20,10,12,8,0,8,30
91,dublin,"SOUTH DOCK ROAD","South Dock Road",53.3418,-6.23129,0,0,OPEN,"2025-02-22 17:07:18",1,0,{},21,9,13,8,0,8,30,21,9,13,8,0,8,30
91,dublin,"SOUTH DOCK ROAD","South Dock Road",53.3418,-6.23129,0,0,OPEN,"2025-02-22 17:18:17",1,0,{},22,8,14,8,0,8,30,22,8,14,8,0,8,30
91,dublin,"SOUTH DOCK ROAD","South Dock Road",53.3418,-6.23129,0,0,OPEN,"2025-02-22 17:27:29",1,0,{},22,8,14,8,0,8,30,22,8,14,8,0,8,30
91,dublin,"SOUTH DOCK ROAD","South Dock Road",53.3418,-6.23129,0,0,OPEN,"2025-02-22 17:32:03",1,0,{},22,8,14,8,0,8,30,22,8,14,8,0,8,30
91,dublin,"SOUTH DOCK ROAD","South Dock Road",53.3418,-6.23129,0,0,OPEN,"2025-02-22 17:37:43",1,0,{},23,7,15,8,0,8,30,23,7,15,8,0,8,30
91,dublin,"SOUTH DOCK ROAD","South Dock Road",53.3418,-6.23129,0,0,OPEN,"2025-02-22 17:47:45",1,0,{},23,7,15,8,0,8,30,23,7,15,8,0,8,30
91,dublin,"SOUTH DOCK ROAD","South Dock Road",53.3418,-6.23129,0,0,OPEN,"2025-02-22 17:48:53",1,0,{},22,8,15,7,0,7,30,22,8,15,7,0,7,30
91,dublin,"SOUTH DOCK ROAD","South Dock Road",53.3418,-6.23129,0,0,OPEN,"2025-02-22 17:57:53",1,0,{},23,7,15,8,0,8,30,23,7,15,8,0,8,30
91,dublin,"SOUTH DOCK ROAD","South Dock Road",53.3418,-6.23129,0,0,OPEN,"2025-02-22 18:01:31",1,0,{},23,7,15,8,0,8,30,23,7,15,8,0,8,30
91,dublin,"SOUTH DOCK ROAD","South Dock Road",53.3418,-6.23129,0,0,OPEN,"2025-02-22 18:08:01",1,0,{},23,7,16,7,0,7,30,23,7,16,7,0,7,30
91,dublin,"SOUTH DOCK ROAD","South Dock Road",53.3418,-6.23129,0,0,OPEN,"2025-02-22 18:18:07",1,0,{},23,7,16,7,0,7,30,23,7,16,7,0,7,30
91,dublin,"SOUTH DOCK ROAD","South Dock Road",53.3418,-6.23129,0,0,OPEN,"2025-02-22 18:28:12",1,0,{},23,7,16,7,0,7,30,23,7,16,7,0,7,30
91,dublin,"SOUTH DOCK ROAD","South Dock Road",53.3418,-6.23129,0,0,OPEN,"2025-02-22 18:38:17",1,0,{},23,7,16,7,0,7,30,23,7,16,7,0,7,30
91,dublin,"SOUTH DOCK ROAD","South Dock Road",53.3418,-6.23129,0,0,OPEN,"2025-02-22 18:44:29",1,0,{},23,7,16,7,0,7,30,23,7,16,7,0,7,30
91,dublin,"SOUTH DOCK ROAD","South Dock Road",53.3418,-6.23129,0,0,OPEN,"2025-02-22 18:48:26",1,0,{},21,9,14,7,0,7,30,21,9,14,7,0,7,30
91,dublin,"SOUTH DOCK ROAD","South Dock Road",53.3418,-6.23129,0,0,OPEN,"2025-02-22 18:58:32",1,0,{},21,9,14,7,0,7,30,21,9,14,7,0,7,30
91,dublin,"SOUTH DOCK ROAD","South Dock Road",53.3418,-6.23129,0,0,OPEN,"2025-02-22 19:00:27",1,0,{},20,10,13,7,0,7,30,20,10,13,7,0,7,30
91,dublin,"SOUTH DOCK ROAD","South Dock Road",53.3418,-6.23129,0,0,OPEN,"2025-02-22 19:08:40",1,0,{},21,9,13,8,0,8,30,21,9,13,8,0,8,30
91,dublin,"SOUTH DOCK ROAD","South Dock Road",53.3418,-6.23129,0,0,OPEN,"2025-02-22 19:18:45",1,0,{},21,9,13,8,0,8,30,21,9,13,8,0,8,30
91,dublin,"SOUTH DOCK ROAD","South Dock Road",53.3418,-6.23129,0,0,OPEN,"2025-02-22 19:28:52",1,0,{},20,10,12,8,0,8,30,20,10,12,8,0,8,30
91,dublin,"SOUTH DOCK ROAD","South Dock Road",53.3418,-6.23129,0,0,OPEN,"2025-02-22 19:34:25",1,0,{},22,8,14,8,0,8,30,22,8,14,8,0,8,30
91,dublin,"SOUTH DOCK ROAD","South Dock Road",53.3418,-6.23129,0,0,OPEN,"2025-02-22 19:38:59",1,0,{},21,9,13,8,0,8,30,21,9,13,8,0,8,30
91,dublin,"SOUTH DOCK ROAD","South Dock Road",53.3418,-6.23129,0,0,OPEN,"2025-02-22 19:49:06",1,0,{},20,10,12,8,0,8,30,20,10,12,8,0,8,30
91,dublin,"SOUTH DOCK ROAD","South Dock Road",53.3418,-6.23129,0,0,OPEN,"2025-02-22 19:59:12",1,0,{},20,10,12,8,0,8,30,20,10,12,8,0,8,30
91,dublin,"SOUTH DOCK ROAD","South Dock Road",53.3418,-6.23129,0,0,OPEN,"2025-02-22 20:09:19",1,0,{},18,12,11,7,0,7,30,18,12,11,7,0,7,30
91,dublin,"SOUTH DOCK ROAD","South Dock Road",53.3418,-6.23129,0,0,OPEN,"2025-02-22 20:19:26",1,0,{},17,13,11,6,0,6,30,17,13,11,6,0,6,30
91,dublin,"SOUTH DOCK ROAD","South Dock Road",53.3418,-6.23129,0,0,OPEN,"2025-02-22 20:29:32",1,0,{},17,13,11,6,0,6,30,17,13,11,6,0,6,30
91,dublin,"SOUTH DOCK ROAD","South Dock Road",53.3418,-6.23129,0,0,OPEN,"2025-02-22 20:39:37",1,0,{},17,13,11,6,0,6,30,17,13,11,6,0,6,30
91,dublin,"SOUTH DOCK ROAD","South Dock Road",53.3418,-6.23129,0,0,OPEN,"2025-02-22 20:49:42",1,0,{},17,13,11,6,0,6,30,17,13,11,6,0,6,30
91,dublin,"SOUTH DOCK ROAD","South Dock Road",53.3418,-6.23129,0,0,OPEN,"2025-02-22 20:59:47",1,0,{},17,13,11,6,0,6,30,17,13,11,6,0,6,30
91,dublin,"SOUTH DOCK ROAD","South Dock Road",53.3418,-6.23129,0,0,OPEN,"2025-02-22 21:14:14",1,0,{},16,14,10,6,0,6,30,16,14,10,6,0,6,30
91,dublin,"SOUTH DOCK ROAD","South Dock Road",53.3418,-6.23129,0,0,OPEN,"2025-02-22 21:20:00",1,0,{},16,14,10,6,0,6,30,16,14,10,6,0,6,30
91,dublin,"SOUTH DOCK ROAD","South Dock Road",53.3418,-6.23129,0,0,OPEN,"2025-02-22 21:27:23",1,0,{},17,13,11,6,0,6,30,17,13,11,6,0,6,30
91,dublin,"SOUTH DOCK ROAD","South Dock Road",53.3418,-6.23129,0,0,OPEN,"2025-02-22 21:31:43",1,0,{},18,12,12,6,0,6,30,18,12,12,6,0,6,30
91,dublin,"SOUTH DOCK ROAD","South Dock Road",53.3418,-6.23129,0,0,OPEN,"2025-02-22 21:40:14",1,0,{},18,12,12,6,0,6,30,18,12,12,6,0,6,30
91,dublin,"SOUTH DOCK ROAD","South Dock Road",53.3418,-6.23129,0,0,OPEN,"2025-02-22 21:50:19",1,0,{},18,12,12,6,0,6,30,18,12,12,6,0,6,30
91,dublin,"SOUTH DOCK ROAD","South Dock Road",53.3418,-6.23129,0,0,OPEN,"2025-02-22 22:00:25",1,0,{},18,12,12,6,0,6,30,18,12,12,6,0,6,30
91,dublin,"SOUTH DOCK ROAD","South Dock Road",53.3418,-6.23129,0,0,OPEN,"2025-02-22 22:10:30",1,0,{},18,12,12,6,0,6,30,18,12,12,6,0,6,30
92,dublin,"HEUSTON BRIDGE (NORTH)","Heuston Bridge (North)",53.3478,-6.29243,0,0,OPEN,"2025-02-22 02:57:19",1,0,{},40,0,22,18,0,18,40,40,0,22,18,0,18,40
92,dublin,"HEUSTON BRIDGE (NORTH)","Heuston Bridge (North)",53.3478,-6.29243,0,0,OPEN,"2025-02-22 03:07:23",1,0,{},40,0,22,18,0,18,40,40,0,22,18,0,18,40
92,dublin,"HEUSTON BRIDGE (NORTH)","Heuston Bridge (North)",53.3478,-6.29243,0,0,OPEN,"2025-02-22 10:10:11",1,0,{},40,0,22,18,0,18,40,40,0,22,18,0,18,40
92,dublin,"HEUSTON BRIDGE (NORTH)","Heuston Bridge (North)",53.3478,-6.29243,0,0,OPEN,"2025-02-22 10:20:14",1,0,{},40,0,22,18,0,18,40,40,0,22,18,0,18,40
92,dublin,"HEUSTON BRIDGE (NORTH)","Heuston Bridge (North)",53.3478,-6.29243,0,0,OPEN,"2025-02-22 10:28:25",1,0,{},39,1,22,17,0,17,40,39,1,22,17,0,17,40
92,dublin,"HEUSTON BRIDGE (NORTH)","Heuston Bridge (North)",53.3478,-6.29243,0,0,OPEN,"2025-02-22 10:30:19",1,0,{},38,2,22,16,0,16,40,38,2,22,16,0,16,40
92,dublin,"HEUSTON BRIDGE (NORTH)","Heuston Bridge (North)",53.3478,-6.29243,0,0,OPEN,"2025-02-22 10:33:59",1,0,{},38,2,22,16,0,16,40,38,2,22,16,0,16,40
92,dublin,"HEUSTON BRIDGE (NORTH)","Heuston Bridge (North)",53.3478,-6.29243,0,0,OPEN,"2025-02-22 10:40:24",1,0,{},38,2,22,16,0,16,40,38,2,22,16,0,16,40
92,dublin,"HEUSTON BRIDGE (NORTH)","Heuston Bridge (North)",53.3478,-6.29243,0,0,OPEN,"2025-02-22 10:47:17",1,0,{},39,1,23,16,0,16,40,39,1,23,16,0,16,40
92,dublin,"HEUSTON BRIDGE (NORTH)","Heuston Bridge (North)",53.3478,-6.29243,0,0,OPEN,"2025-02-22 10:50:29",1,0,{},39,1,23,16,0,16,40,39,1,23,16,0,16,40
92,dublin,"HEUSTON BRIDGE (NORTH)","Heuston Bridge (North)",53.3478,-6.29243,0,0,OPEN,"2025-02-22 11:03:15",1,0,{},40,0,23,17,0,17,40,40,0,23,17,0,17,40
92,dublin,"HEUSTON BRIDGE (NORTH)","Heuston Bridge (North)",53.3478,-6.29243,0,0,OPEN,"2025-02-22 11:10:39",1,0,{},40,0,23,17,0,17,40,40,0,23,17,0,17,40
92,dublin,"HEUSTON BRIDGE (NORTH)","Heuston Bridge (North)",53.3478,-6.29243,0,0,OPEN,"2025-02-22 11:20:42",1,0,{},40,0,23,17,0,17,40,40,0,23,17,0,17,40
92,dublin,"HEUSTON BRIDGE (NORTH)","Heuston Bridge (North)",53.3478,-6.29243,0,0,OPEN,"2025-02-22 11:28:19",1,0,{},39,1,22,17,0,17,40,39,1,22,17,0,17,40
92,dublin,"HEUSTON BRIDGE (NORTH)","Heuston Bridge (North)",53.3478,-6.29243,0,0,OPEN,"2025-02-22 11:33:25",1,0,{},38,2,20,18,0,18,40,38,2,20,18,0,18,40
92,dublin,"HEUSTON BRIDGE (NORTH)","Heuston Bridge (North)",53.3478,-6.29243,0,0,OPEN,"2025-02-22 11:37:20",1,0,{},39,1,21,18,0,18,40,39,1,21,18,0,18,40
92,dublin,"HEUSTON BRIDGE (NORTH)","Heuston Bridge (North)",53.3478,-6.29243,0,0,OPEN,"2025-02-22 11:43:29",1,0,{},40,0,22,18,0,18,40,40,0,22,18,0,18,40
92,dublin,"HEUSTON BRIDGE (NORTH)","Heuston Bridge (North)",53.3478,-6.29243,0,0,OPEN,"2025-02-22 11:47:12",1,0,{},39,1,21,18,0,18,40,39,1,21,18,0,18,40
92,dublin,"HEUSTON BRIDGE (NORTH)","Heuston Bridge (North)",53.3478,-6.29243,0,0,OPEN,"2025-02-22 11:50:58",1,0,{},39,1,21,18,0,18,40,39,1,21,18,0,18,40
92,dublin,"HEUSTON BRIDGE (NORTH)","Heuston Bridge (North)",53.3478,-6.29243,0,0,OPEN,"2025-02-22 11:58:31",1,0,{},38,2,21,17,0,17,40,38,2,21,17,0,17,40
92,dublin,"HEUSTON BRIDGE (NORTH)","Heuston Bridge (North)",53.3478,-6.29243,0,0,OPEN,"2025-02-22 12:01:05",1,0,{},37,3,20,17,0,17,40,37,3,20,17,0,17,40
92,dublin,"HEUSTON BRIDGE (NORTH)","Heuston Bridge (North)",53.3478,-6.29243,0,0,OPEN,"2025-02-22 12:07:48",1,0,{},37,3,22,15,0,15,40,37,3,22,15,0,15,40
92,dublin,"HEUSTON BRIDGE (NORTH)","Heuston Bridge (North)",53.3478,-6.29243,0,0,OPEN,"2025-02-22 12:11:16",1,0,{},36,4,21,15,0,15,40,36,4,21,15,0,15,40
92,dublin,"HEUSTON BRIDGE (NORTH)","Heuston Bridge (North)",53.3478,-6.29243,0,0,OPEN,"2025-02-22 12:13:37",1,0,{},35,5,21,14,0,14,40,35,5,21,14,0,14,40
92,dublin,"HEUSTON BRIDGE (NORTH)","Heuston Bridge (North)",53.3478,-6.29243,0,0,OPEN,"2025-02-22 12:22:52",1,0,{},33,7,22,11,0,11,40,33,7,22,11,0,11,40
92,dublin,"HEUSTON BRIDGE (NORTH)","Heuston Bridge (North)",53.3478,-6.29243,0,0,OPEN,"2025-02-22 12:23:59",1,0,{},32,8,22,10,0,10,40,32,8,22,10,0,10,40
92,dublin,"HEUSTON BRIDGE (NORTH)","Heuston Bridge (North)",53.3478,-6.29243,0,0,OPEN,"2025-02-22 12:31:32",1,0,{},32,8,22,10,0,10,40,32,8,22,10,0,10,40
92,dublin,"HEUSTON BRIDGE (NORTH)","Heuston Bridge (North)",53.3478,-6.29243,0,0,OPEN,"2025-02-22 12:41:35",1,0,{},32,8,22,10,0,10,40,32,8,22,10,0,10,40
92,dublin,"HEUSTON BRIDGE (NORTH)","Heuston Bridge (North)",53.3478,-6.29243,0,0,OPEN,"2025-02-22 12:52:33",1,0,{},31,9,22,9,0,9,40,31,9,22,9,0,9,40
92,dublin,"HEUSTON BRIDGE (NORTH)","Heuston Bridge (North)",53.3478,-6.29243,0,0,OPEN,"2025-02-22 12:57:53",1,0,{},32,8,23,9,0,9,40,32,8,23,9,0,9,40
92,dublin,"HEUSTON BRIDGE (NORTH)","Heuston Bridge (North)",53.3478,-6.29243,0,0,OPEN,"2025-02-22 13:01:53",1,0,{},31,9,22,9,0,9,40,31,9,22,9,0,9,40
92,dublin,"HEUSTON BRIDGE (NORTH)","Heuston Bridge (North)",53.3478,-6.29243,0,0,OPEN,"2025-02-22 13:05:27",1,0,{},27,13,18,9,0,9,40,27,13,18,9,0,9,40
92,dublin,"HEUSTON BRIDGE (NORTH)","Heuston Bridge (North)",53.3478,-6.29243,0,0,OPEN,"2025-02-22 13:12:06",1,0,{},26,14,17,9,0,9,40,26,14,17,9,0,9,40
92,dublin,"HEUSTON BRIDGE (NORTH)","Heuston Bridge (North)",53.3478,-6.29243,0,0,OPEN,"2025-02-22 13:16:15",1,0,{},25,15,16,9,0,9,40,25,15,16,9,0,9,40
92,dublin,"HEUSTON BRIDGE (NORTH)","Heuston Bridge (North)",53.3478,-6.29243,0,0,OPEN,"2025-02-22 13:22:12",1,0,{},25,15,16,9,0,9,40,25,15,16,9,0,9,40
92,dublin,"HEUSTON BRIDGE (NORTH)","Heuston Bridge (North)",53.3478,-6.29243,0,0,OPEN,"2025-02-22 13:24:18",1,0,{},26,14,17,9,0,9,40,26,14,17,9,0,9,40
92,dublin,"HEUSTON BRIDGE (NORTH)","Heuston Bridge (North)",53.3478,-6.29243,0,0,OPEN,"2025-02-22 13:32:16",1,0,{},26,14,17,9,0,9,40,26,14,17,9,0,9,40
92,dublin,"HEUSTON BRIDGE (NORTH)","Heuston Bridge (North)",53.3478,-6.29243,0,0,OPEN,"2025-02-22 13:35:30",1,0,{},28,12,19,9,0,9,40,28,12,19,9,0,9,40
92,dublin,"HEUSTON BRIDGE (NORTH)","Heuston Bridge (North)",53.3478,-6.29243,0,0,OPEN,"2025-02-22 13:42:21",1,0,{},28,12,19,9,0,9,40,28,12,19,9,0,9,40
92,dublin,"HEUSTON BRIDGE (NORTH)","Heuston Bridge (North)",53.3478,-6.29243,0,0,OPEN,"2025-02-22 13:46:07",1,0,{},29,11,20,9,0,9,40,29,11,20,9,0,9,40
92,dublin,"HEUSTON BRIDGE (NORTH)","Heuston Bridge (North)",53.3478,-6.29243,0,0,OPEN,"2025-02-22 13:52:26",1,0,{},31,9,21,10,0,10,40,31,9,21,10,0,10,40
92,dublin,"HEUSTON BRIDGE (NORTH)","Heuston Bridge (North)",53.3478,-6.29243,0,0,OPEN,"2025-02-22 13:56:56",1,0,{},31,9,21,10,0,10,40,31,9,21,10,0,10,40
92,dublin,"HEUSTON BRIDGE (NORTH)","Heuston Bridge (North)",53.3478,-6.29243,0,0,OPEN,"2025-02-22 14:02:35",1,0,{},29,11,21,8,0,8,40,29,11,21,8,0,8,40
92,dublin,"HEUSTON BRIDGE (NORTH)","Heuston Bridge (North)",53.3478,-6.29243,0,0,OPEN,"2025-02-22 14:07:39",1,0,{},27,13,20,7,0,7,40,27,13,20,7,0,7,40
92,dublin,"HEUSTON BRIDGE (NORTH)","Heuston Bridge (North)",53.3478,-6.29243,0,0,OPEN,"2025-02-22 14:12:53",1,0,{},26,14,19,7,0,7,40,26,14,19,7,0,7,40
92,dublin,"HEUSTON BRIDGE (NORTH)","Heuston Bridge (North)",53.3478,-6.29243,0,0,OPEN,"2025-02-22 14:22:47",1,0,{},27,13,19,8,0,8,40,27,13,19,8,0,8,40
92,dublin,"HEUSTON BRIDGE (NORTH)","Heuston Bridge (North)",53.3478,-6.29243,0,0,OPEN,"2025-02-22 14:28:28",1,0,{},32,8,24,8,0,8,40,32,8,24,8,0,8,40
92,dublin,"HEUSTON BRIDGE (NORTH)","Heuston Bridge (North)",53.3478,-6.29243,0,0,OPEN,"2025-02-22 14:32:52",1,0,{},34,6,26,8,0,8,40,34,6,26,8,0,8,40
92,dublin,"HEUSTON BRIDGE (NORTH)","Heuston Bridge (North)",53.3478,-6.29243,0,0,OPEN,"2025-02-22 14:42:55",1,0,{},34,6,26,8,0,8,40,34,6,26,8,0,8,40
92,dublin,"HEUSTON BRIDGE (NORTH)","Heuston Bridge (North)",53.3478,-6.29243,0,0,OPEN,"2025-02-22 14:47:31",1,0,{},32,8,24,8,0,8,40,32,8,24,8,0,8,40
92,dublin,"HEUSTON BRIDGE (NORTH)","Heuston Bridge (North)",53.3478,-6.29243,0,0,OPEN,"2025-02-22 14:53:06",1,0,{},29,11,22,7,0,7,40,29,11,22,7,0,7,40
92,dublin,"HEUSTON BRIDGE (NORTH)","Heuston Bridge (North)",53.3478,-6.29243,0,0,OPEN,"2025-02-22 15:03:09",1,0,{},29,11,22,7,0,7,40,29,11,22,7,0,7,40
92,dublin,"HEUSTON BRIDGE (NORTH)","Heuston Bridge (North)",53.3478,-6.29243,0,0,OPEN,"2025-02-22 15:13:16",1,0,{},27,13,20,7,0,7,40,27,13,20,7,0,7,40
92,dublin,"HEUSTON BRIDGE (NORTH)","Heuston Bridge (North)",53.3478,-6.29243,0,0,OPEN,"2025-02-22 15:14:56",1,0,{},26,14,19,7,0,7,40,26,14,19,7,0,7,40
92,dublin,"HEUSTON BRIDGE (NORTH)","Heuston Bridge (North)",53.3478,-6.29243,0,0,OPEN,"2025-02-22 15:23:22",1,0,{},26,14,19,7,0,7,40,26,14,19,7,0,7,40
92,dublin,"HEUSTON BRIDGE (NORTH)","Heuston Bridge (North)",53.3478,-6.29243,0,0,OPEN,"2025-02-22 15:26:56",1,0,{},28,12,21,7,0,7,40,28,12,21,7,0,7,40
92,dublin,"HEUSTON BRIDGE (NORTH)","Heuston Bridge (North)",53.3478,-6.29243,0,0,OPEN,"2025-02-22 15:33:28",1,0,{},28,12,21,7,0,7,40,28,12,21,7,0,7,40
92,dublin,"HEUSTON BRIDGE (NORTH)","Heuston Bridge (North)",53.3478,-6.29243,0,0,OPEN,"2025-02-22 15:42:44",1,0,{},30,10,22,8,0,8,40,30,10,22,8,0,8,40
92,dublin,"HEUSTON BRIDGE (NORTH)","Heuston Bridge (North)",53.3478,-6.29243,0,0,OPEN,"2025-02-22 15:46:58",1,0,{},31,9,23,8,0,8,40,31,9,23,8,0,8,40
92,dublin,"HEUSTON BRIDGE (NORTH)","Heuston Bridge (North)",53.3478,-6.29243,0,0,OPEN,"2025-02-22 15:55:14",1,0,{},29,11,21,8,0,8,40,29,11,21,8,0,8,40
92,dublin,"HEUSTON BRIDGE (NORTH)","Heuston Bridge (North)",53.3478,-6.29243,0,0,OPEN,"2025-02-22 16:03:47",1,0,{},29,11,21,8,0,8,40,29,11,21,8,0,8,40
92,dublin,"HEUSTON BRIDGE (NORTH)","Heuston Bridge (North)",53.3478,-6.29243,0,0,OPEN,"2025-02-22 16:18:17",1,0,{},35,5,23,12,0,12,40,35,5,23,12,0,12,40
92,dublin,"HEUSTON BRIDGE (NORTH)","Heuston Bridge (North)",53.3478,-6.29243,0,0,OPEN,"2025-02-22 16:24:02",1,0,{},35,5,23,12,0,12,40,35,5,23,12,0,12,40
92,dublin,"HEUSTON BRIDGE (NORTH)","Heuston Bridge (North)",53.3478,-6.29243,0,0,OPEN,"2025-02-22 16:36:49",1,0,{},39,1,27,12,0,12,40,39,1,27,12,0,12,40
92,dublin,"HEUSTON BRIDGE (NORTH)","Heuston Bridge (North)",53.3478,-6.29243,0,0,OPEN,"2025-02-22 16:46:45",1,0,{},39,0,27,12,0,12,40,39,0,27,12,0,12,40
92,dublin,"HEUSTON BRIDGE (NORTH)","Heuston Bridge (North)",53.3478,-6.29243,0,0,OPEN,"2025-02-22 16:49:31",1,0,{},40,0,28,12,0,12,40,40,0,28,12,0,12,40
92,dublin,"HEUSTON BRIDGE (NORTH)","Heuston Bridge (North)",53.3478,-6.29243,0,0,OPEN,"2025-02-22 16:54:17",1,0,{},40,0,28,12,0,12,40,40,0,28,12,0,12,40
92,dublin,"HEUSTON BRIDGE (NORTH)","Heuston Bridge (North)",53.3478,-6.29243,0,0,OPEN,"2025-02-22 17:04:21",1,0,{},40,0,28,12,0,12,40,40,0,28,12,0,12,40
92,dublin,"HEUSTON BRIDGE (NORTH)","Heuston Bridge (North)",53.3478,-6.29243,0,0,OPEN,"2025-02-22 17:17:15",1,0,{},40,0,28,12,0,12,40,40,0,28,12,0,12,40
92,dublin,"HEUSTON BRIDGE (NORTH)","Heuston Bridge (North)",53.3478,-6.29243,0,0,OPEN,"2025-02-22 17:24:29",1,0,{},40,0,28,12,0,12,40,40,0,28,12,0,12,40
92,dublin,"HEUSTON BRIDGE (NORTH)","Heuston Bridge (North)",53.3478,-6.29243,0,0,OPEN,"2025-02-22 17:34:32",1,0,{},40,0,28,12,0,12,40,40,0,28,12,0,12,40
92,dublin,"HEUSTON BRIDGE (NORTH)","Heuston Bridge (North)",53.3478,-6.29243,0,0,OPEN,"2025-02-22 17:48:22",1,0,{},39,1,27,12,0,12,40,39,1,27,12,0,12,40
92,dublin,"HEUSTON BRIDGE (NORTH)","Heuston Bridge (North)",53.3478,-6.29243,0,0,OPEN,"2025-02-22 17:57:18",1,0,{},38,2,26,12,0,12,40,38,2,26,12,0,12,40
92,dublin,"HEUSTON BRIDGE (NORTH)","Heuston Bridge (North)",53.3478,-6.29243,0,0,OPEN,"2025-02-22 18:04:46",1,0,{},38,2,26,12,0,12,40,38,2,26,12,0,12,40
92,dublin,"HEUSTON BRIDGE (NORTH)","Heuston Bridge (North)",53.3478,-6.29243,0,0,OPEN,"2025-02-22 18:14:50",1,0,{},38,2,26,12,0,12,40,38,2,26,12,0,12,40
92,dublin,"HEUSTON BRIDGE (NORTH)","Heuston Bridge (North)",53.3478,-6.29243,0,0,OPEN,"2025-02-22 18:19:18",1,0,{},38,2,26,12,0,12,40,38,2,26,12,0,12,40
92,dublin,"HEUSTON BRIDGE (NORTH)","Heuston Bridge (North)",53.3478,-6.29243,0,0,OPEN,"2025-02-22 18:24:55",1,0,{},38,2,26,12,0,12,40,38,2,26,12,0,12,40
92,dublin,"HEUSTON BRIDGE (NORTH)","Heuston Bridge (North)",53.3478,-6.29243,0,0,OPEN,"2025-02-22 18:34:59",1,0,{},38,2,26,12,0,12,40,38,2,26,12,0,12,40
92,dublin,"HEUSTON BRIDGE (NORTH)","Heuston Bridge (North)",53.3478,-6.29243,0,0,OPEN,"2025-02-22 18:45:03",1,0,{},38,2,26,12,0,12,40,38,2,26,12,0,12,40
92,dublin,"HEUSTON BRIDGE (NORTH)","Heuston Bridge (North)",53.3478,-6.29243,0,0,OPEN,"2025-02-22 18:50:03",1,0,{},40,0,28,12,0,12,40,40,0,28,12,0,12,40
92,dublin,"HEUSTON BRIDGE (NORTH)","Heuston Bridge (North)",53.3478,-6.29243,0,0,OPEN,"2025-02-22 18:55:07",1,0,{},40,0,28,12,0,12,40,40,0,28,12,0,12,40
92,dublin,"HEUSTON BRIDGE (NORTH)","Heuston Bridge (North)",53.3478,-6.29243,0,0,OPEN,"2025-02-22 19:05:12",1,0,{},40,0,28,12,0,12,40,40,0,28,12,0,12,40
92,dublin,"HEUSTON BRIDGE (NORTH)","Heuston Bridge (North)",53.3478,-6.29243,0,0,OPEN,"2025-02-22 19:15:17",1,0,{},40,0,28,12,0,12,40,40,0,28,12,0,12,40
92,dublin,"HEUSTON BRIDGE (NORTH)","Heuston Bridge (North)",53.3478,-6.29243,0,0,OPEN,"2025-02-22 19:25:21",1,0,{},40,0,28,12,0,12,40,40,0,28,12,0,12,40
92,dublin,"HEUSTON BRIDGE (NORTH)","Heuston Bridge (North)",53.3478,-6.29243,0,0,OPEN,"2025-02-22 19:35:25",1,0,{},40,0,28,12,0,12,40,40,0,28,12,0,12,40
92,dublin,"HEUSTON BRIDGE (NORTH)","Heuston Bridge (North)",53.3478,-6.29243,0,0,OPEN,"2025-02-22 19:41:53",1,0,{},40,0,28,12,0,12,40,40,0,28,12,0,12,40
92,dublin,"HEUSTON BRIDGE (NORTH)","Heuston Bridge (North)",53.3478,-6.29243,0,0,OPEN,"2025-02-22 19:45:29",1,0,{},40,0,28,12,0,12,40,40,0,28,12,0,12,40
92,dublin,"HEUSTON BRIDGE (NORTH)","Heuston Bridge (North)",53.3478,-6.29243,0,0,OPEN,"2025-02-22 19:55:32",1,0,{},40,0,28,12,0,12,40,40,0,28,12,0,12,40
92,dublin,"HEUSTON BRIDGE (NORTH)","Heuston Bridge (North)",53.3478,-6.29243,0,0,OPEN,"2025-02-22 20:05:36",1,0,{},40,0,28,12,0,12,40,40,0,28,12,0,12,40
92,dublin,"HEUSTON BRIDGE (NORTH)","Heuston Bridge (North)",53.3478,-6.29243,0,0,OPEN,"2025-02-22 20:15:39",1,0,{},40,0,28,12,0,12,40,40,0,28,12,0,12,40
92,dublin,"HEUSTON BRIDGE (NORTH)","Heuston Bridge (North)",53.3478,-6.29243,0,0,OPEN,"2025-02-22 20:25:43",1,0,{},40,0,28,12,0,12,40,40,0,28,12,0,12,40
92,dublin,"HEUSTON BRIDGE (NORTH)","Heuston Bridge (North)",53.3478,-6.29243,0,0,OPEN,"2025-02-22 20:35:47",1,0,{},40,0,28,12,0,12,40,40,0,28,12,0,12,40
92,dublin,"HEUSTON BRIDGE (NORTH)","Heuston Bridge (North)",53.3478,-6.29243,0,0,OPEN,"2025-02-22 20:45:50",1,0,{},40,0,28,12,0,12,40,40,0,28,12,0,12,40
92,dublin,"HEUSTON BRIDGE (NORTH)","Heuston Bridge (North)",53.3478,-6.29243,0,0,OPEN,"2025-02-22 20:55:54",1,0,{},40,0,28,12,0,12,40,40,0,28,12,0,12,40
92,dublin,"HEUSTON BRIDGE (NORTH)","Heuston Bridge (North)",53.3478,-6.29243,0,0,OPEN,"2025-02-22 21:05:58",1,0,{},40,0,28,12,0,12,40,40,0,28,12,0,12,40
92,dublin,"HEUSTON BRIDGE (NORTH)","Heuston Bridge (North)",53.3478,-6.29243,0,0,OPEN,"2025-02-22 21:16:01",1,0,{},40,0,28,12,0,12,40,40,0,28,12,0,12,40
92,dublin,"HEUSTON BRIDGE (NORTH)","Heuston Bridge (North)",53.3478,-6.29243,0,0,OPEN,"2025-02-22 21:20:35",1,0,{},40,0,28,12,0,12,40,40,0,28,12,0,12,40
92,dublin,"HEUSTON BRIDGE (NORTH)","Heuston Bridge (North)",53.3478,-6.29243,0,0,OPEN,"2025-02-22 21:26:05",1,0,{},40,0,28,12,0,12,40,40,0,28,12,0,12,40
92,dublin,"HEUSTON BRIDGE (NORTH)","Heuston Bridge (North)",53.3478,-6.29243,0,0,OPEN,"2025-02-22 21:36:08",1,0,{},40,0,28,12,0,12,40,40,0,28,12,0,12,40
92,dublin,"HEUSTON BRIDGE (NORTH)","Heuston Bridge (North)",53.3478,-6.29243,0,0,OPEN,"2025-02-22 21:46:12",1,0,{},40,0,28,12,0,12,40,40,0,28,12,0,12,40
92,dublin,"HEUSTON BRIDGE (NORTH)","Heuston Bridge (North)",53.3478,-6.29243,0,0,OPEN,"2025-02-22 21:56:16",1,0,{},40,0,28,12,0,12,40,40,0,28,12,0,12,40
92,dublin,"HEUSTON BRIDGE (NORTH)","Heuston Bridge (North)",53.3478,-6.29243,0,0,OPEN,"2025-02-22 22:06:20",1,0,{},40,0,28,12,0,12,40,40,0,28,12,0,12,40
92,dublin,"HEUSTON BRIDGE (NORTH)","Heuston Bridge (North)",53.3478,-6.29243,0,0,OPEN,"2025-02-22 22:16:24",1,0,{},40,0,28,12,0,12,40,40,0,28,12,0,12,40
93,dublin,"HEUSTON STATION (CENTRAL)","Heuston Station (Central)",53.3466,-6.29692,0,0,OPEN,"2025-02-22 02:59:00",1,0,{},35,5,21,14,0,14,40,35,5,21,14,0,14,40
93,dublin,"HEUSTON STATION (CENTRAL)","Heuston Station (Central)",53.3466,-6.29692,0,0,OPEN,"2025-02-22 03:09:04",1,0,{},35,5,21,14,0,14,40,35,5,21,14,0,14,40
93,dublin,"HEUSTON STATION (CENTRAL)","Heuston Station (Central)",53.3466,-6.29692,0,0,OPEN,"2025-02-22 10:08:59",1,0,{},34,6,20,14,0,14,40,34,6,20,14,0,14,40
93,dublin,"HEUSTON STATION (CENTRAL)","Heuston Station (Central)",53.3466,-6.29692,0,0,OPEN,"2025-02-22 10:13:48",1,0,{},34,6,20,14,0,14,40,34,6,20,14,0,14,40
93,dublin,"HEUSTON STATION (CENTRAL)","Heuston Station (Central)",53.3466,-6.29692,0,0,OPEN,"2025-02-22 10:23:53",1,0,{},34,6,20,14,0,14,40,34,6,20,14,0,14,40
93,dublin,"HEUSTON STATION (CENTRAL)","Heuston Station (Central)",53.3466,-6.29692,0,0,OPEN,"2025-02-22 10:33:59",1,0,{},34,6,20,14,0,14,40,34,6,20,14,0,14,40
93,dublin,"HEUSTON STATION (CENTRAL)","Heuston Station (Central)",53.3466,-6.29692,0,0,OPEN,"2025-02-22 10:44:04",1,0,{},34,6,20,14,0,14,40,34,6,20,14,0,14,40
93,dublin,"HEUSTON STATION (CENTRAL)","Heuston Station (Central)",53.3466,-6.29692,0,0,OPEN,"2025-02-22 10:54:10",1,0,{},34,6,20,14,0,14,40,34,6,20,14,0,14,40
93,dublin,"HEUSTON STATION (CENTRAL)","Heuston Station (Central)",53.3466,-6.29692,0,0,OPEN,"2025-02-22 11:04:16",1,0,{},34,6,20,14,0,14,40,34,6,20,14,0,14,40
93,dublin,"HEUSTON STATION (CENTRAL)","Heuston Station (Central)",53.3466,-6.29692,0,0,OPEN,"2025-02-22 11:14:21",1,0,{},34,6,20,14,0,14,40,34,6,20,14,0,14,40
93,dublin,"HEUSTON STATION (CENTRAL)","Heuston Station (Central)",53.3466,-6.29692,0,0,OPEN,"2025-02-22 11:24:26",1,0,{},34,6,20,14,0,14,40,34,6,20,14,0,14,40
93,dublin,"HEUSTON STATION (CENTRAL)","Heuston Station (Central)",53.3466,-6.29692,0,0,OPEN,"2025-02-22 11:34:32",1,0,{},34,6,20,14,0,14,40,34,6,20,14,0,14,40
93,dublin,"HEUSTON STATION (CENTRAL)","Heuston Station (Central)",53.3466,-6.29692,0,0,OPEN,"2025-02-22 11:48:23",1,0,{},35,5,21,14,0,14,40,35,5,21,14,0,14,40
93,dublin,"HEUSTON STATION (CENTRAL)","Heuston Station (Central)",53.3466,-6.29692,0,0,OPEN,"2025-02-22 11:54:43",1,0,{},35,5,21,14,0,14,40,35,5,21,14,0,14,40
93,dublin,"HEUSTON STATION (CENTRAL)","Heuston Station (Central)",53.3466,-6.29692,0,0,OPEN,"2025-02-22 12:04:48",1,0,{},35,5,21,14,0,14,40,35,5,21,14,0,14,40
93,dublin,"HEUSTON STATION (CENTRAL)","Heuston Station (Central)",53.3466,-6.29692,0,0,OPEN,"2025-02-22 12:14:54",1,0,{},35,5,21,14,0,14,40,35,5,21,14,0,14,40
93,dublin,"HEUSTON STATION (CENTRAL)","Heuston Station (Central)",53.3466,-6.29692,0,0,OPEN,"2025-02-22 12:24:59",1,0,{},35,5,21,14,0,14,40,35,5,21,14,0,14,40
93,dublin,"HEUSTON STATION (CENTRAL)","Heuston Station (Central)",53.3466,-6.29692,0,0,OPEN,"2025-02-22 12:35:04",1,0,{},35,5,21,14,0,14,40,35,5,21,14,0,14,40
93,dublin,"HEUSTON STATION (CENTRAL)","Heuston Station (Central)",53.3466,-6.29692,0,0,OPEN,"2025-02-22 12:45:09",1,0,{},35,5,21,14,0,14,40,35,5,21,14,0,14,40
93,dublin,"HEUSTON STATION (CENTRAL)","Heuston Station (Central)",53.3466,-6.29692,0,0,OPEN,"2025-02-22 12:49:15",1,0,{},36,4,21,15,0,15,40,36,4,21,15,0,15,40
93,dublin,"HEUSTON STATION (CENTRAL)","Heuston Station (Central)",53.3466,-6.29692,0,0,OPEN,"2025-02-22 12:55:15",1,0,{},36,4,21,15,0,15,40,36,4,21,15,0,15,40
93,dublin,"HEUSTON STATION (CENTRAL)","Heuston Station (Central)",53.3466,-6.29692,0,0,OPEN,"2025-02-22 13:05:21",1,0,{},36,4,21,15,0,15,40,36,4,21,15,0,15,40
93,dublin,"HEUSTON STATION (CENTRAL)","Heuston Station (Central)",53.3466,-6.29692,0,0,OPEN,"2025-02-22 13:15:36",1,0,{},37,3,21,16,0,16,40,37,3,21,16,0,16,40
93,dublin,"HEUSTON STATION (CENTRAL)","Heuston Station (Central)",53.3466,-6.29692,0,0,OPEN,"2025-02-22 13:25:33",1,0,{},37,3,21,16,0,16,40,37,3,21,16,0,16,40
93,dublin,"HEUSTON STATION (CENTRAL)","Heuston Station (Central)",53.3466,-6.29692,0,0,OPEN,"2025-02-22 13:35:39",1,0,{},37,3,21,16,0,16,40,37,3,21,16,0,16,40
93,dublin,"HEUSTON STATION (CENTRAL)","Heuston Station (Central)",53.3466,-6.29692,0,0,OPEN,"2025-02-22 13:45:44",1,0,{},37,3,21,16,0,16,40,37,3,21,16,0,16,40
93,dublin,"HEUSTON STATION (CENTRAL)","Heuston Station (Central)",53.3466,-6.29692,0,0,OPEN,"2025-02-22 13:55:49",1,0,{},37,3,21,16,0,16,40,37,3,21,16,0,16,40
93,dublin,"HEUSTON STATION (CENTRAL)","Heuston Station (Central)",53.3466,-6.29692,0,0,OPEN,"2025-02-22 14:05:55",1,0,{},37,3,21,16,0,16,40,37,3,21,16,0,16,40
93,dublin,"HEUSTON STATION (CENTRAL)","Heuston Station (Central)",53.3466,-6.29692,0,0,OPEN,"2025-02-22 14:16:00",1,0,{},37,3,21,16,0,16,40,37,3,21,16,0,16,40
93,dublin,"HEUSTON STATION (CENTRAL)","Heuston Station (Central)",53.3466,-6.29692,0,0,OPEN,"2025-02-22 14:20:12",1,0,{},37,3,21,16,0,16,40,37,3,21,16,0,16,40
93,dublin,"HEUSTON STATION (CENTRAL)","Heuston Station (Central)",53.3466,-6.29692,0,0,OPEN,"2025-02-22 14:26:06",1,0,{},37,3,21,16,0,16,40,37,3,21,16,0,16,40
93,dublin,"HEUSTON STATION (CENTRAL)","Heuston Station (Central)",53.3466,-6.29692,0,0,OPEN,"2025-02-22 14:30:09",1,0,{},37,3,21,16,0,16,40,37,3,21,16,0,16,40
93,dublin,"HEUSTON STATION (CENTRAL)","Heuston Station (Central)",53.3466,-6.29692,0,0,OPEN,"2025-02-22 14:36:12",1,0,{},37,3,21,16,0,16,40,37,3,21,16,0,16,40
93,dublin,"HEUSTON STATION (CENTRAL)","Heuston Station (Central)",53.3466,-6.29692,0,0,OPEN,"2025-02-22 14:46:17",1,0,{},37,3,21,16,0,16,40,37,3,21,16,0,16,40
93,dublin,"HEUSTON STATION (CENTRAL)","Heuston Station (Central)",53.3466,-6.29692,0,0,OPEN,"2025-02-22 14:50:30",1,0,{},37,3,21,16,0,16,40,37,3,21,16,0,16,40
93,dublin,"HEUSTON STATION (CENTRAL)","Heuston Station (Central)",53.3466,-6.29692,0,0,OPEN,"2025-02-22 14:56:24",1,0,{},37,3,21,16,0,16,40,37,3,21,16,0,16,40
93,dublin,"HEUSTON STATION (CENTRAL)","Heuston Station (Central)",53.3466,-6.29692,0,0,OPEN,"2025-02-22 15:06:30",1,0,{},37,3,21,16,0,16,40,37,3,21,16,0,16,40
93,dublin,"HEUSTON STATION (CENTRAL)","Heuston Station (Central)",53.3466,-6.29692,0,0,OPEN,"2025-02-22 15:16:35",1,0,{},37,3,21,16,0,16,40,37,3,21,16,0,16,40
93,dublin,"HEUSTON STATION (CENTRAL)","Heuston Station (Central)",53.3466,-6.29692,0,0,OPEN,"2025-02-22 15:26:41",1,0,{},37,3,21,16,0,16,40,37,3,21,16,0,16,40
93,dublin,"HEUSTON STATION (CENTRAL)","Heuston Station (Central)",53.3466,-6.29692,0,0,OPEN,"2025-02-22 15:36:46",1,0,{},37,3,21,16,0,16,40,37,3,21,16,0,16,40
93,dublin,"HEUSTON STATION (CENTRAL)","Heuston Station (Central)",53.3466,-6.29692,0,0,OPEN,"2025-02-22 15:46:52",1,0,{},37,3,21,16,0,16,40,37,3,21,16,0,16,40
93,dublin,"HEUSTON STATION (CENTRAL)","Heuston Station (Central)",53.3466,-6.29692,0,0,OPEN,"2025-02-22 15:56:57",1,0,{},37,3,21,16,0,16,40,37,3,21,16,0,16,40
93,dublin,"HEUSTON STATION (CENTRAL)","Heuston Station (Central)",53.3466,-6.29692,0,0,OPEN,"2025-02-22 16:07:03",1,0,{},37,3,21,16,0,16,40,37,3,21,16,0,16,40
93,dublin,"HEUSTON STATION (CENTRAL)","Heuston Station (Central)",53.3466,-6.29692,0,0,OPEN,"2025-02-22 16:17:08",1,0,{},37,3,21,16,0,16,40,37,3,21,16,0,16,40
93,dublin,"HEUSTON STATION (CENTRAL)","Heuston Station (Central)",53.3466,-6.29692,0,0,OPEN,"2025-02-22 16:27:14",1,0,{},37,3,21,16,0,16,40,37,3,21,16,0,16,40
93,dublin,"HEUSTON STATION (CENTRAL)","Heuston Station (Central)",53.3466,-6.29692,0,0,OPEN,"2025-02-22 16:37:20",1,0,{},37,3,21,16,0,16,40,37,3,21,16,0,16,40
93,dublin,"HEUSTON STATION (CENTRAL)","Heuston Station (Central)",53.3466,-6.29692,0,0,OPEN,"2025-02-22 16:47:25",1,0,{},37,3,21,16,0,16,40,37,3,21,16,0,16,40
93,dublin,"HEUSTON STATION (CENTRAL)","Heuston Station (Central)",53.3466,-6.29692,0,0,OPEN,"2025-02-22 16:57:30",1,0,{},37,3,21,16,0,16,40,37,3,21,16,0,16,40
93,dublin,"HEUSTON STATION (CENTRAL)","Heuston Station (Central)",53.3466,-6.29692,0,0,OPEN,"2025-02-22 17:08:12",1,0,{},37,3,21,16,0,16,40,37,3,21,16,0,16,40
93,dublin,"HEUSTON STATION (CENTRAL)","Heuston Station (Central)",53.3466,-6.29692,0,0,OPEN,"2025-02-22 17:17:42",1,0,{},37,3,21,16,0,16,40,37,3,21,16,0,16,40
93,dublin,"HEUSTON STATION (CENTRAL)","Heuston Station (Central)",53.3466,-6.29692,0,0,OPEN,"2025-02-22 17:27:49",1,0,{},37,3,21,16,0,16,40,37,3,21,16,0,16,40
93,dublin,"HEUSTON STATION (CENTRAL)","Heuston Station (Central)",53.3466,-6.29692,0,0,OPEN,"2025-02-22 17:37:54",1,0,{},37,3,21,16,0,16,40,37,3,21,16,0,16,40
93,dublin,"HEUSTON STATION (CENTRAL)","Heuston Station (Central)",53.3466,-6.29692,0,0,OPEN,"2025-02-22 17:48:00",1,0,{},37,3,21,16,0,16,40,37,3,21,16,0,16,40
93,dublin,"HEUSTON STATION (CENTRAL)","Heuston Station (Central)",53.3466,-6.29692,0,0,OPEN,"2025-02-22 17:58:05",1,0,{},37,3,21,16,0,16,40,37,3,21,16,0,16,40
93,dublin,"HEUSTON STATION (CENTRAL)","Heuston Station (Central)",53.3466,-6.29692,0,0,OPEN,"2025-02-22 18:08:10",1,0,{},37,3,21,16,0,16,40,37,3,21,16,0,16,40
93,dublin,"HEUSTON STATION (CENTRAL)","Heuston Station (Central)",53.3466,-6.29692,0,0,OPEN,"2025-02-22 18:18:16",1,0,{},37,3,21,16,0,16,40,37,3,21,16,0,16,40
93,dublin,"HEUSTON STATION (CENTRAL)","Heuston Station (Central)",53.3466,-6.29692,0,0,OPEN,"2025-02-22 18:28:21",1,0,{},37,3,21,16,0,16,40,37,3,21,16,0,16,40
93,dublin,"HEUSTON STATION (CENTRAL)","Heuston Station (Central)",53.3466,-6.29692,0,0,OPEN,"2025-02-22 18:38:26",1,0,{},37,3,21,16,0,16,40,37,3,21,16,0,16,40
93,dublin,"HEUSTON STATION (CENTRAL)","Heuston Station (Central)",53.3466,-6.29692,0,0,OPEN,"2025-02-22 18:48:31",1,0,{},37,3,21,16,0,16,40,37,3,21,16,0,16,40
93,dublin,"HEUSTON STATION (CENTRAL)","Heuston Station (Central)",53.3466,-6.29692,0,0,OPEN,"2025-02-22 18:58:37",1,0,{},37,3,21,16,0,16,40,37,3,21,16,0,16,40
93,dublin,"HEUSTON STATION (CENTRAL)","Heuston Station (Central)",53.3466,-6.29692,0,0,OPEN,"2025-02-22 19:08:42",1,0,{},37,3,21,16,0,16,40,37,3,21,16,0,16,40
93,dublin,"HEUSTON STATION (CENTRAL)","Heuston Station (Central)",53.3466,-6.29692,0,0,OPEN,"2025-02-22 19:18:48",1,0,{},37,3,21,16,0,16,40,37,3,21,16,0,16,40
93,dublin,"HEUSTON STATION (CENTRAL)","Heuston Station (Central)",53.3466,-6.29692,0,0,OPEN,"2025-02-22 19:28:53",1,0,{},37,3,21,16,0,16,40,37,3,21,16,0,16,40
93,dublin,"HEUSTON STATION (CENTRAL)","Heuston Station (Central)",53.3466,-6.29692,0,0,OPEN,"2025-02-22 19:34:21",1,0,{},37,3,21,16,0,16,40,37,3,21,16,0,16,40
93,dublin,"HEUSTON STATION (CENTRAL)","Heuston Station (Central)",53.3466,-6.29692,0,0,OPEN,"2025-02-22 19:38:59",1,0,{},37,3,21,16,0,16,40,37,3,21,16,0,16,40
93,dublin,"HEUSTON STATION (CENTRAL)","Heuston Station (Central)",53.3466,-6.29692,0,0,OPEN,"2025-02-22 19:49:05",1,0,{},37,3,21,16,0,16,40,37,3,21,16,0,16,40
93,dublin,"HEUSTON STATION (CENTRAL)","Heuston Station (Central)",53.3466,-6.29692,0,0,OPEN,"2025-02-22 19:59:10",1,0,{},37,3,21,16,0,16,40,37,3,21,16,0,16,40
93,dublin,"HEUSTON STATION (CENTRAL)","Heuston Station (Central)",53.3466,-6.29692,0,0,OPEN,"2025-02-22 20:09:15",1,0,{},37,3,21,16,0,16,40,37,3,21,16,0,16,40
93,dublin,"HEUSTON STATION (CENTRAL)","Heuston Station (Central)",53.3466,-6.29692,0,0,OPEN,"2025-02-22 20:19:20",1,0,{},37,3,21,16,0,16,40,37,3,21,16,0,16,40
93,dublin,"HEUSTON STATION (CENTRAL)","Heuston Station (Central)",53.3466,-6.29692,0,0,OPEN,"2025-02-22 20:29:25",1,0,{},37,3,21,16,0,16,40,37,3,21,16,0,16,40
93,dublin,"HEUSTON STATION (CENTRAL)","Heuston Station (Central)",53.3466,-6.29692,0,0,OPEN,"2025-02-22 20:39:31",1,0,{},37,3,21,16,0,16,40,37,3,21,16,0,16,40
93,dublin,"HEUSTON STATION (CENTRAL)","Heuston Station (Central)",53.3466,-6.29692,0,0,OPEN,"2025-02-22 20:49:36",1,0,{},37,3,21,16,0,16,40,37,3,21,16,0,16,40
93,dublin,"HEUSTON STATION (CENTRAL)","Heuston Station (Central)",53.3466,-6.29692,0,0,OPEN,"2025-02-22 20:59:41",1,0,{},37,3,21,16,0,16,40,37,3,21,16,0,16,40
93,dublin,"HEUSTON STATION (CENTRAL)","Heuston Station (Central)",53.3466,-6.29692,0,0,OPEN,"2025-02-22 21:09:46",1,0,{},37,3,21,16,0,16,40,37,3,21,16,0,16,40
93,dublin,"HEUSTON STATION (CENTRAL)","Heuston Station (Central)",53.3466,-6.29692,0,0,OPEN,"2025-02-22 21:19:52",1,0,{},37,3,21,16,0,16,40,37,3,21,16,0,16,40
93,dublin,"HEUSTON STATION (CENTRAL)","Heuston Station (Central)",53.3466,-6.29692,0,0,OPEN,"2025-02-22 21:29:57",1,0,{},37,3,21,16,0,16,40,37,3,21,16,0,16,40
93,dublin,"HEUSTON STATION (CENTRAL)","Heuston Station (Central)",53.3466,-6.29692,0,0,OPEN,"2025-02-22 21:40:02",1,0,{},37,3,21,16,0,16,40,37,3,21,16,0,16,40
93,dublin,"HEUSTON STATION (CENTRAL)","Heuston Station (Central)",53.3466,-6.29692,0,0,OPEN,"2025-02-22 21:50:08",1,0,{},37,3,21,16,0,16,40,37,3,21,16,0,16,40
93,dublin,"HEUSTON STATION (CENTRAL)","Heuston Station (Central)",53.3466,-6.29692,0,0,OPEN,"2025-02-22 22:00:14",1,0,{},37,3,21,16,0,16,40,37,3,21,16,0,16,40
93,dublin,"HEUSTON STATION (CENTRAL)","Heuston Station (Central)",53.3466,-6.29692,0,0,OPEN,"2025-02-22 22:05:21",1,0,{},37,3,21,16,0,16,40,37,3,21,16,0,16,40
93,dublin,"HEUSTON STATION (CENTRAL)","Heuston Station (Central)",53.3466,-6.29692,0,0,OPEN,"2025-02-22 22:10:20",1,0,{},37,3,21,16,0,16,40,37,3,21,16,0,16,40
93,dublin,"HEUSTON STATION (CENTRAL)","Heuston Station (Central)",53.3466,-6.29692,0,0,OPEN,"2025-02-22 22:17:29",1,0,{},37,3,21,16,0,16,40,37,3,21,16,0,16,40
94,dublin,"HEUSTON STATION (CAR PARK)","Heuston Station (Car Park)",53.347,-6.2978,0,0,OPEN,"2025-02-22 02:58:24",1,0,{},21,19,14,7,0,7,40,21,19,14,7,0,7,40
94,dublin,"HEUSTON STATION (CAR PARK)","Heuston Station (Car Park)",53.347,-6.2978,0,0,OPEN,"2025-02-22 03:08:28",1,0,{},21,19,14,7,0,7,40,21,19,14,7,0,7,40
94,dublin,"HEUSTON STATION (CAR PARK)","Heuston Station (Car Park)",53.347,-6.2978,0,0,OPEN,"2025-02-22 10:13:11",1,0,{},21,19,14,7,0,7,40,21,19,14,7,0,7,40
94,dublin,"HEUSTON STATION (CAR PARK)","Heuston Station (Car Park)",53.347,-6.2978,0,0,OPEN,"2025-02-22 10:23:17",1,0,{},21,19,14,7,0,7,40,21,19,14,7,0,7,40
94,dublin,"HEUSTON STATION (CAR PARK)","Heuston Station (Car Park)",53.347,-6.2978,0,0,OPEN,"2025-02-22 10:33:23",1,0,{},21,19,14,7,0,7,40,21,19,14,7,0,7,40
94,dublin,"HEUSTON STATION (CAR PARK)","Heuston Station (Car Park)",53.347,-6.2978,0,0,OPEN,"2025-02-22 10:43:28",1,0,{},21,19,14,7,0,7,40,21,19,14,7,0,7,40
94,dublin,"HEUSTON STATION (CAR PARK)","Heuston Station (Car Park)",53.347,-6.2978,0,0,OPEN,"2025-02-22 10:53:33",1,0,{},21,19,14,7,0,7,40,21,19,14,7,0,7,40
94,dublin,"HEUSTON STATION (CAR PARK)","Heuston Station (Car Park)",53.347,-6.2978,0,0,OPEN,"2025-02-22 11:03:38",1,0,{},21,19,14,7,0,7,40,21,19,14,7,0,7,40
94,dublin,"HEUSTON STATION (CAR PARK)","Heuston Station (Car Park)",53.347,-6.2978,0,0,OPEN,"2025-02-22 11:13:44",1,0,{},21,19,14,7,0,7,40,21,19,14,7,0,7,40
94,dublin,"HEUSTON STATION (CAR PARK)","Heuston Station (Car Park)",53.347,-6.2978,0,0,OPEN,"2025-02-22 11:23:49",1,0,{},21,19,14,7,0,7,40,21,19,14,7,0,7,40
94,dublin,"HEUSTON STATION (CAR PARK)","Heuston Station (Car Park)",53.347,-6.2978,0,0,OPEN,"2025-02-22 11:33:54",1,0,{},21,19,14,7,0,7,40,21,19,14,7,0,7,40
94,dublin,"HEUSTON STATION (CAR PARK)","Heuston Station (Car Park)",53.347,-6.2978,0,0,OPEN,"2025-02-22 11:44:00",1,0,{},21,19,14,7,0,7,40,21,19,14,7,0,7,40
94,dublin,"HEUSTON STATION (CAR PARK)","Heuston Station (Car Park)",53.347,-6.2978,0,0,OPEN,"2025-02-22 11:54:05",1,0,{},21,19,14,7,0,7,40,21,19,14,7,0,7,40
94,dublin,"HEUSTON STATION (CAR PARK)","Heuston Station (Car Park)",53.347,-6.2978,0,0,OPEN,"2025-02-22 12:04:10",1,0,{},21,19,14,7,0,7,40,21,19,14,7,0,7,40
94,dublin,"HEUSTON STATION (CAR PARK)","Heuston Station (Car Park)",53.347,-6.2978,0,0,OPEN,"2025-02-22 12:14:16",1,0,{},21,19,14,7,0,7,40,21,19,14,7,0,7,40
94,dublin,"HEUSTON STATION (CAR PARK)","Heuston Station (Car Park)",53.347,-6.2978,0,0,OPEN,"2025-02-22 12:24:21",1,0,{},21,19,14,7,0,7,40,21,19,14,7,0,7,40
94,dublin,"HEUSTON STATION (CAR PARK)","Heuston Station (Car Park)",53.347,-6.2978,0,0,OPEN,"2025-02-22 12:34:27",1,0,{},21,19,14,7,0,7,40,21,19,14,7,0,7,40
94,dublin,"HEUSTON STATION (CAR PARK)","Heuston Station (Car Park)",53.347,-6.2978,0,0,OPEN,"2025-02-22 12:44:33",1,0,{},21,19,14,7,0,7,40,21,19,14,7,0,7,40
94,dublin,"HEUSTON STATION (CAR PARK)","Heuston Station (Car Park)",53.347,-6.2978,0,0,OPEN,"2025-02-22 12:54:39",1,0,{},21,19,14,7,0,7,40,21,19,14,7,0,7,40
94,dublin,"HEUSTON STATION (CAR PARK)","Heuston Station (Car Park)",53.347,-6.2978,0,0,OPEN,"2025-02-22 13:04:47",1,0,{},21,19,14,7,0,7,40,21,19,14,7,0,7,40
94,dublin,"HEUSTON STATION (CAR PARK)","Heuston Station (Car Park)",53.347,-6.2978,0,0,OPEN,"2025-02-22 13:14:50",1,0,{},21,19,14,7,0,7,40,21,19,14,7,0,7,40
94,dublin,"HEUSTON STATION (CAR PARK)","Heuston Station (Car Park)",53.347,-6.2978,0,0,OPEN,"2025-02-22 13:24:55",1,0,{},21,19,14,7,0,7,40,21,19,14,7,0,7,40
94,dublin,"HEUSTON STATION (CAR PARK)","Heuston Station (Car Park)",53.347,-6.2978,0,0,OPEN,"2025-02-22 13:35:00",1,0,{},21,19,14,7,0,7,40,21,19,14,7,0,7,40
94,dublin,"HEUSTON STATION (CAR PARK)","Heuston Station (Car Park)",53.347,-6.2978,0,0,OPEN,"2025-02-22 13:45:06",1,0,{},21,19,14,7,0,7,40,21,19,14,7,0,7,40
94,dublin,"HEUSTON STATION (CAR PARK)","Heuston Station (Car Park)",53.347,-6.2978,0,0,OPEN,"2025-02-22 13:55:11",1,0,{},21,19,14,7,0,7,40,21,19,14,7,0,7,40
94,dublin,"HEUSTON STATION (CAR PARK)","Heuston Station (Car Park)",53.347,-6.2978,0,0,OPEN,"2025-02-22 14:05:16",1,0,{},21,19,14,7,0,7,40,21,19,14,7,0,7,40
94,dublin,"HEUSTON STATION (CAR PARK)","Heuston Station (Car Park)",53.347,-6.2978,0,0,OPEN,"2025-02-22 14:15:22",1,0,{},21,19,14,7,0,7,40,21,19,14,7,0,7,40
94,dublin,"HEUSTON STATION (CAR PARK)","Heuston Station (Car Park)",53.347,-6.2978,0,0,OPEN,"2025-02-22 14:25:28",1,0,{},21,19,14,7,0,7,40,21,19,14,7,0,7,40
94,dublin,"HEUSTON STATION (CAR PARK)","Heuston Station (Car Park)",53.347,-6.2978,0,0,OPEN,"2025-02-22 14:35:33",1,0,{},21,19,14,7,0,7,40,21,19,14,7,0,7,40
94,dublin,"HEUSTON STATION (CAR PARK)","Heuston Station (Car Park)",53.347,-6.2978,0,0,OPEN,"2025-02-22 14:45:39",1,0,{},21,19,14,7,0,7,40,21,19,14,7,0,7,40
94,dublin,"HEUSTON STATION (CAR PARK)","Heuston Station (Car Park)",53.347,-6.2978,0,0,OPEN,"2025-02-22 14:55:44",1,0,{},21,19,14,7,0,7,40,21,19,14,7,0,7,40
94,dublin,"HEUSTON STATION (CAR PARK)","Heuston Station (Car Park)",53.347,-6.2978,0,0,OPEN,"2025-02-22 15:05:50",1,0,{},21,19,14,7,0,7,40,21,19,14,7,0,7,40
94,dublin,"HEUSTON STATION (CAR PARK)","Heuston Station (Car Park)",53.347,-6.2978,0,0,OPEN,"2025-02-22 15:15:55",1,0,{},21,19,14,7,0,7,40,21,19,14,7,0,7,40
94,dublin,"HEUSTON STATION (CAR PARK)","Heuston Station (Car Park)",53.347,-6.2978,0,0,OPEN,"2025-02-22 15:26:00",1,0,{},21,19,14,7,0,7,40,21,19,14,7,0,7,40
94,dublin,"HEUSTON STATION (CAR PARK)","Heuston Station (Car Park)",53.347,-6.2978,0,0,OPEN,"2025-02-22 15:36:05",1,0,{},21,19,14,7,0,7,40,21,19,14,7,0,7,40
94,dublin,"HEUSTON STATION (CAR PARK)","Heuston Station (Car Park)",53.347,-6.2978,0,0,OPEN,"2025-02-22 15:46:11",1,0,{},21,19,14,7,0,7,40,21,19,14,7,0,7,40
94,dublin,"HEUSTON STATION (CAR PARK)","Heuston Station (Car Park)",53.347,-6.2978,0,0,OPEN,"2025-02-22 15:56:16",1,0,{},21,19,14,7,0,7,40,21,19,14,7,0,7,40
94,dublin,"HEUSTON STATION (CAR PARK)","Heuston Station (Car Park)",53.347,-6.2978,0,0,OPEN,"2025-02-22 16:06:21",1,0,{},21,19,14,7,0,7,40,21,19,14,7,0,7,40
94,dublin,"HEUSTON STATION (CAR PARK)","Heuston Station (Car Park)",53.347,-6.2978,0,0,OPEN,"2025-02-22 16:13:25",1,0,{},22,18,15,7,0,7,40,22,18,15,7,0,7,40
94,dublin,"HEUSTON STATION (CAR PARK)","Heuston Station (Car Park)",53.347,-6.2978,0,0,OPEN,"2025-02-22 16:16:28",1,0,{},22,18,15,7,0,7,40,22,18,15,7,0,7,40
94,dublin,"HEUSTON STATION (CAR PARK)","Heuston Station (Car Park)",53.347,-6.2978,0,0,OPEN,"2025-02-22 16:26:33",1,0,{},22,18,15,7,0,7,40,22,18,15,7,0,7,40
94,dublin,"HEUSTON STATION (CAR PARK)","Heuston Station (Car Park)",53.347,-6.2978,0,0,OPEN,"2025-02-22 16:36:38",1,0,{},22,18,15,7,0,7,40,22,18,15,7,0,7,40
94,dublin,"HEUSTON STATION (CAR PARK)","Heuston Station (Car Park)",53.347,-6.2978,0,0,OPEN,"2025-02-22 16:46:44",1,0,{},22,18,15,7,0,7,40,22,18,15,7,0,7,40
94,dublin,"HEUSTON STATION (CAR PARK)","Heuston Station (Car Park)",53.347,-6.2978,0,0,OPEN,"2025-02-22 16:56:50",1,0,{},22,18,15,7,0,7,40,22,18,15,7,0,7,40
94,dublin,"HEUSTON STATION (CAR PARK)","Heuston Station (Car Park)",53.347,-6.2978,0,0,OPEN,"2025-02-22 17:00:31",1,0,{},22,18,15,7,0,7,40,22,18,15,7,0,7,40
94,dublin,"HEUSTON STATION (CAR PARK)","Heuston Station (Car Park)",53.347,-6.2978,0,0,OPEN,"2025-02-22 17:06:55",1,0,{},22,18,15,7,0,7,40,22,18,15,7,0,7,40
94,dublin,"HEUSTON STATION (CAR PARK)","Heuston Station (Car Park)",53.347,-6.2978,0,0,OPEN,"2025-02-22 17:17:00",1,0,{},22,18,15,7,0,7,40,22,18,15,7,0,7,40
94,dublin,"HEUSTON STATION (CAR PARK)","Heuston Station (Car Park)",53.347,-6.2978,0,0,OPEN,"2025-02-22 17:27:06",1,0,{},22,18,15,7,0,7,40,22,18,15,7,0,7,40
94,dublin,"HEUSTON STATION (CAR PARK)","Heuston Station (Car Park)",53.347,-6.2978,0,0,OPEN,"2025-02-22 17:37:11",1,0,{},22,18,15,7,0,7,40,22,18,15,7,0,7,40
94,dublin,"HEUSTON STATION (CAR PARK)","Heuston Station (Car Park)",53.347,-6.2978,0,0,OPEN,"2025-02-22 17:47:17",1,0,{},22,18,15,7,0,7,40,22,18,15,7,0,7,40
94,dublin,"HEUSTON STATION (CAR PARK)","Heuston Station (Car Park)",53.347,-6.2978,0,0,OPEN,"2025-02-22 17:57:22",1,0,{},22,18,15,7,0,7,40,22,18,15,7,0,7,40
94,dublin,"HEUSTON STATION (CAR PARK)","Heuston Station (Car Park)",53.347,-6.2978,0,0,OPEN,"2025-02-22 18:07:28",1,0,{},22,18,15,7,0,7,40,22,18,15,7,0,7,40
94,dublin,"HEUSTON STATION (CAR PARK)","Heuston Station (Car Park)",53.347,-6.2978,0,0,OPEN,"2025-02-22 18:17:33",1,0,{},22,18,15,7,0,7,40,22,18,15,7,0,7,40
94,dublin,"HEUSTON STATION (CAR PARK)","Heuston Station (Car Park)",53.347,-6.2978,0,0,OPEN,"2025-02-22 18:27:39",1,0,{},22,18,15,7,0,7,40,22,18,15,7,0,7,40
94,dublin,"HEUSTON STATION (CAR PARK)","Heuston Station (Car Park)",53.347,-6.2978,0,0,OPEN,"2025-02-22 18:37:44",1,0,{},22,18,15,7,0,7,40,22,18,15,7,0,7,40
94,dublin,"HEUSTON STATION (CAR PARK)","Heuston Station (Car Park)",53.347,-6.2978,0,0,OPEN,"2025-02-22 18:47:50",1,0,{},22,18,15,7,0,7,40,22,18,15,7,0,7,40
94,dublin,"HEUSTON STATION (CAR PARK)","Heuston Station (Car Park)",53.347,-6.2978,0,0,OPEN,"2025-02-22 18:57:55",1,0,{},22,18,15,7,0,7,40,22,18,15,7,0,7,40
94,dublin,"HEUSTON STATION (CAR PARK)","Heuston Station (Car Park)",53.347,-6.2978,0,0,OPEN,"2025-02-22 19:08:01",1,0,{},22,18,15,7,0,7,40,22,18,15,7,0,7,40
94,dublin,"HEUSTON STATION (CAR PARK)","Heuston Station (Car Park)",53.347,-6.2978,0,0,OPEN,"2025-02-22 19:18:06",1,0,{},22,18,15,7,0,7,40,22,18,15,7,0,7,40
94,dublin,"HEUSTON STATION (CAR PARK)","Heuston Station (Car Park)",53.347,-6.2978,0,0,OPEN,"2025-02-22 19:28:12",1,0,{},22,18,15,7,0,7,40,22,18,15,7,0,7,40
94,dublin,"HEUSTON STATION (CAR PARK)","Heuston Station (Car Park)",53.347,-6.2978,0,0,OPEN,"2025-02-22 19:38:17",1,0,{},22,18,15,7,0,7,40,22,18,15,7,0,7,40
94,dublin,"HEUSTON STATION (CAR PARK)","Heuston Station (Car Park)",53.347,-6.2978,0,0,OPEN,"2025-02-22 19:48:23",1,0,{},22,18,15,7,0,7,40,22,18,15,7,0,7,40
94,dublin,"HEUSTON STATION (CAR PARK)","Heuston Station (Car Park)",53.347,-6.2978,0,0,OPEN,"2025-02-22 19:58:29",1,0,{},22,18,15,7,0,7,40,22,18,15,7,0,7,40
94,dublin,"HEUSTON STATION (CAR PARK)","Heuston Station (Car Park)",53.347,-6.2978,0,0,OPEN,"2025-02-22 20:01:17",1,0,{},22,18,15,7,0,7,40,22,18,15,7,0,7,40
94,dublin,"HEUSTON STATION (CAR PARK)","Heuston Station (Car Park)",53.347,-6.2978,0,0,OPEN,"2025-02-22 20:09:03",1,0,{},21,19,14,7,0,7,40,21,19,14,7,0,7,40
94,dublin,"HEUSTON STATION (CAR PARK)","Heuston Station (Car Park)",53.347,-6.2978,0,0,OPEN,"2025-02-22 20:18:42",1,0,{},21,19,14,7,0,7,40,21,19,14,7,0,7,40
94,dublin,"HEUSTON STATION (CAR PARK)","Heuston Station (Car Park)",53.347,-6.2978,0,0,OPEN,"2025-02-22 20:28:47",1,0,{},21,19,14,7,0,7,40,21,19,14,7,0,7,40
94,dublin,"HEUSTON STATION (CAR PARK)","Heuston Station (Car Park)",53.347,-6.2978,0,0,OPEN,"2025-02-22 20:38:53",1,0,{},21,19,14,7,0,7,40,21,19,14,7,0,7,40
94,dublin,"HEUSTON STATION (CAR PARK)","Heuston Station (Car Park)",53.347,-6.2978,0,0,OPEN,"2025-02-22 20:48:58",1,0,{},21,19,14,7,0,7,40,21,19,14,7,0,7,40
94,dublin,"HEUSTON STATION (CAR PARK)","Heuston Station (Car Park)",53.347,-6.2978,0,0,OPEN,"2025-02-22 20:59:03",1,0,{},21,19,14,7,0,7,40,21,19,14,7,0,7,40
94,dublin,"HEUSTON STATION (CAR PARK)","Heuston Station (Car Park)",53.347,-6.2978,0,0,OPEN,"2025-02-22 21:09:09",1,0,{},21,19,14,7,0,7,40,21,19,14,7,0,7,40
94,dublin,"HEUSTON STATION (CAR PARK)","Heuston Station (Car Park)",53.347,-6.2978,0,0,OPEN,"2025-02-22 21:19:14",1,0,{},21,19,14,7,0,7,40,21,19,14,7,0,7,40
94,dublin,"HEUSTON STATION (CAR PARK)","Heuston Station (Car Park)",53.347,-6.2978,0,0,OPEN,"2025-02-22 21:29:20",1,0,{},21,19,14,7,0,7,40,21,19,14,7,0,7,40
94,dublin,"HEUSTON STATION (CAR PARK)","Heuston Station (Car Park)",53.347,-6.2978,0,0,OPEN,"2025-02-22 21:39:25",1,0,{},21,19,14,7,0,7,40,21,19,14,7,0,7,40
94,dublin,"HEUSTON STATION (CAR PARK)","Heuston Station (Car Park)",53.347,-6.2978,0,0,OPEN,"2025-02-22 21:49:31",1,0,{},21,19,14,7,0,7,40,21,19,14,7,0,7,40
94,dublin,"HEUSTON STATION (CAR PARK)","Heuston Station (Car Park)",53.347,-6.2978,0,0,OPEN,"2025-02-22 21:59:36",1,0,{},21,19,14,7,0,7,40,21,19,14,7,0,7,40
94,dublin,"HEUSTON STATION (CAR PARK)","Heuston Station (Car Park)",53.347,-6.2978,0,0,OPEN,"2025-02-22 22:10:56",1,0,{},21,19,14,7,0,7,40,21,19,14,7,0,7,40
95,dublin,"ROYAL HOSPITAL","Royal Hospital",53.3439,-6.29706,0,0,OPEN,"2025-02-22 02:53:08",1,0,{},32,8,21,11,0,11,40,32,8,21,11,0,11,40
95,dublin,"ROYAL HOSPITAL","Royal Hospital",53.3439,-6.29706,0,0,OPEN,"2025-02-22 03:13:18",1,0,{},32,8,21,11,0,11,40,32,8,21,11,0,11,40
95,dublin,"ROYAL HOSPITAL","Royal Hospital",53.3439,-6.29706,0,0,OPEN,"2025-02-22 10:12:59",1,0,{},26,14,16,10,0,10,40,26,14,16,10,0,10,40
95,dublin,"ROYAL HOSPITAL","Royal Hospital",53.3439,-6.29706,0,0,OPEN,"2025-02-22 10:23:02",1,0,{},27,13,17,10,0,10,40,27,13,17,10,0,10,40
95,dublin,"ROYAL HOSPITAL","Royal Hospital",53.3439,-6.29706,0,0,OPEN,"2025-02-22 10:33:06",1,0,{},27,13,17,10,0,10,40,27,13,17,10,0,10,40
95,dublin,"ROYAL HOSPITAL","Royal Hospital",53.3439,-6.29706,0,0,OPEN,"2025-02-22 10:35:12",1,0,{},25,15,15,10,0,10,40,25,15,15,10,0,10,40
95,dublin,"ROYAL HOSPITAL","Royal Hospital",53.3439,-6.29706,0,0,OPEN,"2025-02-22 10:43:12",1,0,{},25,15,15,10,0,10,40,25,15,15,10,0,10,40
95,dublin,"ROYAL HOSPITAL","Royal Hospital",53.3439,-6.29706,0,0,OPEN,"2025-02-22 10:53:16",1,0,{},25,15,15,10,0,10,40,25,15,15,10,0,10,40
95,dublin,"ROYAL HOSPITAL","Royal Hospital",53.3439,-6.29706,0,0,OPEN,"2025-02-22 10:53:35",1,0,{},24,16,15,9,0,9,40,24,16,15,9,0,9,40
95,dublin,"ROYAL HOSPITAL","Royal Hospital",53.3439,-6.29706,0,0,OPEN,"2025-02-22 11:03:21",1,0,{},24,16,15,9,0,9,40,24,16,15,9,0,9,40
95,dublin,"ROYAL HOSPITAL","Royal Hospital",53.3439,-6.29706,0,0,OPEN,"2025-02-22 11:13:24",1,0,{},24,16,15,9,0,9,40,24,16,15,9,0,9,40
95,dublin,"ROYAL HOSPITAL","Royal Hospital",53.3439,-6.29706,0,0,OPEN,"2025-02-22 11:15:32",1,0,{},22,18,13,9,0,9,40,22,18,13,9,0,9,40
95,dublin,"ROYAL HOSPITAL","Royal Hospital",53.3439,-6.29706,0,0,OPEN,"2025-02-22 11:23:30",1,0,{},22,18,13,9,0,9,40,22,18,13,9,0,9,40
95,dublin,"ROYAL HOSPITAL","Royal Hospital",53.3439,-6.29706,0,0,OPEN,"2025-02-22 11:33:33",1,0,{},22,18,13,9,0,9,40,22,18,13,9,0,9,40
95,dublin,"ROYAL HOSPITAL","Royal Hospital",53.3439,-6.29706,0,0,OPEN,"2025-02-22 11:48:33",1,0,{},21,19,11,9,0,9,40,21,19,11,9,0,9,40
95,dublin,"ROYAL HOSPITAL","Royal Hospital",53.3439,-6.29706,0,0,OPEN,"2025-02-22 11:55:35",1,0,{},19,21,10,9,0,9,40,19,21,10,9,0,9,40
95,dublin,"ROYAL HOSPITAL","Royal Hospital",53.3439,-6.29706,0,0,OPEN,"2025-02-22 12:07:34",1,0,{},17,23,9,8,0,8,40,17,23,9,8,0,8,40
95,dublin,"ROYAL HOSPITAL","Royal Hospital",53.3439,-6.29706,0,0,OPEN,"2025-02-22 12:17:46",1,0,{},17,23,9,8,0,8,40,17,23,9,8,0,8,40
95,dublin,"ROYAL HOSPITAL","Royal Hospital",53.3439,-6.29706,0,0,OPEN,"2025-02-22 12:26:33",1,0,{},19,21,10,9,0,9,40,19,21,10,9,0,9,40
95,dublin,"ROYAL HOSPITAL","Royal Hospital",53.3439,-6.29706,0,0,OPEN,"2025-02-22 12:37:50",1,0,{},21,19,11,10,0,10,40,21,19,11,10,0,10,40
95,dublin,"ROYAL HOSPITAL","Royal Hospital",53.3439,-6.29706,0,0,OPEN,"2025-02-22 12:48:04",1,0,{},21,19,10,11,0,11,40,21,19,10,11,0,11,40
95,dublin,"ROYAL HOSPITAL","Royal Hospital",53.3439,-6.29706,0,0,OPEN,"2025-02-22 12:51:16",1,0,{},20,20,10,10,0,10,40,20,20,10,10,0,10,40
95,dublin,"ROYAL HOSPITAL","Royal Hospital",53.3439,-6.29706,0,0,OPEN,"2025-02-22 12:54:09",1,0,{},20,20,10,10,0,10,40,20,20,10,10,0,10,40
95,dublin,"ROYAL HOSPITAL","Royal Hospital",53.3439,-6.29706,0,0,OPEN,"2025-02-22 13:00:40",1,0,{},19,21,10,9,0,9,40,19,21,10,9,0,9,40
95,dublin,"ROYAL HOSPITAL","Royal Hospital",53.3439,-6.29706,0,0,OPEN,"2025-02-22 13:04:15",1,0,{},19,21,10,9,0,9,40,19,21,10,9,0,9,40
95,dublin,"ROYAL HOSPITAL","Royal Hospital",53.3439,-6.29706,0,0,OPEN,"2025-02-22 13:15:44",1,0,{},18,22,9,9,0,9,40,18,22,9,9,0,9,40
95,dublin,"ROYAL HOSPITAL","Royal Hospital",53.3439,-6.29706,0,0,OPEN,"2025-02-22 13:24:24",1,0,{},18,22,9,9,0,9,40,18,22,9,9,0,9,40
95,dublin,"ROYAL HOSPITAL","Royal Hospital",53.3439,-6.29706,0,0,OPEN,"2025-02-22 13:30:23",1,0,{},19,21,10,9,0,9,40,19,21,10,9,0,9,40
95,dublin,"ROYAL HOSPITAL","Royal Hospital",53.3439,-6.29706,0,0,OPEN,"2025-02-22 13:34:27",1,0,{},19,21,10,9,0,9,40,19,21,10,9,0,9,40
95,dublin,"ROYAL HOSPITAL","Royal Hospital",53.3439,-6.29706,0,0,OPEN,"2025-02-22 13:42:12",1,0,{},17,23,8,9,0,9,40,17,23,8,9,0,9,40
95,dublin,"ROYAL HOSPITAL","Royal Hospital",53.3439,-6.29706,0,0,OPEN,"2025-02-22 13:44:33",1,0,{},17,23,8,9,0,9,40,17,23,8,9,0,9,40
95,dublin,"ROYAL HOSPITAL","Royal Hospital",53.3439,-6.29706,0,0,OPEN,"2025-02-22 13:49:08",1,0,{},18,22,9,9,0,9,40,18,22,9,9,0,9,40
95,dublin,"ROYAL HOSPITAL","Royal Hospital",53.3439,-6.29706,0,0,OPEN,"2025-02-22 13:54:39",1,0,{},16,24,7,9,0,9,40,16,24,7,9,0,9,40
95,dublin,"ROYAL HOSPITAL","Royal Hospital",53.3439,-6.29706,0,0,OPEN,"2025-02-22 14:03:07",1,0,{},15,25,6,9,0,9,40,15,25,6,9,0,9,40
95,dublin,"ROYAL HOSPITAL","Royal Hospital",53.3439,-6.29706,0,0,OPEN,"2025-02-22 14:04:45",1,0,{},16,24,7,9,0,9,40,16,24,7,9,0,9,40
95,dublin,"ROYAL HOSPITAL","Royal Hospital",53.3439,-6.29706,0,0,OPEN,"2025-02-22 14:12:55",1,0,{},16,24,7,9,0,9,40,16,24,7,9,0,9,40
95,dublin,"ROYAL HOSPITAL","Royal Hospital",53.3439,-6.29706,0,0,OPEN,"2025-02-22 14:14:48",1,0,{},16,24,7,9,0,9,40,16,24,7,9,0,9,40
95,dublin,"ROYAL HOSPITAL","Royal Hospital",53.3439,-6.29706,0,0,OPEN,"2025-02-22 14:26:37",1,0,{},15,25,7,8,0,8,40,15,25,7,8,0,8,40
95,dublin,"ROYAL HOSPITAL","Royal Hospital",53.3439,-6.29706,0,0,OPEN,"2025-02-22 14:32:28",1,0,{},15,25,7,8,0,8,40,15,25,7,8,0,8,40
95,dublin,"ROYAL HOSPITAL","Royal Hospital",53.3439,-6.29706,0,0,OPEN,"2025-02-22 14:34:58",1,0,{},15,25,7,8,0,8,40,15,25,7,8,0,8,40
95,dublin,"ROYAL HOSPITAL","Royal Hospital",53.3439,-6.29706,0,0,OPEN,"2025-02-22 14:45:02",1,0,{},15,25,7,8,0,8,40,15,25,7,8,0,8,40
95,dublin,"ROYAL HOSPITAL","Royal Hospital",53.3439,-6.29706,0,0,OPEN,"2025-02-22 14:57:46",1,0,{},13,27,6,7,0,7,40,13,27,6,7,0,7,40
95,dublin,"ROYAL HOSPITAL","Royal Hospital",53.3439,-6.29706,0,0,OPEN,"2025-02-22 15:00:40",1,0,{},12,28,5,7,0,7,40,12,28,5,7,0,7,40
95,dublin,"ROYAL HOSPITAL","Royal Hospital",53.3439,-6.29706,0,0,OPEN,"2025-02-22 15:05:11",1,0,{},12,28,5,7,0,7,40,12,28,5,7,0,7,40
95,dublin,"ROYAL HOSPITAL","Royal Hospital",53.3439,-6.29706,0,0,OPEN,"2025-02-22 15:15:14",1,0,{},12,28,5,7,0,7,40,12,28,5,7,0,7,40
95,dublin,"ROYAL HOSPITAL","Royal Hospital",53.3439,-6.29706,0,0,OPEN,"2025-02-22 15:25:17",1,0,{},12,28,5,7,0,7,40,12,28,5,7,0,7,40
95,dublin,"ROYAL HOSPITAL","Royal Hospital",53.3439,-6.29706,0,0,OPEN,"2025-02-22 15:35:21",1,0,{},12,28,5,7,0,7,40,12,28,5,7,0,7,40
95,dublin,"ROYAL HOSPITAL","Royal Hospital",53.3439,-6.29706,0,0,OPEN,"2025-02-22 15:45:24",1,0,{},12,28,5,7,0,7,40,12,28,5,7,0,7,40
95,dublin,"ROYAL HOSPITAL","Royal Hospital",53.3439,-6.29706,0,0,OPEN,"2025-02-22 15:55:26",1,0,{},12,28,5,7,0,7,40,12,28,5,7,0,7,40
95,dublin,"ROYAL HOSPITAL","Royal Hospital",53.3439,-6.29706,0,0,OPEN,"2025-02-22 16:05:30",1,0,{},12,28,5,7,0,7,40,12,28,5,7,0,7,40
95,dublin,"ROYAL HOSPITAL","Royal Hospital",53.3439,-6.29706,0,0,OPEN,"2025-02-22 16:15:33",1,0,{},12,28,5,7,0,7,40,12,28,5,7,0,7,40
95,dublin,"ROYAL HOSPITAL","Royal Hospital",53.3439,-6.29706,0,0,OPEN,"2025-02-22 16:25:35",1,0,{},12,28,5,7,0,7,40,12,28,5,7,0,7,40
95,dublin,"ROYAL HOSPITAL","Royal Hospital",53.3439,-6.29706,0,0,OPEN,"2025-02-22 16:32:26",1,0,{},12,28,5,7,0,7,40,12,28,5,7,0,7,40
95,dublin,"ROYAL HOSPITAL","Royal Hospital",53.3439,-6.29706,0,0,OPEN,"2025-02-22 16:35:39",1,0,{},12,28,5,7,0,7,40,12,28,5,7,0,7,40
95,dublin,"ROYAL HOSPITAL","Royal Hospital",53.3439,-6.29706,0,0,OPEN,"2025-02-22 16:46:01",1,0,{},13,27,5,8,0,8,40,13,27,5,8,0,8,40
95,dublin,"ROYAL HOSPITAL","Royal Hospital",53.3439,-6.29706,0,0,OPEN,"2025-02-22 16:55:47",1,0,{},13,27,5,8,0,8,40,13,27,5,8,0,8,40
95,dublin,"ROYAL HOSPITAL","Royal Hospital",53.3439,-6.29706,0,0,OPEN,"2025-02-22 17:02:09",1,0,{},12,28,4,8,0,8,40,12,28,4,8,0,8,40
95,dublin,"ROYAL HOSPITAL","Royal Hospital",53.3439,-6.29706,0,0,OPEN,"2025-02-22 17:07:36",1,0,{},13,27,5,8,0,8,40,13,27,5,8,0,8,40
95,dublin,"ROYAL HOSPITAL","Royal Hospital",53.3439,-6.29706,0,0,OPEN,"2025-02-22 17:15:56",1,0,{},13,27,5,8,0,8,40,13,27,5,8,0,8,40
95,dublin,"ROYAL HOSPITAL","Royal Hospital",53.3439,-6.29706,0,0,OPEN,"2025-02-22 17:26:00",1,0,{},13,27,5,8,0,8,40,13,27,5,8,0,8,40
95,dublin,"ROYAL HOSPITAL","Royal Hospital",53.3439,-6.29706,0,0,OPEN,"2025-02-22 17:33:22",1,0,{},16,24,7,9,0,9,40,16,24,7,9,0,9,40
95,dublin,"ROYAL HOSPITAL","Royal Hospital",53.3439,-6.29706,0,0,OPEN,"2025-02-22 17:36:09",1,0,{},16,24,7,9,0,9,40,16,24,7,9,0,9,40
95,dublin,"ROYAL HOSPITAL","Royal Hospital",53.3439,-6.29706,0,0,OPEN,"2025-02-22 17:48:26",1,0,{},17,23,8,9,0,9,40,17,23,8,9,0,9,40
95,dublin,"ROYAL HOSPITAL","Royal Hospital",53.3439,-6.29706,0,0,OPEN,"2025-02-22 17:56:57",1,0,{},18,22,9,9,0,9,40,18,22,9,9,0,9,40
95,dublin,"ROYAL HOSPITAL","Royal Hospital",53.3439,-6.29706,0,0,OPEN,"2025-02-22 18:06:19",1,0,{},18,22,9,9,0,9,40,18,22,9,9,0,9,40
95,dublin,"ROYAL HOSPITAL","Royal Hospital",53.3439,-6.29706,0,0,OPEN,"2025-02-22 18:16:22",1,0,{},18,22,9,9,0,9,40,18,22,9,9,0,9,40
95,dublin,"ROYAL HOSPITAL","Royal Hospital",53.3439,-6.29706,0,0,OPEN,"2025-02-22 18:27:52",1,0,{},19,21,10,9,0,9,40,19,21,10,9,0,9,40
95,dublin,"ROYAL HOSPITAL","Royal Hospital",53.3439,-6.29706,0,0,OPEN,"2025-02-22 18:36:29",1,0,{},19,21,10,9,0,9,40,19,21,10,9,0,9,40
95,dublin,"ROYAL HOSPITAL","Royal Hospital",53.3439,-6.29706,0,0,OPEN,"2025-02-22 18:46:32",1,0,{},19,21,10,9,0,9,40,19,21,10,9,0,9,40
95,dublin,"ROYAL HOSPITAL","Royal Hospital",53.3439,-6.29706,0,0,OPEN,"2025-02-22 18:50:22",1,0,{},18,22,10,8,0,8,40,18,22,10,8,0,8,40
95,dublin,"ROYAL HOSPITAL","Royal Hospital",53.3439,-6.29706,0,0,OPEN,"2025-02-22 18:56:38",1,0,{},18,22,10,8,0,8,40,18,22,10,8,0,8,40
95,dublin,"ROYAL HOSPITAL","Royal Hospital",53.3439,-6.29706,0,0,OPEN,"2025-02-22 19:06:41",1,0,{},18,22,10,8,0,8,40,18,22,10,8,0,8,40
95,dublin,"ROYAL HOSPITAL","Royal Hospital",53.3439,-6.29706,0,0,OPEN,"2025-02-22 19:18:01",1,0,{},20,20,11,9,0,9,40,20,20,11,9,0,9,40
95,dublin,"ROYAL HOSPITAL","Royal Hospital",53.3439,-6.29706,0,0,OPEN,"2025-02-22 19:22:39",1,0,{},19,21,10,9,0,9,40,19,21,10,9,0,9,40
95,dublin,"ROYAL HOSPITAL","Royal Hospital",53.3439,-6.29706,0,0,OPEN,"2025-02-22 19:26:52",1,0,{},19,21,10,9,0,9,40,19,21,10,9,0,9,40
95,dublin,"ROYAL HOSPITAL","Royal Hospital",53.3439,-6.29706,0,0,OPEN,"2025-02-22 19:36:55",1,0,{},19,21,10,9,0,9,40,19,21,10,9,0,9,40
95,dublin,"ROYAL HOSPITAL","Royal Hospital",53.3439,-6.29706,0,0,OPEN,"2025-02-22 19:46:58",1,0,{},19,21,10,9,0,9,40,19,21,10,9,0,9,40
95,dublin,"ROYAL HOSPITAL","Royal Hospital",53.3439,-6.29706,0,0,OPEN,"2025-02-22 19:57:01",1,0,{},19,21,10,9,0,9,40,19,21,10,9,0,9,40
95,dublin,"ROYAL HOSPITAL","Royal Hospital",53.3439,-6.29706,0,0,OPEN,"2025-02-22 20:07:04",1,0,{},19,21,10,9,0,9,40,19,21,10,9,0,9,40
95,dublin,"ROYAL HOSPITAL","Royal Hospital",53.3439,-6.29706,0,0,OPEN,"2025-02-22 20:17:07",1,0,{},19,21,10,9,0,9,40,19,21,10,9,0,9,40
95,dublin,"ROYAL HOSPITAL","Royal Hospital",53.3439,-6.29706,0,0,OPEN,"2025-02-22 20:27:10",1,0,{},19,21,10,9,0,9,40,19,21,10,9,0,9,40
95,dublin,"ROYAL HOSPITAL","Royal Hospital",53.3439,-6.29706,0,0,OPEN,"2025-02-22 20:37:14",1,0,{},19,21,10,9,0,9,40,19,21,10,9,0,9,40
95,dublin,"ROYAL HOSPITAL","Royal Hospital",53.3439,-6.29706,0,0,OPEN,"2025-02-22 20:43:59",1,0,{},17,23,10,7,0,7,40,17,23,10,7,0,7,40
95,dublin,"ROYAL HOSPITAL","Royal Hospital",53.3439,-6.29706,0,0,OPEN,"2025-02-22 20:47:19",1,0,{},17,23,10,7,0,7,40,17,23,10,7,0,7,40
95,dublin,"ROYAL HOSPITAL","Royal Hospital",53.3439,-6.29706,0,0,OPEN,"2025-02-22 20:54:30",1,0,{},16,24,9,7,0,7,40,16,24,9,7,0,7,40
95,dublin,"ROYAL HOSPITAL","Royal Hospital",53.3439,-6.29706,0,0,OPEN,"2025-02-22 20:57:24",1,0,{},15,25,8,7,0,7,40,15,25,8,7,0,7,40
95,dublin,"ROYAL HOSPITAL","Royal Hospital",53.3439,-6.29706,0,0,OPEN,"2025-02-22 21:07:30",1,0,{},14,26,7,7,0,7,40,14,26,7,7,0,7,40
95,dublin,"ROYAL HOSPITAL","Royal Hospital",53.3439,-6.29706,0,0,OPEN,"2025-02-22 21:17:33",1,0,{},14,26,7,7,0,7,40,14,26,7,7,0,7,40
95,dublin,"ROYAL HOSPITAL","Royal Hospital",53.3439,-6.29706,0,0,OPEN,"2025-02-22 21:27:36",1,0,{},14,26,7,7,0,7,40,14,26,7,7,0,7,40
95,dublin,"ROYAL HOSPITAL","Royal Hospital",53.3439,-6.29706,0,0,OPEN,"2025-02-22 21:37:39",1,0,{},14,26,7,7,0,7,40,14,26,7,7,0,7,40
95,dublin,"ROYAL HOSPITAL","Royal Hospital",53.3439,-6.29706,0,0,OPEN,"2025-02-22 21:44:06",1,0,{},16,24,9,7,0,7,40,16,24,9,7,0,7,40
95,dublin,"ROYAL HOSPITAL","Royal Hospital",53.3439,-6.29706,0,0,OPEN,"2025-02-22 21:47:41",1,0,{},16,24,9,7,0,7,40,16,24,9,7,0,7,40
95,dublin,"ROYAL HOSPITAL","Royal Hospital",53.3439,-6.29706,0,0,OPEN,"2025-02-22 21:57:44",1,0,{},16,24,9,7,0,7,40,16,24,9,7,0,7,40
95,dublin,"ROYAL HOSPITAL","Royal Hospital",53.3439,-6.29706,0,0,OPEN,"2025-02-22 22:07:47",1,0,{},16,24,9,7,0,7,40,16,24,9,7,0,7,40
96,dublin,"KILMAINHAM LANE","Kilmainham Lane",53.3418,-6.30509,0,0,OPEN,"2025-02-22 02:59:08",1,0,{},14,16,6,8,0,8,30,14,16,6,8,0,8,30
96,dublin,"KILMAINHAM LANE","Kilmainham Lane",53.3418,-6.30509,0,0,OPEN,"2025-02-22 03:09:14",1,0,{},14,16,6,8,0,8,30,14,16,6,8,0,8,30
96,dublin,"KILMAINHAM LANE","Kilmainham Lane",53.3418,-6.30509,0,0,OPEN,"2025-02-22 03:15:29",1,0,{},14,16,6,8,0,8,30,14,16,6,8,0,8,30
96,dublin,"KILMAINHAM LANE","Kilmainham Lane",53.3418,-6.30509,0,0,OPEN,"2025-02-22 03:16:31",1,0,{},14,16,6,8,0,8,30,14,16,6,8,0,8,30
96,dublin,"KILMAINHAM LANE","Kilmainham Lane",53.3418,-6.30509,0,0,OPEN,"2025-02-22 10:08:30",1,0,{},9,21,1,8,0,8,30,9,21,1,8,0,8,30
96,dublin,"KILMAINHAM LANE","Kilmainham Lane",53.3418,-6.30509,0,0,OPEN,"2025-02-22 10:18:35",1,0,{},9,21,1,8,0,8,30,9,21,1,8,0,8,30
96,dublin,"KILMAINHAM LANE","Kilmainham Lane",53.3418,-6.30509,0,0,OPEN,"2025-02-22 10:28:39",1,0,{},9,21,1,8,0,8,30,9,21,1,8,0,8,30
96,dublin,"KILMAINHAM LANE","Kilmainham Lane",53.3418,-6.30509,0,0,OPEN,"2025-02-22 10:34:37",1,0,{},8,22,1,7,0,7,30,8,22,1,7,0,7,30
96,dublin,"KILMAINHAM LANE","Kilmainham Lane",53.3418,-6.30509,0,0,OPEN,"2025-02-22 10:38:45",1,0,{},8,22,1,7,0,7,30,8,22,1,7,0,7,30
96,dublin,"KILMAINHAM LANE","Kilmainham Lane",53.3418,-6.30509,0,0,OPEN,"2025-02-22 10:48:49",1,0,{},8,22,1,7,0,7,30,8,22,1,7,0,7,30
96,dublin,"KILMAINHAM LANE","Kilmainham Lane",53.3418,-6.30509,0,0,OPEN,"2025-02-22 10:58:53",1,0,{},8,22,1,7,0,7,30,8,22,1,7,0,7,30
96,dublin,"KILMAINHAM LANE","Kilmainham Lane",53.3418,-6.30509,0,0,OPEN,"2025-02-22 11:08:58",1,0,{},8,22,1,7,0,7,30,8,22,1,7,0,7,30
96,dublin,"KILMAINHAM LANE","Kilmainham Lane",53.3418,-6.30509,0,0,OPEN,"2025-02-22 11:19:02",1,0,{},8,22,1,7,0,7,30,8,22,1,7,0,7,30
96,dublin,"KILMAINHAM LANE","Kilmainham Lane",53.3418,-6.30509,0,0,OPEN,"2025-02-22 11:26:42",1,0,{},9,21,2,7,0,7,30,9,21,2,7,0,7,30
96,dublin,"KILMAINHAM LANE","Kilmainham Lane",53.3418,-6.30509,0,0,OPEN,"2025-02-22 11:29:19",1,0,{},8,22,2,6,0,6,30,8,22,2,6,0,6,30
96,dublin,"KILMAINHAM LANE","Kilmainham Lane",53.3418,-6.30509,0,0,OPEN,"2025-02-22 11:39:13",1,0,{},8,22,2,6,0,6,30,8,22,2,6,0,6,30
96,dublin,"KILMAINHAM LANE","Kilmainham Lane",53.3418,-6.30509,0,0,OPEN,"2025-02-22 11:49:17",1,0,{},8,22,2,6,0,6,30,8,22,2,6,0,6,30
96,dublin,"KILMAINHAM LANE","Kilmainham Lane",53.3418,-6.30509,0,0,OPEN,"2025-02-22 11:59:22",1,0,{},8,22,2,6,0,6,30,8,22,2,6,0,6,30
96,dublin,"KILMAINHAM LANE","Kilmainham Lane",53.3418,-6.30509,0,0,OPEN,"2025-02-22 12:04:35",1,0,{},9,21,3,6,0,6,30,9,21,3,6,0,6,30
96,dublin,"KILMAINHAM LANE","Kilmainham Lane",53.3418,-6.30509,0,0,OPEN,"2025-02-22 12:09:26",1,0,{},9,21,3,6,0,6,30,9,21,3,6,0,6,30
96,dublin,"KILMAINHAM LANE","Kilmainham Lane",53.3418,-6.30509,0,0,OPEN,"2025-02-22 12:19:30",1,0,{},9,21,3,6,0,6,30,9,21,3,6,0,6,30
96,dublin,"KILMAINHAM LANE","Kilmainham Lane",53.3418,-6.30509,0,0,OPEN,"2025-02-22 12:30:44",1,0,{},8,22,3,5,0,5,30,8,22,3,5,0,5,30
96,dublin,"KILMAINHAM LANE","Kilmainham Lane",53.3418,-6.30509,0,0,OPEN,"2025-02-22 12:39:42",1,0,{},8,22,3,5,0,5,30,8,22,3,5,0,5,30
96,dublin,"KILMAINHAM LANE","Kilmainham Lane",53.3418,-6.30509,0,0,OPEN,"2025-02-22 12:47:33",1,0,{},6,24,1,5,0,5,30,6,24,1,5,0,5,30
96,dublin,"KILMAINHAM LANE","Kilmainham Lane",53.3418,-6.30509,0,0,OPEN,"2025-02-22 12:49:48",1,0,{},6,24,1,5,0,5,30,6,24,1,5,0,5,30
96,dublin,"KILMAINHAM LANE","Kilmainham Lane",53.3418,-6.30509,0,0,OPEN,"2025-02-22 12:59:53",1,0,{},6,24,1,5,0,5,30,6,24,1,5,0,5,30
96,dublin,"KILMAINHAM LANE","Kilmainham Lane",53.3418,-6.30509,0,0,OPEN,"2025-02-22 13:12:27",1,0,{},5,25,0,5,0,5,30,5,25,0,5,0,5,30
96,dublin,"KILMAINHAM LANE","Kilmainham Lane",53.3418,-6.30509,0,0,OPEN,"2025-02-22 13:22:47",1,0,{},6,24,1,5,0,5,30,6,24,1,5,0,5,30
96,dublin,"KILMAINHAM LANE","Kilmainham Lane",53.3418,-6.30509,0,0,OPEN,"2025-02-22 13:24:22",1,0,{},5,25,0,5,0,5,30,5,25,0,5,0,5,30
96,dublin,"KILMAINHAM LANE","Kilmainham Lane",53.3418,-6.30509,0,0,OPEN,"2025-02-22 13:30:09",1,0,{},5,25,0,5,0,5,30,5,25,0,5,0,5,30
96,dublin,"KILMAINHAM LANE","Kilmainham Lane",53.3418,-6.30509,0,0,OPEN,"2025-02-22 13:35:30",1,0,{},6,24,1,5,0,5,30,6,24,1,5,0,5,30
96,dublin,"KILMAINHAM LANE","Kilmainham Lane",53.3418,-6.30509,0,0,OPEN,"2025-02-22 13:40:14",1,0,{},6,24,1,5,0,5,30,6,24,1,5,0,5,30
96,dublin,"KILMAINHAM LANE","Kilmainham Lane",53.3418,-6.30509,0,0,OPEN,"2025-02-22 13:50:18",1,0,{},6,24,1,5,0,5,30,6,24,1,5,0,5,30
96,dublin,"KILMAINHAM LANE","Kilmainham Lane",53.3418,-6.30509,0,0,OPEN,"2025-02-22 14:00:22",1,0,{},6,24,1,5,0,5,30,6,24,1,5,0,5,30
96,dublin,"KILMAINHAM LANE","Kilmainham Lane",53.3418,-6.30509,0,0,OPEN,"2025-02-22 14:10:26",1,0,{},6,24,1,5,0,5,30,6,24,1,5,0,5,30
96,dublin,"KILMAINHAM LANE","Kilmainham Lane",53.3418,-6.30509,0,0,OPEN,"2025-02-22 14:20:30",1,0,{},6,24,1,5,0,5,30,6,24,1,5,0,5,30
96,dublin,"KILMAINHAM LANE","Kilmainham Lane",53.3418,-6.30509,0,0,OPEN,"2025-02-22 14:30:34",1,0,{},6,24,1,5,0,5,30,6,24,1,5,0,5,30
96,dublin,"KILMAINHAM LANE","Kilmainham Lane",53.3418,-6.30509,0,0,OPEN,"2025-02-22 14:40:38",1,0,{},6,24,1,5,0,5,30,6,24,1,5,0,5,30
96,dublin,"KILMAINHAM LANE","Kilmainham Lane",53.3418,-6.30509,0,0,OPEN,"2025-02-22 14:50:42",1,0,{},6,24,1,5,0,5,30,6,24,1,5,0,5,30
96,dublin,"KILMAINHAM LANE","Kilmainham Lane",53.3418,-6.30509,0,0,OPEN,"2025-02-22 15:00:46",1,0,{},7,23,2,5,0,5,30,7,23,2,5,0,5,30
96,dublin,"KILMAINHAM LANE","Kilmainham Lane",53.3418,-6.30509,0,0,OPEN,"2025-02-22 15:11:08",1,0,{},6,24,2,4,0,4,30,6,24,2,4,0,4,30
96,dublin,"KILMAINHAM LANE","Kilmainham Lane",53.3418,-6.30509,0,0,OPEN,"2025-02-22 15:20:56",1,0,{},6,24,2,4,0,4,30,6,24,2,4,0,4,30
96,dublin,"KILMAINHAM LANE","Kilmainham Lane",53.3418,-6.30509,0,0,OPEN,"2025-02-22 15:33:16",1,0,{},5,25,1,4,0,4,30,5,25,1,4,0,4,30
96,dublin,"KILMAINHAM LANE","Kilmainham Lane",53.3418,-6.30509,0,0,OPEN,"2025-02-22 15:41:06",1,0,{},5,25,1,4,0,4,30,5,25,1,4,0,4,30
96,dublin,"KILMAINHAM LANE","Kilmainham Lane",53.3418,-6.30509,0,0,OPEN,"2025-02-22 15:51:10",1,0,{},5,25,1,4,0,4,30,5,25,1,4,0,4,30
96,dublin,"KILMAINHAM LANE","Kilmainham Lane",53.3418,-6.30509,0,0,OPEN,"2025-02-22 16:01:15",1,0,{},5,25,1,4,0,4,30,5,25,1,4,0,4,30
96,dublin,"KILMAINHAM LANE","Kilmainham Lane",53.3418,-6.30509,0,0,OPEN,"2025-02-22 16:11:19",1,0,{},5,25,1,4,0,4,30,5,25,1,4,0,4,30
96,dublin,"KILMAINHAM LANE","Kilmainham Lane",53.3418,-6.30509,0,0,OPEN,"2025-02-22 16:21:23",1,0,{},5,25,1,4,0,4,30,5,25,1,4,0,4,30
96,dublin,"KILMAINHAM LANE","Kilmainham Lane",53.3418,-6.30509,0,0,OPEN,"2025-02-22 16:27:42",1,0,{},3,27,0,3,0,3,30,3,27,0,3,0,3,30
96,dublin,"KILMAINHAM LANE","Kilmainham Lane",53.3418,-6.30509,0,0,OPEN,"2025-02-22 16:31:30",1,0,{},3,27,0,3,0,3,30,3,27,0,3,0,3,30
96,dublin,"KILMAINHAM LANE","Kilmainham Lane",53.3418,-6.30509,0,0,OPEN,"2025-02-22 16:34:47",1,0,{},4,26,1,3,0,3,30,4,26,1,3,0,3,30
96,dublin,"KILMAINHAM LANE","Kilmainham Lane",53.3418,-6.30509,0,0,OPEN,"2025-02-22 16:41:34",1,0,{},4,26,1,3,0,3,30,4,26,1,3,0,3,30
96,dublin,"KILMAINHAM LANE","Kilmainham Lane",53.3418,-6.30509,0,0,OPEN,"2025-02-22 16:51:38",1,0,{},4,26,1,3,0,3,30,4,26,1,3,0,3,30
96,dublin,"KILMAINHAM LANE","Kilmainham Lane",53.3418,-6.30509,0,0,OPEN,"2025-02-22 17:01:43",1,0,{},4,26,1,3,0,3,30,4,26,1,3,0,3,30
96,dublin,"KILMAINHAM LANE","Kilmainham Lane",53.3418,-6.30509,0,0,OPEN,"2025-02-22 17:11:47",1,0,{},4,26,1,3,0,3,30,4,26,1,3,0,3,30
96,dublin,"KILMAINHAM LANE","Kilmainham Lane",53.3418,-6.30509,0,0,OPEN,"2025-02-22 17:17:50",1,0,{},4,26,1,3,0,3,30,4,26,1,3,0,3,30
96,dublin,"KILMAINHAM LANE","Kilmainham Lane",53.3418,-6.30509,0,0,OPEN,"2025-02-22 17:21:54",1,0,{},3,27,1,2,0,2,30,3,27,1,2,0,2,30
96,dublin,"KILMAINHAM LANE","Kilmainham Lane",53.3418,-6.30509,0,0,OPEN,"2025-02-22 17:31:58",1,0,{},3,27,1,2,0,2,30,3,27,1,2,0,2,30
96,dublin,"KILMAINHAM LANE","Kilmainham Lane",53.3418,-6.30509,0,0,OPEN,"2025-02-22 17:42:02",1,0,{},3,27,1,2,0,2,30,3,27,1,2,0,2,30
96,dublin,"KILMAINHAM LANE","Kilmainham Lane",53.3418,-6.30509,0,0,OPEN,"2025-02-22 17:47:26",1,0,{},4,26,1,3,0,3,30,4,26,1,3,0,3,30
96,dublin,"KILMAINHAM LANE","Kilmainham Lane",53.3418,-6.30509,0,0,OPEN,"2025-02-22 17:52:09",1,0,{},4,26,1,3,0,3,30,4,26,1,3,0,3,30
96,dublin,"KILMAINHAM LANE","Kilmainham Lane",53.3418,-6.30509,0,0,OPEN,"2025-02-22 18:02:13",1,0,{},4,26,1,3,0,3,30,4,26,1,3,0,3,30
96,dublin,"KILMAINHAM LANE","Kilmainham Lane",53.3418,-6.30509,0,0,OPEN,"2025-02-22 18:12:17",1,0,{},4,26,1,3,0,3,30,4,26,1,3,0,3,30
96,dublin,"KILMAINHAM LANE","Kilmainham Lane",53.3418,-6.30509,0,0,OPEN,"2025-02-22 18:22:25",1,0,{},3,27,0,3,0,3,30,3,27,0,3,0,3,30
96,dublin,"KILMAINHAM LANE","Kilmainham Lane",53.3418,-6.30509,0,0,OPEN,"2025-02-22 18:32:29",1,0,{},3,27,0,3,0,3,30,3,27,0,3,0,3,30
96,dublin,"KILMAINHAM LANE","Kilmainham Lane",53.3418,-6.30509,0,0,OPEN,"2025-02-22 18:42:33",1,0,{},3,27,0,3,0,3,30,3,27,0,3,0,3,30
96,dublin,"KILMAINHAM LANE","Kilmainham Lane",53.3418,-6.30509,0,0,OPEN,"2025-02-22 18:52:37",1,0,{},3,27,0,3,0,3,30,3,27,0,3,0,3,30
96,dublin,"KILMAINHAM LANE","Kilmainham Lane",53.3418,-6.30509,0,0,OPEN,"2025-02-22 19:02:41",1,0,{},3,27,0,3,0,3,30,3,27,0,3,0,3,30
96,dublin,"KILMAINHAM LANE","Kilmainham Lane",53.3418,-6.30509,0,0,OPEN,"2025-02-22 19:07:59",1,0,{},3,27,0,3,0,3,30,3,27,0,3,0,3,30
96,dublin,"KILMAINHAM LANE","Kilmainham Lane",53.3418,-6.30509,0,0,OPEN,"2025-02-22 19:12:49",1,0,{},3,27,0,3,0,3,30,3,27,0,3,0,3,30
96,dublin,"KILMAINHAM LANE","Kilmainham Lane",53.3418,-6.30509,0,0,OPEN,"2025-02-22 19:22:53",1,0,{},3,27,0,3,0,3,30,3,27,0,3,0,3,30
96,dublin,"KILMAINHAM LANE","Kilmainham Lane",53.3418,-6.30509,0,0,OPEN,"2025-02-22 19:32:57",1,0,{},3,27,0,3,0,3,30,3,27,0,3,0,3,30
96,dublin,"KILMAINHAM LANE","Kilmainham Lane",53.3418,-6.30509,0,0,OPEN,"2025-02-22 19:43:01",1,0,{},3,27,0,3,0,3,30,3,27,0,3,0,3,30
96,dublin,"KILMAINHAM LANE","Kilmainham Lane",53.3418,-6.30509,0,0,OPEN,"2025-02-22 19:53:04",1,0,{},3,27,0,3,0,3,30,3,27,0,3,0,3,30
96,dublin,"KILMAINHAM LANE","Kilmainham Lane",53.3418,-6.30509,0,0,OPEN,"2025-02-22 20:03:09",1,0,{},3,27,0,3,0,3,30,3,27,0,3,0,3,30
96,dublin,"KILMAINHAM LANE","Kilmainham Lane",53.3418,-6.30509,0,0,OPEN,"2025-02-22 20:13:13",1,0,{},3,27,0,3,0,3,30,3,27,0,3,0,3,30
96,dublin,"KILMAINHAM LANE","Kilmainham Lane",53.3418,-6.30509,0,0,OPEN,"2025-02-22 20:23:16",1,0,{},3,27,0,3,0,3,30,3,27,0,3,0,3,30
96,dublin,"KILMAINHAM LANE","Kilmainham Lane",53.3418,-6.30509,0,0,OPEN,"2025-02-22 20:33:20",1,0,{},3,27,0,3,0,3,30,3,27,0,3,0,3,30
96,dublin,"KILMAINHAM LANE","Kilmainham Lane",53.3418,-6.30509,0,0,OPEN,"2025-02-22 20:43:25",1,0,{},3,27,0,3,0,3,30,3,27,0,3,0,3,30
96,dublin,"KILMAINHAM LANE","Kilmainham Lane",53.3418,-6.30509,0,0,OPEN,"2025-02-22 20:53:28",1,0,{},3,27,0,3,0,3,30,3,27,0,3,0,3,30
96,dublin,"KILMAINHAM LANE","Kilmainham Lane",53.3418,-6.30509,0,0,OPEN,"2025-02-22 21:03:32",1,0,{},3,27,0,3,0,3,30,3,27,0,3,0,3,30
96,dublin,"KILMAINHAM LANE","Kilmainham Lane",53.3418,-6.30509,0,0,OPEN,"2025-02-22 21:13:37",1,0,{},3,27,0,3,0,3,30,3,27,0,3,0,3,30
96,dublin,"KILMAINHAM LANE","Kilmainham Lane",53.3418,-6.30509,0,0,OPEN,"2025-02-22 21:18:49",1,0,{},1,28,0,1,0,1,30,1,28,0,1,0,1,30
96,dublin,"KILMAINHAM LANE","Kilmainham Lane",53.3418,-6.30509,0,0,OPEN,"2025-02-22 21:23:46",1,0,{},2,27,0,2,0,2,30,2,27,0,2,0,2,30
96,dublin,"KILMAINHAM LANE","Kilmainham Lane",53.3418,-6.30509,0,0,OPEN,"2025-02-22 21:34:18",1,0,{},1,28,0,1,0,1,30,1,28,0,1,0,1,30
96,dublin,"KILMAINHAM LANE","Kilmainham Lane",53.3418,-6.30509,0,0,OPEN,"2025-02-22 21:43:56",1,0,{},1,28,0,1,0,1,30,1,28,0,1,0,1,30
96,dublin,"KILMAINHAM LANE","Kilmainham Lane",53.3418,-6.30509,0,0,OPEN,"2025-02-22 21:54:00",1,0,{},1,28,0,1,0,1,30,1,28,0,1,0,1,30
96,dublin,"KILMAINHAM LANE","Kilmainham Lane",53.3418,-6.30509,0,0,OPEN,"2025-02-22 22:04:02",1,0,{},1,28,0,1,0,1,30,1,28,0,1,0,1,30
96,dublin,"KILMAINHAM LANE","Kilmainham Lane",53.3418,-6.30509,0,0,OPEN,"2025-02-22 22:14:06",1,0,{},1,28,0,1,0,1,30,1,28,0,1,0,1,30
97,dublin,"KILMAINHAM GAOL","Kilmainham Gaol",53.3421,-6.31002,0,0,OPEN,"2025-02-22 02:55:37",1,0,{},16,24,7,9,0,9,40,16,24,7,9,0,9,40
97,dublin,"KILMAINHAM GAOL","Kilmainham Gaol",53.3421,-6.31002,0,0,OPEN,"2025-02-22 03:05:40",1,0,{},16,24,7,9,0,9,40,16,24,7,9,0,9,40
97,dublin,"KILMAINHAM GAOL","Kilmainham Gaol",53.3421,-6.31002,0,0,OPEN,"2025-02-22 03:16:24",1,0,{},16,24,7,9,0,9,40,16,24,7,9,0,9,40
97,dublin,"KILMAINHAM GAOL","Kilmainham Gaol",53.3421,-6.31002,0,0,OPEN,"2025-02-22 10:10:45",1,0,{},5,35,0,5,0,5,40,5,35,0,5,0,5,40
97,dublin,"KILMAINHAM GAOL","Kilmainham Gaol",53.3421,-6.31002,0,0,OPEN,"2025-02-22 10:20:51",1,0,{},4,36,0,4,0,4,40,4,36,0,4,0,4,40
97,dublin,"KILMAINHAM GAOL","Kilmainham Gaol",53.3421,-6.31002,0,0,OPEN,"2025-02-22 10:25:23",1,0,{},3,37,0,3,0,3,40,3,37,0,3,0,3,40
97,dublin,"KILMAINHAM GAOL","Kilmainham Gaol",53.3421,-6.31002,0,0,OPEN,"2025-02-22 10:30:58",1,0,{},3,37,0,3,0,3,40,3,37,0,3,0,3,40
97,dublin,"KILMAINHAM GAOL","Kilmainham Gaol",53.3421,-6.31002,0,0,OPEN,"2025-02-22 10:41:03",1,0,{},3,37,0,3,0,3,40,3,37,0,3,0,3,40
97,dublin,"KILMAINHAM GAOL","Kilmainham Gaol",53.3421,-6.31002,0,0,OPEN,"2025-02-22 10:44:30",1,0,{},2,38,0,2,0,2,40,2,38,0,2,0,2,40
97,dublin,"KILMAINHAM GAOL","Kilmainham Gaol",53.3421,-6.31002,0,0,OPEN,"2025-02-22 10:51:08",1,0,{},2,38,0,2,0,2,40,2,38,0,2,0,2,40
97,dublin,"KILMAINHAM GAOL","Kilmainham Gaol",53.3421,-6.31002,0,0,OPEN,"2025-02-22 11:01:13",1,0,{},2,38,0,2,0,2,40,2,38,0,2,0,2,40
97,dublin,"KILMAINHAM GAOL","Kilmainham Gaol",53.3421,-6.31002,0,0,OPEN,"2025-02-22 11:11:17",1,0,{},2,38,0,2,0,2,40,2,38,0,2,0,2,40
97,dublin,"KILMAINHAM GAOL","Kilmainham Gaol",53.3421,-6.31002,0,0,OPEN,"2025-02-22 11:21:21",1,0,{},2,38,0,2,0,2,40,2,38,0,2,0,2,40
97,dublin,"KILMAINHAM GAOL","Kilmainham Gaol",53.3421,-6.31002,0,0,OPEN,"2025-02-22 11:31:26",1,0,{},2,38,0,2,0,2,40,2,38,0,2,0,2,40
97,dublin,"KILMAINHAM GAOL","Kilmainham Gaol",53.3421,-6.31002,0,0,OPEN,"2025-02-22 11:41:31",1,0,{},1,39,0,1,0,1,40,1,39,0,1,0,1,40
97,dublin,"KILMAINHAM GAOL","Kilmainham Gaol",53.3421,-6.31002,0,0,OPEN,"2025-02-22 11:46:33",1,0,{},2,38,1,1,0,1,40,2,38,1,1,0,1,40
97,dublin,"KILMAINHAM GAOL","Kilmainham Gaol",53.3421,-6.31002,0,0,OPEN,"2025-02-22 11:51:35",1,0,{},2,38,1,1,0,1,40,2,38,1,1,0,1,40
97,dublin,"KILMAINHAM GAOL","Kilmainham Gaol",53.3421,-6.31002,0,0,OPEN,"2025-02-22 12:01:42",1,0,{},1,39,1,0,0,0,40,1,39,1,0,0,0,40
97,dublin,"KILMAINHAM GAOL","Kilmainham Gaol",53.3421,-6.31002,0,0,OPEN,"2025-02-22 12:11:46",1,0,{},1,39,1,0,0,0,40,1,39,1,0,0,0,40
97,dublin,"KILMAINHAM GAOL","Kilmainham Gaol",53.3421,-6.31002,0,0,OPEN,"2025-02-22 12:16:31",1,0,{},0,40,0,0,0,0,40,0,40,0,0,0,0,40
97,dublin,"KILMAINHAM GAOL","Kilmainham Gaol",53.3421,-6.31002,0,0,OPEN,"2025-02-22 12:21:52",1,0,{},0,40,0,0,0,0,40,0,40,0,0,0,0,40
97,dublin,"KILMAINHAM GAOL","Kilmainham Gaol",53.3421,-6.31002,0,0,OPEN,"2025-02-22 12:27:19",1,0,{},1,39,0,1,0,1,40,1,39,0,1,0,1,40
97,dublin,"KILMAINHAM GAOL","Kilmainham Gaol",53.3421,-6.31002,0,0,OPEN,"2025-02-22 12:31:56",1,0,{},1,39,0,1,0,1,40,1,39,0,1,0,1,40
97,dublin,"KILMAINHAM GAOL","Kilmainham Gaol",53.3421,-6.31002,0,0,OPEN,"2025-02-22 12:42:39",1,0,{},0,40,0,0,0,0,40,0,40,0,0,0,0,40
97,dublin,"KILMAINHAM GAOL","Kilmainham Gaol",53.3421,-6.31002,0,0,OPEN,"2025-02-22 12:52:05",1,0,{},0,40,0,0,0,0,40,0,40,0,0,0,0,40
97,dublin,"KILMAINHAM GAOL","Kilmainham Gaol",53.3421,-6.31002,0,0,OPEN,"2025-02-22 13:02:10",1,0,{},0,40,0,0,0,0,40,0,40,0,0,0,0,40
97,dublin,"KILMAINHAM GAOL","Kilmainham Gaol",53.3421,-6.31002,0,0,OPEN,"2025-02-22 13:12:14",1,0,{},0,40,0,0,0,0,40,0,40,0,0,0,0,40
97,dublin,"KILMAINHAM GAOL","Kilmainham Gaol",53.3421,-6.31002,0,0,OPEN,"2025-02-22 13:22:18",1,0,{},0,40,0,0,0,0,40,0,40,0,0,0,0,40
97,dublin,"KILMAINHAM GAOL","Kilmainham Gaol",53.3421,-6.31002,0,0,OPEN,"2025-02-22 13:32:22",1,0,{},0,40,0,0,0,0,40,0,40,0,0,0,0,40
97,dublin,"KILMAINHAM GAOL","Kilmainham Gaol",53.3421,-6.31002,0,0,OPEN,"2025-02-22 13:42:27",1,0,{},0,40,0,0,0,0,40,0,40,0,0,0,0,40
97,dublin,"KILMAINHAM GAOL","Kilmainham Gaol",53.3421,-6.31002,0,0,OPEN,"2025-02-22 13:52:31",1,0,{},0,40,0,0,0,0,40,0,40,0,0,0,0,40
97,dublin,"KILMAINHAM GAOL","Kilmainham Gaol",53.3421,-6.31002,0,0,OPEN,"2025-02-22 14:02:35",1,0,{},0,40,0,0,0,0,40,0,40,0,0,0,0,40
97,dublin,"KILMAINHAM GAOL","Kilmainham Gaol",53.3421,-6.31002,0,0,OPEN,"2025-02-22 14:12:39",1,0,{},0,40,0,0,0,0,40,0,40,0,0,0,0,40
97,dublin,"KILMAINHAM GAOL","Kilmainham Gaol",53.3421,-6.31002,0,0,OPEN,"2025-02-22 14:22:43",1,0,{},0,40,0,0,0,0,40,0,40,0,0,0,0,40
97,dublin,"KILMAINHAM GAOL","Kilmainham Gaol",53.3421,-6.31002,0,0,OPEN,"2025-02-22 14:26:25",1,0,{},1,39,0,1,0,1,40,1,39,0,1,0,1,40
97,dublin,"KILMAINHAM GAOL","Kilmainham Gaol",53.3421,-6.31002,0,0,OPEN,"2025-02-22 14:32:46",1,0,{},1,39,0,1,0,1,40,1,39,0,1,0,1,40
97,dublin,"KILMAINHAM GAOL","Kilmainham Gaol",53.3421,-6.31002,0,0,OPEN,"2025-02-22 14:43:29",1,0,{},0,40,0,0,0,0,40,0,40,0,0,0,0,40
97,dublin,"KILMAINHAM GAOL","Kilmainham Gaol",53.3421,-6.31002,0,0,OPEN,"2025-02-22 14:52:55",1,0,{},0,40,0,0,0,0,40,0,40,0,0,0,0,40
97,dublin,"KILMAINHAM GAOL","Kilmainham Gaol",53.3421,-6.31002,0,0,OPEN,"2025-02-22 15:02:59",1,0,{},0,40,0,0,0,0,40,0,40,0,0,0,0,40
97,dublin,"KILMAINHAM GAOL","Kilmainham Gaol",53.3421,-6.31002,0,0,OPEN,"2025-02-22 15:13:03",1,0,{},0,40,0,0,0,0,40,0,40,0,0,0,0,40
97,dublin,"KILMAINHAM GAOL","Kilmainham Gaol",53.3421,-6.31002,0,0,OPEN,"2025-02-22 15:23:08",1,0,{},1,39,1,0,0,0,40,1,39,1,0,0,0,40
97,dublin,"KILMAINHAM GAOL","Kilmainham Gaol",53.3421,-6.31002,0,0,OPEN,"2025-02-22 15:33:12",1,0,{},1,39,1,0,0,0,40,1,39,1,0,0,0,40
97,dublin,"KILMAINHAM GAOL","Kilmainham Gaol",53.3421,-6.31002,0,0,OPEN,"2025-02-22 15:43:16",1,0,{},1,39,1,0,0,0,40,1,39,1,0,0,0,40
97,dublin,"KILMAINHAM GAOL","Kilmainham Gaol",53.3421,-6.31002,0,0,OPEN,"2025-02-22 15:47:34",1,0,{},0,40,0,0,0,0,40,0,40,0,0,0,0,40
97,dublin,"KILMAINHAM GAOL","Kilmainham Gaol",53.3421,-6.31002,0,0,OPEN,"2025-02-22 15:53:21",1,0,{},0,40,0,0,0,0,40,0,40,0,0,0,0,40
97,dublin,"KILMAINHAM GAOL","Kilmainham Gaol",53.3421,-6.31002,0,0,OPEN,"2025-02-22 16:03:25",1,0,{},1,39,1,0,0,0,40,1,39,1,0,0,0,40
97,dublin,"KILMAINHAM GAOL","Kilmainham Gaol",53.3421,-6.31002,0,0,OPEN,"2025-02-22 16:13:32",1,0,{},0,40,0,0,0,0,40,0,40,0,0,0,0,40
97,dublin,"KILMAINHAM GAOL","Kilmainham Gaol",53.3421,-6.31002,0,0,OPEN,"2025-02-22 16:23:34",1,0,{},0,40,0,0,0,0,40,0,40,0,0,0,0,40
97,dublin,"KILMAINHAM GAOL","Kilmainham Gaol",53.3421,-6.31002,0,0,OPEN,"2025-02-22 16:33:38",1,0,{},0,40,0,0,0,0,40,0,40,0,0,0,0,40
97,dublin,"KILMAINHAM GAOL","Kilmainham Gaol",53.3421,-6.31002,0,0,OPEN,"2025-02-22 16:43:42",1,0,{},0,40,0,0,0,0,40,0,40,0,0,0,0,40
97,dublin,"KILMAINHAM GAOL","Kilmainham Gaol",53.3421,-6.31002,0,0,OPEN,"2025-02-22 16:53:30",1,0,{},2,38,2,0,0,0,40,2,38,2,0,0,0,40
97,dublin,"KILMAINHAM GAOL","Kilmainham Gaol",53.3421,-6.31002,0,0,OPEN,"2025-02-22 16:57:59",1,0,{},2,38,1,1,0,1,40,2,38,1,1,0,1,40
97,dublin,"KILMAINHAM GAOL","Kilmainham Gaol",53.3421,-6.31002,0,0,OPEN,"2025-02-22 17:03:54",1,0,{},2,38,1,1,0,1,40,2,38,1,1,0,1,40
97,dublin,"KILMAINHAM GAOL","Kilmainham Gaol",53.3421,-6.31002,0,0,OPEN,"2025-02-22 17:08:48",1,0,{},3,37,2,1,0,1,40,3,37,2,1,0,1,40
97,dublin,"KILMAINHAM GAOL","Kilmainham Gaol",53.3421,-6.31002,0,0,OPEN,"2025-02-22 17:14:00",1,0,{},3,37,2,1,0,1,40,3,37,2,1,0,1,40
97,dublin,"KILMAINHAM GAOL","Kilmainham Gaol",53.3421,-6.31002,0,0,OPEN,"2025-02-22 17:27:12",1,0,{},2,38,1,1,0,1,40,2,38,1,1,0,1,40
97,dublin,"KILMAINHAM GAOL","Kilmainham Gaol",53.3421,-6.31002,0,0,OPEN,"2025-02-22 17:37:22",1,0,{},1,39,0,1,0,1,40,1,39,0,1,0,1,40
97,dublin,"KILMAINHAM GAOL","Kilmainham Gaol",53.3421,-6.31002,0,0,OPEN,"2025-02-22 17:44:16",1,0,{},1,39,0,1,0,1,40,1,39,0,1,0,1,40
97,dublin,"KILMAINHAM GAOL","Kilmainham Gaol",53.3421,-6.31002,0,0,OPEN,"2025-02-22 17:58:00",1,0,{},0,40,0,0,0,0,40,0,40,0,0,0,0,40
97,dublin,"KILMAINHAM GAOL","Kilmainham Gaol",53.3421,-6.31002,0,0,OPEN,"2025-02-22 18:04:25",1,0,{},0,40,0,0,0,0,40,0,40,0,0,0,0,40
97,dublin,"KILMAINHAM GAOL","Kilmainham Gaol",53.3421,-6.31002,0,0,OPEN,"2025-02-22 18:14:29",1,0,{},0,40,0,0,0,0,40,0,40,0,0,0,0,40
97,dublin,"KILMAINHAM GAOL","Kilmainham Gaol",53.3421,-6.31002,0,0,OPEN,"2025-02-22 18:24:33",1,0,{},0,40,0,0,0,0,40,0,40,0,0,0,0,40
97,dublin,"KILMAINHAM GAOL","Kilmainham Gaol",53.3421,-6.31002,0,0,OPEN,"2025-02-22 18:34:38",1,0,{},0,40,0,0,0,0,40,0,40,0,0,0,0,40
97,dublin,"KILMAINHAM GAOL","Kilmainham Gaol",53.3421,-6.31002,0,0,OPEN,"2025-02-22 18:44:42",1,0,{},0,40,0,0,0,0,40,0,40,0,0,0,0,40
97,dublin,"KILMAINHAM GAOL","Kilmainham Gaol",53.3421,-6.31002,0,0,OPEN,"2025-02-22 18:54:46",1,0,{},0,40,0,0,0,0,40,0,40,0,0,0,0,40
97,dublin,"KILMAINHAM GAOL","Kilmainham Gaol",53.3421,-6.31002,0,0,OPEN,"2025-02-22 19:01:15",1,0,{},1,39,1,0,0,0,40,1,39,1,0,0,0,40
97,dublin,"KILMAINHAM GAOL","Kilmainham Gaol",53.3421,-6.31002,0,0,OPEN,"2025-02-22 19:04:51",1,0,{},1,39,1,0,0,0,40,1,39,1,0,0,0,40
97,dublin,"KILMAINHAM GAOL","Kilmainham Gaol",53.3421,-6.31002,0,0,OPEN,"2025-02-22 19:17:24",1,0,{},2,38,2,0,0,0,40,2,38,2,0,0,0,40
97,dublin,"KILMAINHAM GAOL","Kilmainham Gaol",53.3421,-6.31002,0,0,OPEN,"2025-02-22 19:25:01",1,0,{},2,38,2,0,0,0,40,2,38,2,0,0,0,40
97,dublin,"KILMAINHAM GAOL","Kilmainham Gaol",53.3421,-6.31002,0,0,OPEN,"2025-02-22 19:35:05",1,0,{},2,38,2,0,0,0,40,2,38,2,0,0,0,40
97,dublin,"KILMAINHAM GAOL","Kilmainham Gaol",53.3421,-6.31002,0,0,OPEN,"2025-02-22 19:45:08",1,0,{},2,38,2,0,0,0,40,2,38,2,0,0,0,40
97,dublin,"KILMAINHAM GAOL","Kilmainham Gaol",53.3421,-6.31002,0,0,OPEN,"2025-02-22 19:55:12",1,0,{},2,38,2,0,0,0,40,2,38,2,0,0,0,40
97,dublin,"KILMAINHAM GAOL","Kilmainham Gaol",53.3421,-6.31002,0,0,OPEN,"2025-02-22 20:05:16",1,0,{},2,38,2,0,0,0,40,2,38,2,0,0,0,40
97,dublin,"KILMAINHAM GAOL","Kilmainham Gaol",53.3421,-6.31002,0,0,OPEN,"2025-02-22 20:15:20",1,0,{},2,38,2,0,0,0,40,2,38,2,0,0,0,40
97,dublin,"KILMAINHAM GAOL","Kilmainham Gaol",53.3421,-6.31002,0,0,OPEN,"2025-02-22 20:25:24",1,0,{},2,38,2,0,0,0,40,2,38,2,0,0,0,40
97,dublin,"KILMAINHAM GAOL","Kilmainham Gaol",53.3421,-6.31002,0,0,OPEN,"2025-02-22 20:30:40",1,0,{},1,39,1,0,0,0,40,1,39,1,0,0,0,40
97,dublin,"KILMAINHAM GAOL","Kilmainham Gaol",53.3421,-6.31002,0,0,OPEN,"2025-02-22 20:35:29",1,0,{},1,39,1,0,0,0,40,1,39,1,0,0,0,40
97,dublin,"KILMAINHAM GAOL","Kilmainham Gaol",53.3421,-6.31002,0,0,OPEN,"2025-02-22 20:48:14",1,0,{},1,39,1,0,0,0,40,1,39,1,0,0,0,40
97,dublin,"KILMAINHAM GAOL","Kilmainham Gaol",53.3421,-6.31002,0,0,OPEN,"2025-02-22 20:55:41",1,0,{},1,39,1,0,0,0,40,1,39,1,0,0,0,40
97,dublin,"KILMAINHAM GAOL","Kilmainham Gaol",53.3421,-6.31002,0,0,OPEN,"2025-02-22 21:05:45",1,0,{},1,39,1,0,0,0,40,1,39,1,0,0,0,40
97,dublin,"KILMAINHAM GAOL","Kilmainham Gaol",53.3421,-6.31002,0,0,OPEN,"2025-02-22 21:15:50",1,0,{},1,39,1,0,0,0,40,1,39,1,0,0,0,40
97,dublin,"KILMAINHAM GAOL","Kilmainham Gaol",53.3421,-6.31002,0,0,OPEN,"2025-02-22 21:25:54",1,0,{},1,39,1,0,0,0,40,1,39,1,0,0,0,40
97,dublin,"KILMAINHAM GAOL","Kilmainham Gaol",53.3421,-6.31002,0,0,OPEN,"2025-02-22 21:35:58",1,0,{},1,39,1,0,0,0,40,1,39,1,0,0,0,40
97,dublin,"KILMAINHAM GAOL","Kilmainham Gaol",53.3421,-6.31002,0,0,OPEN,"2025-02-22 21:46:03",1,0,{},1,39,1,0,0,0,40,1,39,1,0,0,0,40
97,dublin,"KILMAINHAM GAOL","Kilmainham Gaol",53.3421,-6.31002,0,0,OPEN,"2025-02-22 21:56:07",1,0,{},1,39,1,0,0,0,40,1,39,1,0,0,0,40
97,dublin,"KILMAINHAM GAOL","Kilmainham Gaol",53.3421,-6.31002,0,0,OPEN,"2025-02-22 22:06:12",1,0,{},1,39,1,0,0,0,40,1,39,1,0,0,0,40
97,dublin,"KILMAINHAM GAOL","Kilmainham Gaol",53.3421,-6.31002,0,0,OPEN,"2025-02-22 22:16:16",1,0,{},1,39,1,0,0,0,40,1,39,1,0,0,0,40
98,dublin,"FREDERICK STREET SOUTH","Frederick Street South",53.3415,-6.25685,0,0,OPEN,"2025-02-22 02:57:45",1,0,{},6,34,5,1,0,1,40,6,34,5,1,0,1,40
98,dublin,"FREDERICK STREET SOUTH","Frederick Street South",53.3415,-6.25685,0,0,OPEN,"2025-02-22 03:07:49",1,0,{},6,34,5,1,0,1,40,6,34,5,1,0,1,40
98,dublin,"FREDERICK STREET SOUTH","Frederick Street South",53.3415,-6.25685,0,0,OPEN,"2025-02-22 10:12:16",1,0,{},9,31,6,3,0,3,40,9,31,6,3,0,3,40
98,dublin,"FREDERICK STREET SOUTH","Frederick Street South",53.3415,-6.25685,0,0,OPEN,"2025-02-22 10:22:20",1,0,{},10,30,7,3,0,3,40,10,30,7,3,0,3,40
98,dublin,"FREDERICK STREET SOUTH","Frederick Street South",53.3415,-6.25685,0,0,OPEN,"2025-02-22 10:32:24",1,0,{},10,30,7,3,0,3,40,10,30,7,3,0,3,40
98,dublin,"FREDERICK STREET SOUTH","Frederick Street South",53.3415,-6.25685,0,0,OPEN,"2025-02-22 10:42:28",1,0,{},10,30,7,3,0,3,40,10,30,7,3,0,3,40
98,dublin,"FREDERICK STREET SOUTH","Frederick Street South",53.3415,-6.25685,0,0,OPEN,"2025-02-22 10:52:33",1,0,{},11,29,7,4,0,4,40,11,29,7,4,0,4,40
98,dublin,"FREDERICK STREET SOUTH","Frederick Street South",53.3415,-6.25685,0,0,OPEN,"2025-02-22 10:55:41",1,0,{},12,28,7,5,0,5,40,12,28,7,5,0,5,40
98,dublin,"FREDERICK STREET SOUTH","Frederick Street South",53.3415,-6.25685,0,0,OPEN,"2025-02-22 11:02:37",1,0,{},12,28,7,5,0,5,40,12,28,7,5,0,5,40
98,dublin,"FREDERICK STREET SOUTH","Frederick Street South",53.3415,-6.25685,0,0,OPEN,"2025-02-22 11:12:41",1,0,{},12,28,7,5,0,5,40,12,28,7,5,0,5,40
98,dublin,"FREDERICK STREET SOUTH","Frederick Street South",53.3415,-6.25685,0,0,OPEN,"2025-02-22 11:22:45",1,0,{},12,28,7,5,0,5,40,12,28,7,5,0,5,40
98,dublin,"FREDERICK STREET SOUTH","Frederick Street South",53.3415,-6.25685,0,0,OPEN,"2025-02-22 11:32:49",1,0,{},12,28,7,5,0,5,40,12,28,7,5,0,5,40
98,dublin,"FREDERICK STREET SOUTH","Frederick Street South",53.3415,-6.25685,0,0,OPEN,"2025-02-22 11:42:52",1,0,{},12,28,7,5,0,5,40,12,28,7,5,0,5,40
98,dublin,"FREDERICK STREET SOUTH","Frederick Street South",53.3415,-6.25685,0,0,OPEN,"2025-02-22 11:52:56",1,0,{},12,28,7,5,0,5,40,12,28,7,5,0,5,40
98,dublin,"FREDERICK STREET SOUTH","Frederick Street South",53.3415,-6.25685,0,0,OPEN,"2025-02-22 12:03:01",1,0,{},13,27,8,5,0,5,40,13,27,8,5,0,5,40
98,dublin,"FREDERICK STREET SOUTH","Frederick Street South",53.3415,-6.25685,0,0,OPEN,"2025-02-22 12:13:04",1,0,{},13,27,8,5,0,5,40,13,27,8,5,0,5,40
98,dublin,"FREDERICK STREET SOUTH","Frederick Street South",53.3415,-6.25685,0,0,OPEN,"2025-02-22 12:23:09",1,0,{},14,26,8,6,0,6,40,14,26,8,6,0,6,40
98,dublin,"FREDERICK STREET SOUTH","Frederick Street South",53.3415,-6.25685,0,0,OPEN,"2025-02-22 12:33:12",1,0,{},14,26,8,6,0,6,40,14,26,8,6,0,6,40
98,dublin,"FREDERICK STREET SOUTH","Frederick Street South",53.3415,-6.25685,0,0,OPEN,"2025-02-22 12:43:16",1,0,{},14,26,8,6,0,6,40,14,26,8,6,0,6,40
98,dublin,"FREDERICK STREET SOUTH","Frederick Street South",53.3415,-6.25685,0,0,OPEN,"2025-02-22 12:45:14",1,0,{},15,25,8,7,0,7,40,15,25,8,7,0,7,40
98,dublin,"FREDERICK STREET SOUTH","Frederick Street South",53.3415,-6.25685,0,0,OPEN,"2025-02-22 12:53:20",1,0,{},15,25,8,7,0,7,40,15,25,8,7,0,7,40
98,dublin,"FREDERICK STREET SOUTH","Frederick Street South",53.3415,-6.25685,0,0,OPEN,"2025-02-22 13:03:24",1,0,{},15,25,8,7,0,7,40,15,25,8,7,0,7,40
98,dublin,"FREDERICK STREET SOUTH","Frederick Street South",53.3415,-6.25685,0,0,OPEN,"2025-02-22 13:13:28",1,0,{},15,25,8,7,0,7,40,15,25,8,7,0,7,40
98,dublin,"FREDERICK STREET SOUTH","Frederick Street South",53.3415,-6.25685,0,0,OPEN,"2025-02-22 13:23:32",1,0,{},15,25,8,7,0,7,40,15,25,8,7,0,7,40
98,dublin,"FREDERICK STREET SOUTH","Frederick Street South",53.3415,-6.25685,0,0,OPEN,"2025-02-22 13:33:35",1,0,{},15,25,8,7,0,7,40,15,25,8,7,0,7,40
98,dublin,"FREDERICK STREET SOUTH","Frederick Street South",53.3415,-6.25685,0,0,OPEN,"2025-02-22 13:43:39",1,0,{},15,25,8,7,0,7,40,15,25,8,7,0,7,40
98,dublin,"FREDERICK STREET SOUTH","Frederick Street South",53.3415,-6.25685,0,0,OPEN,"2025-02-22 13:49:36",1,0,{},14,26,7,7,0,7,40,14,26,7,7,0,7,40
98,dublin,"FREDERICK STREET SOUTH","Frederick Street South",53.3415,-6.25685,0,0,OPEN,"2025-02-22 13:53:44",1,0,{},14,26,7,7,0,7,40,14,26,7,7,0,7,40
98,dublin,"FREDERICK STREET SOUTH","Frederick Street South",53.3415,-6.25685,0,0,OPEN,"2025-02-22 14:02:01",1,0,{},13,27,6,7,0,7,40,13,27,6,7,0,7,40
98,dublin,"FREDERICK STREET SOUTH","Frederick Street South",53.3415,-6.25685,0,0,OPEN,"2025-02-22 14:08:13",1,0,{},14,26,6,8,0,8,40,14,26,6,8,0,8,40
98,dublin,"FREDERICK STREET SOUTH","Frederick Street South",53.3415,-6.25685,0,0,OPEN,"2025-02-22 14:12:14",1,0,{},14,26,6,8,0,8,40,14,26,6,8,0,8,40
98,dublin,"FREDERICK STREET SOUTH","Frederick Street South",53.3415,-6.25685,0,0,OPEN,"2025-02-22 14:13:54",1,0,{},14,26,6,8,0,8,40,14,26,6,8,0,8,40
98,dublin,"FREDERICK STREET SOUTH","Frederick Street South",53.3415,-6.25685,0,0,OPEN,"2025-02-22 14:20:25",1,0,{},15,25,6,9,0,9,40,15,25,6,9,0,9,40
98,dublin,"FREDERICK STREET SOUTH","Frederick Street South",53.3415,-6.25685,0,0,OPEN,"2025-02-22 14:27:31",1,0,{},17,23,7,10,0,10,40,17,23,7,10,0,10,40
98,dublin,"FREDERICK STREET SOUTH","Frederick Street South",53.3415,-6.25685,0,0,OPEN,"2025-02-22 14:34:03",1,0,{},17,23,7,10,0,10,40,17,23,7,10,0,10,40
98,dublin,"FREDERICK STREET SOUTH","Frederick Street South",53.3415,-6.25685,0,0,OPEN,"2025-02-22 14:47:40",1,0,{},19,21,8,11,0,11,40,19,21,8,11,0,11,40
98,dublin,"FREDERICK STREET SOUTH","Frederick Street South",53.3415,-6.25685,0,0,OPEN,"2025-02-22 14:54:20",1,0,{},18,22,8,10,0,10,40,18,22,8,10,0,10,40
98,dublin,"FREDERICK STREET SOUTH","Frederick Street South",53.3415,-6.25685,0,0,OPEN,"2025-02-22 15:04:15",1,0,{},18,22,8,10,0,10,40,18,22,8,10,0,10,40
98,dublin,"FREDERICK STREET SOUTH","Frederick Street South",53.3415,-6.25685,0,0,OPEN,"2025-02-22 15:14:26",1,0,{},18,22,8,10,0,10,40,18,22,8,10,0,10,40
98,dublin,"FREDERICK STREET SOUTH","Frederick Street South",53.3415,-6.25685,0,0,OPEN,"2025-02-22 15:24:23",1,0,{},18,22,8,10,0,10,40,18,22,8,10,0,10,40
98,dublin,"FREDERICK STREET SOUTH","Frederick Street South",53.3415,-6.25685,0,0,OPEN,"2025-02-22 15:29:36",1,0,{},19,21,9,10,0,10,40,19,21,9,10,0,10,40
98,dublin,"FREDERICK STREET SOUTH","Frederick Street South",53.3415,-6.25685,0,0,OPEN,"2025-02-22 15:34:28",1,0,{},19,21,9,10,0,10,40,19,21,9,10,0,10,40
98,dublin,"FREDERICK STREET SOUTH","Frederick Street South",53.3415,-6.25685,0,0,OPEN,"2025-02-22 15:42:01",1,0,{},20,20,10,10,0,10,40,20,20,10,10,0,10,40
98,dublin,"FREDERICK STREET SOUTH","Frederick Street South",53.3415,-6.25685,0,0,OPEN,"2025-02-22 15:44:32",1,0,{},20,20,10,10,0,10,40,20,20,10,10,0,10,40
98,dublin,"FREDERICK STREET SOUTH","Frederick Street South",53.3415,-6.25685,0,0,OPEN,"2025-02-22 15:53:08",1,0,{},20,20,10,10,0,10,40,20,20,10,10,0,10,40
98,dublin,"FREDERICK STREET SOUTH","Frederick Street South",53.3415,-6.25685,0,0,OPEN,"2025-02-22 15:54:37",1,0,{},20,20,10,10,0,10,40,20,20,10,10,0,10,40
98,dublin,"FREDERICK STREET SOUTH","Frederick Street South",53.3415,-6.25685,0,0,OPEN,"2025-02-22 16:04:40",1,0,{},20,20,10,10,0,10,40,20,20,10,10,0,10,40
98,dublin,"FREDERICK STREET SOUTH","Frederick Street South",53.3415,-6.25685,0,0,OPEN,"2025-02-22 16:09:18",1,0,{},19,21,9,10,0,10,40,19,21,9,10,0,10,40
98,dublin,"FREDERICK STREET SOUTH","Frederick Street South",53.3415,-6.25685,0,0,OPEN,"2025-02-22 16:15:12",1,0,{},18,22,8,10,0,10,40,18,22,8,10,0,10,40
98,dublin,"FREDERICK STREET SOUTH","Frederick Street South",53.3415,-6.25685,0,0,OPEN,"2025-02-22 16:24:53",1,0,{},18,22,8,10,0,10,40,18,22,8,10,0,10,40
98,dublin,"FREDERICK STREET SOUTH","Frederick Street South",53.3415,-6.25685,0,0,OPEN,"2025-02-22 16:34:56",1,0,{},18,22,8,10,0,10,40,18,22,8,10,0,10,40
98,dublin,"FREDERICK STREET SOUTH","Frederick Street South",53.3415,-6.25685,0,0,OPEN,"2025-02-22 16:45:00",1,0,{},18,22,8,10,0,10,40,18,22,8,10,0,10,40
98,dublin,"FREDERICK STREET SOUTH","Frederick Street South",53.3415,-6.25685,0,0,OPEN,"2025-02-22 16:55:04",1,0,{},18,22,8,10,0,10,40,18,22,8,10,0,10,40
98,dublin,"FREDERICK STREET SOUTH","Frederick Street South",53.3415,-6.25685,0,0,OPEN,"2025-02-22 17:05:07",1,0,{},18,22,8,10,0,10,40,18,22,8,10,0,10,40
98,dublin,"FREDERICK STREET SOUTH","Frederick Street South",53.3415,-6.25685,0,0,OPEN,"2025-02-22 17:15:11",1,0,{},18,22,8,10,0,10,40,18,22,8,10,0,10,40
98,dublin,"FREDERICK STREET SOUTH","Frederick Street South",53.3415,-6.25685,0,0,OPEN,"2025-02-22 17:25:16",1,0,{},17,23,7,10,0,10,40,17,23,7,10,0,10,40
98,dublin,"FREDERICK STREET SOUTH","Frederick Street South",53.3415,-6.25685,0,0,OPEN,"2025-02-22 17:32:12",1,0,{},16,24,7,9,0,9,40,16,24,7,9,0,9,40
98,dublin,"FREDERICK STREET SOUTH","Frederick Street South",53.3415,-6.25685,0,0,OPEN,"2025-02-22 17:35:22",1,0,{},16,24,7,9,0,9,40,16,24,7,9,0,9,40
98,dublin,"FREDERICK STREET SOUTH","Frederick Street South",53.3415,-6.25685,0,0,OPEN,"2025-02-22 17:41:22",1,0,{},16,24,7,9,0,9,40,16,24,7,9,0,9,40
98,dublin,"FREDERICK STREET SOUTH","Frederick Street South",53.3415,-6.25685,0,0,OPEN,"2025-02-22 17:45:25",1,0,{},16,24,7,9,0,9,40,16,24,7,9,0,9,40
98,dublin,"FREDERICK STREET SOUTH","Frederick Street South",53.3415,-6.25685,0,0,OPEN,"2025-02-22 17:55:29",1,0,{},16,24,7,9,0,9,40,16,24,7,9,0,9,40
98,dublin,"FREDERICK STREET SOUTH","Frederick Street South",53.3415,-6.25685,0,0,OPEN,"2025-02-22 18:05:33",1,0,{},16,24,7,9,0,9,40,16,24,7,9,0,9,40
98,dublin,"FREDERICK STREET SOUTH","Frederick Street South",53.3415,-6.25685,0,0,OPEN,"2025-02-22 18:15:37",1,0,{},16,24,7,9,0,9,40,16,24,7,9,0,9,40
98,dublin,"FREDERICK STREET SOUTH","Frederick Street South",53.3415,-6.25685,0,0,OPEN,"2025-02-22 18:25:40",1,0,{},16,24,7,9,0,9,40,16,24,7,9,0,9,40
98,dublin,"FREDERICK STREET SOUTH","Frederick Street South",53.3415,-6.25685,0,0,OPEN,"2025-02-22 18:35:44",1,0,{},16,24,7,9,0,9,40,16,24,7,9,0,9,40
98,dublin,"FREDERICK STREET SOUTH","Frederick Street South",53.3415,-6.25685,0,0,OPEN,"2025-02-22 18:45:48",1,0,{},16,24,7,9,0,9,40,16,24,7,9,0,9,40
98,dublin,"FREDERICK STREET SOUTH","Frederick Street South",53.3415,-6.25685,0,0,OPEN,"2025-02-22 18:56:17",1,0,{},28,12,9,19,0,19,40,28,12,9,19,0,19,40
98,dublin,"FREDERICK STREET SOUTH","Frederick Street South",53.3415,-6.25685,0,0,OPEN,"2025-02-22 19:06:01",1,0,{},28,12,9,19,0,19,40,28,12,9,19,0,19,40
98,dublin,"FREDERICK STREET SOUTH","Frederick Street South",53.3415,-6.25685,0,0,OPEN,"2025-02-22 19:16:05",1,0,{},28,12,9,19,0,19,40,28,12,9,19,0,19,40
98,dublin,"FREDERICK STREET SOUTH","Frederick Street South",53.3415,-6.25685,0,0,OPEN,"2025-02-22 19:26:09",1,0,{},28,12,9,19,0,19,40,28,12,9,19,0,19,40
98,dublin,"FREDERICK STREET SOUTH","Frederick Street South",53.3415,-6.25685,0,0,OPEN,"2025-02-22 19:36:13",1,0,{},28,12,9,19,0,19,40,28,12,9,19,0,19,40
98,dublin,"FREDERICK STREET SOUTH","Frederick Street South",53.3415,-6.25685,0,0,OPEN,"2025-02-22 19:46:17",1,0,{},28,12,9,19,0,19,40,28,12,9,19,0,19,40
98,dublin,"FREDERICK STREET SOUTH","Frederick Street South",53.3415,-6.25685,0,0,OPEN,"2025-02-22 19:56:20",1,0,{},28,12,9,19,0,19,40,28,12,9,19,0,19,40
98,dublin,"FREDERICK STREET SOUTH","Frederick Street South",53.3415,-6.25685,0,0,OPEN,"2025-02-22 20:06:24",1,0,{},28,12,9,19,0,19,40,28,12,9,19,0,19,40
98,dublin,"FREDERICK STREET SOUTH","Frederick Street South",53.3415,-6.25685,0,0,OPEN,"2025-02-22 20:16:28",1,0,{},28,12,9,19,0,19,40,28,12,9,19,0,19,40
98,dublin,"FREDERICK STREET SOUTH","Frederick Street South",53.3415,-6.25685,0,0,OPEN,"2025-02-22 20:26:31",1,0,{},28,12,9,19,0,19,40,28,12,9,19,0,19,40
98,dublin,"FREDERICK STREET SOUTH","Frederick Street South",53.3415,-6.25685,0,0,OPEN,"2025-02-22 20:36:35",1,0,{},28,12,9,19,0,19,40,28,12,9,19,0,19,40
98,dublin,"FREDERICK STREET SOUTH","Frederick Street South",53.3415,-6.25685,0,0,OPEN,"2025-02-22 20:46:39",1,0,{},28,12,9,19,0,19,40,28,12,9,19,0,19,40
98,dublin,"FREDERICK STREET SOUTH","Frederick Street South",53.3415,-6.25685,0,0,OPEN,"2025-02-22 20:56:42",1,0,{},28,12,9,19,0,19,40,28,12,9,19,0,19,40
98,dublin,"FREDERICK STREET SOUTH","Frederick Street South",53.3415,-6.25685,0,0,OPEN,"2025-02-22 21:06:46",1,0,{},28,12,9,19,0,19,40,28,12,9,19,0,19,40
98,dublin,"FREDERICK STREET SOUTH","Frederick Street South",53.3415,-6.25685,0,0,OPEN,"2025-02-22 21:16:49",1,0,{},28,12,9,19,0,19,40,28,12,9,19,0,19,40
98,dublin,"FREDERICK STREET SOUTH","Frederick Street South",53.3415,-6.25685,0,0,OPEN,"2025-02-22 21:24:07",1,0,{},28,12,9,19,0,19,40,28,12,9,19,0,19,40
98,dublin,"FREDERICK STREET SOUTH","Frederick Street South",53.3415,-6.25685,0,0,OPEN,"2025-02-22 21:26:53",1,0,{},28,12,9,19,0,19,40,28,12,9,19,0,19,40
98,dublin,"FREDERICK STREET SOUTH","Frederick Street South",53.3415,-6.25685,0,0,OPEN,"2025-02-22 21:36:56",1,0,{},28,12,9,19,0,19,40,28,12,9,19,0,19,40
98,dublin,"FREDERICK STREET SOUTH","Frederick Street South",53.3415,-6.25685,0,0,OPEN,"2025-02-22 21:46:59",1,0,{},28,12,9,19,0,19,40,28,12,9,19,0,19,40
98,dublin,"FREDERICK STREET SOUTH","Frederick Street South",53.3415,-6.25685,0,0,OPEN,"2025-02-22 21:57:03",1,0,{},28,12,9,19,0,19,40,28,12,9,19,0,19,40
98,dublin,"FREDERICK STREET SOUTH","Frederick Street South",53.3415,-6.25685,0,0,OPEN,"2025-02-22 22:07:07",1,0,{},28,12,9,19,0,19,40,28,12,9,19,0,19,40
98,dublin,"FREDERICK STREET SOUTH","Frederick Street South",53.3415,-6.25685,0,0,OPEN,"2025-02-22 22:17:11",1,0,{},28,12,9,19,0,19,40,28,12,9,19,0,19,40
99,dublin,"CITY QUAY","City Quay",53.3466,-6.24615,0,0,OPEN,"2025-02-22 02:51:56",1,0,{},3,27,0,3,0,3,30,3,27,0,3,0,3,30
99,dublin,"CITY QUAY","City Quay",53.3466,-6.24615,0,0,OPEN,"2025-02-22 03:12:07",1,0,{},3,27,0,3,0,3,30,3,27,0,3,0,3,30
99,dublin,"CITY QUAY","City Quay",53.3466,-6.24615,0,0,OPEN,"2025-02-22 10:12:24",1,0,{},3,27,0,3,0,3,30,3,27,0,3,0,3,30
99,dublin,"CITY QUAY","City Quay",53.3466,-6.24615,0,0,OPEN,"2025-02-22 10:22:31",1,0,{},2,28,0,2,0,2,30,2,28,0,2,0,2,30
99,dublin,"CITY QUAY","City Quay",53.3466,-6.24615,0,0,OPEN,"2025-02-22 10:26:34",1,0,{},3,27,1,2,0,2,30,3,27,1,2,0,2,30
99,dublin,"CITY QUAY","City Quay",53.3466,-6.24615,0,0,OPEN,"2025-02-22 10:32:36",1,0,{},3,27,1,2,0,2,30,3,27,1,2,0,2,30
99,dublin,"CITY QUAY","City Quay",53.3466,-6.24615,0,0,OPEN,"2025-02-22 10:42:41",1,0,{},3,27,1,2,0,2,30,3,27,1,2,0,2,30
99,dublin,"CITY QUAY","City Quay",53.3466,-6.24615,0,0,OPEN,"2025-02-22 10:52:45",1,0,{},3,27,1,2,0,2,30,3,27,1,2,0,2,30
99,dublin,"CITY QUAY","City Quay",53.3466,-6.24615,0,0,OPEN,"2025-02-22 10:54:01",1,0,{},4,26,1,3,0,3,30,4,26,1,3,0,3,30
99,dublin,"CITY QUAY","City Quay",53.3466,-6.24615,0,0,OPEN,"2025-02-22 11:02:51",1,0,{},4,26,1,3,0,3,30,4,26,1,3,0,3,30
99,dublin,"CITY QUAY","City Quay",53.3466,-6.24615,0,0,OPEN,"2025-02-22 11:12:54",1,0,{},4,26,1,3,0,3,30,4,26,1,3,0,3,30
99,dublin,"CITY QUAY","City Quay",53.3466,-6.24615,0,0,OPEN,"2025-02-22 11:23:30",1,0,{},5,25,1,4,0,4,30,5,25,1,4,0,4,30
99,dublin,"CITY QUAY","City Quay",53.3466,-6.24615,0,0,OPEN,"2025-02-22 11:33:03",1,0,{},5,25,1,4,0,4,30,5,25,1,4,0,4,30
99,dublin,"CITY QUAY","City Quay",53.3466,-6.24615,0,0,OPEN,"2025-02-22 11:43:08",1,0,{},5,25,1,4,0,4,30,5,25,1,4,0,4,30
99,dublin,"CITY QUAY","City Quay",53.3466,-6.24615,0,0,OPEN,"2025-02-22 11:43:35",1,0,{},6,24,2,4,0,4,30,6,24,2,4,0,4,30
99,dublin,"CITY QUAY","City Quay",53.3466,-6.24615,0,0,OPEN,"2025-02-22 11:53:13",1,0,{},6,24,2,4,0,4,30,6,24,2,4,0,4,30
99,dublin,"CITY QUAY","City Quay",53.3466,-6.24615,0,0,OPEN,"2025-02-22 12:03:17",1,0,{},6,24,2,4,0,4,30,6,24,2,4,0,4,30
99,dublin,"CITY QUAY","City Quay",53.3466,-6.24615,0,0,OPEN,"2025-02-22 12:13:20",1,0,{},6,24,2,4,0,4,30,6,24,2,4,0,4,30
99,dublin,"CITY QUAY","City Quay",53.3466,-6.24615,0,0,OPEN,"2025-02-22 12:23:25",1,0,{},6,24,2,4,0,4,30,6,24,2,4,0,4,30
99,dublin,"CITY QUAY","City Quay",53.3466,-6.24615,0,0,OPEN,"2025-02-22 12:33:31",1,0,{},5,25,2,3,0,3,30,5,25,2,3,0,3,30
99,dublin,"CITY QUAY","City Quay",53.3466,-6.24615,0,0,OPEN,"2025-02-22 12:43:35",1,0,{},5,25,2,3,0,3,30,5,25,2,3,0,3,30
99,dublin,"CITY QUAY","City Quay",53.3466,-6.24615,0,0,OPEN,"2025-02-22 12:54:56",1,0,{},7,23,2,5,0,5,30,7,23,2,5,0,5,30
99,dublin,"CITY QUAY","City Quay",53.3466,-6.24615,0,0,OPEN,"2025-02-22 13:03:45",1,0,{},7,23,2,5,0,5,30,7,23,2,5,0,5,30
99,dublin,"CITY QUAY","City Quay",53.3466,-6.24615,0,0,OPEN,"2025-02-22 13:13:49",1,0,{},7,23,2,5,0,5,30,7,23,2,5,0,5,30
99,dublin,"CITY QUAY","City Quay",53.3466,-6.24615,0,0,OPEN,"2025-02-22 13:28:09",1,0,{},9,21,3,6,0,6,30,9,21,3,6,0,6,30
99,dublin,"CITY QUAY","City Quay",53.3466,-6.24615,0,0,OPEN,"2025-02-22 13:33:58",1,0,{},9,21,3,6,0,6,30,9,21,3,6,0,6,30
99,dublin,"CITY QUAY","City Quay",53.3466,-6.24615,0,0,OPEN,"2025-02-22 13:44:02",1,0,{},9,21,3,6,0,6,30,9,21,3,6,0,6,30
99,dublin,"CITY QUAY","City Quay",53.3466,-6.24615,0,0,OPEN,"2025-02-22 13:54:06",1,0,{},9,21,3,6,0,6,30,9,21,3,6,0,6,30
99,dublin,"CITY QUAY","City Quay",53.3466,-6.24615,0,0,OPEN,"2025-02-22 14:06:14",1,0,{},10,20,4,6,0,6,30,10,20,4,6,0,6,30
99,dublin,"CITY QUAY","City Quay",53.3466,-6.24615,0,0,OPEN,"2025-02-22 14:14:16",1,0,{},10,20,4,6,0,6,30,10,20,4,6,0,6,30
99,dublin,"CITY QUAY","City Quay",53.3466,-6.24615,0,0,OPEN,"2025-02-22 14:24:19",1,0,{},10,20,4,6,0,6,30,10,20,4,6,0,6,30
99,dublin,"CITY QUAY","City Quay",53.3466,-6.24615,0,0,OPEN,"2025-02-22 14:34:24",1,0,{},10,20,4,6,0,6,30,10,20,4,6,0,6,30
99,dublin,"CITY QUAY","City Quay",53.3466,-6.24615,0,0,OPEN,"2025-02-22 14:44:28",1,0,{},10,20,4,6,0,6,30,10,20,4,6,0,6,30
99,dublin,"CITY QUAY","City Quay",53.3466,-6.24615,0,0,OPEN,"2025-02-22 14:54:32",1,0,{},10,20,4,6,0,6,30,10,20,4,6,0,6,30
99,dublin,"CITY QUAY","City Quay",53.3466,-6.24615,0,0,OPEN,"2025-02-22 15:00:10",1,0,{},11,19,4,7,0,7,30,11,19,4,7,0,7,30
99,dublin,"CITY QUAY","City Quay",53.3466,-6.24615,0,0,OPEN,"2025-02-22 15:04:38",1,0,{},11,19,4,7,0,7,30,11,19,4,7,0,7,30
99,dublin,"CITY QUAY","City Quay",53.3466,-6.24615,0,0,OPEN,"2025-02-22 15:14:42",1,0,{},11,19,4,7,0,7,30,11,19,4,7,0,7,30
99,dublin,"CITY QUAY","City Quay",53.3466,-6.24615,0,0,OPEN,"2025-02-22 15:22:57",1,0,{},10,20,3,7,0,7,30,10,20,3,7,0,7,30
99,dublin,"CITY QUAY","City Quay",53.3466,-6.24615,0,0,OPEN,"2025-02-22 15:24:48",1,0,{},10,20,3,7,0,7,30,10,20,3,7,0,7,30
99,dublin,"CITY QUAY","City Quay",53.3466,-6.24615,0,0,OPEN,"2025-02-22 15:34:52",1,0,{},10,20,3,7,0,7,30,10,20,3,7,0,7,30
99,dublin,"CITY QUAY","City Quay",53.3466,-6.24615,0,0,OPEN,"2025-02-22 15:47:38",1,0,{},11,19,3,8,0,8,30,11,19,3,8,0,8,30
99,dublin,"CITY QUAY","City Quay",53.3466,-6.24615,0,0,OPEN,"2025-02-22 15:55:03",1,0,{},11,19,3,8,0,8,30,11,19,3,8,0,8,30
99,dublin,"CITY QUAY","City Quay",53.3466,-6.24615,0,0,OPEN,"2025-02-22 16:05:07",1,0,{},11,19,3,8,0,8,30,11,19,3,8,0,8,30
99,dublin,"CITY QUAY","City Quay",53.3466,-6.24615,0,0,OPEN,"2025-02-22 16:09:59",1,0,{},10,20,3,7,0,7,30,10,20,3,7,0,7,30
99,dublin,"CITY QUAY","City Quay",53.3466,-6.24615,0,0,OPEN,"2025-02-22 16:16:46",1,0,{},9,21,2,7,0,7,30,9,21,2,7,0,7,30
99,dublin,"CITY QUAY","City Quay",53.3466,-6.24615,0,0,OPEN,"2025-02-22 16:25:19",1,0,{},9,21,2,7,0,7,30,9,21,2,7,0,7,30
99,dublin,"CITY QUAY","City Quay",53.3466,-6.24615,0,0,OPEN,"2025-02-22 16:35:24",1,0,{},9,21,2,7,0,7,30,9,21,2,7,0,7,30
99,dublin,"CITY QUAY","City Quay",53.3466,-6.24615,0,0,OPEN,"2025-02-22 16:45:28",1,0,{},9,21,2,7,0,7,30,9,21,2,7,0,7,30
99,dublin,"CITY QUAY","City Quay",53.3466,-6.24615,0,0,OPEN,"2025-02-22 16:56:14",1,0,{},9,21,2,7,0,7,30,9,21,2,7,0,7,30
99,dublin,"CITY QUAY","City Quay",53.3466,-6.24615,0,0,OPEN,"2025-02-22 17:05:37",1,0,{},9,21,2,7,0,7,30,9,21,2,7,0,7,30
99,dublin,"CITY QUAY","City Quay",53.3466,-6.24615,0,0,OPEN,"2025-02-22 17:15:41",1,0,{},9,21,2,7,0,7,30,9,21,2,7,0,7,30
99,dublin,"CITY QUAY","City Quay",53.3466,-6.24615,0,0,OPEN,"2025-02-22 17:25:44",1,0,{},9,21,2,7,0,7,30,9,21,2,7,0,7,30
99,dublin,"CITY QUAY","City Quay",53.3466,-6.24615,0,0,OPEN,"2025-02-22 17:35:48",1,0,{},9,21,2,7,0,7,30,9,21,2,7,0,7,30
99,dublin,"CITY QUAY","City Quay",53.3466,-6.24615,0,0,OPEN,"2025-02-22 17:45:52",1,0,{},9,21,2,7,0,7,30,9,21,2,7,0,7,30
99,dublin,"CITY QUAY","City Quay",53.3466,-6.24615,0,0,OPEN,"2025-02-22 17:55:56",1,0,{},9,21,2,7,0,7,30,9,21,2,7,0,7,30
99,dublin,"CITY QUAY","City Quay",53.3466,-6.24615,0,0,OPEN,"2025-02-22 18:02:46",1,0,{},10,20,3,7,0,7,30,10,20,3,7,0,7,30
99,dublin,"CITY QUAY","City Quay",53.3466,-6.24615,0,0,OPEN,"2025-02-22 18:06:02",1,0,{},10,20,3,7,0,7,30,10,20,3,7,0,7,30
99,dublin,"CITY QUAY","City Quay",53.3466,-6.24615,0,0,OPEN,"2025-02-22 18:16:05",1,0,{},10,20,3,7,0,7,30,10,20,3,7,0,7,30
99,dublin,"CITY QUAY","City Quay",53.3466,-6.24615,0,0,OPEN,"2025-02-22 18:26:10",1,0,{},10,20,3,7,0,7,30,10,20,3,7,0,7,30
99,dublin,"CITY QUAY","City Quay",53.3466,-6.24615,0,0,OPEN,"2025-02-22 18:33:31",1,0,{},8,22,2,6,0,6,30,8,22,2,6,0,6,30
99,dublin,"CITY QUAY","City Quay",53.3466,-6.24615,0,0,OPEN,"2025-02-22 18:36:17",1,0,{},8,22,2,6,0,6,30,8,22,2,6,0,6,30
99,dublin,"CITY QUAY","City Quay",53.3466,-6.24615,0,0,OPEN,"2025-02-22 18:46:21",1,0,{},8,22,2,6,0,6,30,8,22,2,6,0,6,30
99,dublin,"CITY QUAY","City Quay",53.3466,-6.24615,0,0,OPEN,"2025-02-22 18:56:26",1,0,{},8,22,2,6,0,6,30,8,22,2,6,0,6,30
99,dublin,"CITY QUAY","City Quay",53.3466,-6.24615,0,0,OPEN,"2025-02-22 19:06:30",1,0,{},8,22,2,6,0,6,30,8,22,2,6,0,6,30
99,dublin,"CITY QUAY","City Quay",53.3466,-6.24615,0,0,OPEN,"2025-02-22 19:14:01",1,0,{},7,23,2,5,0,5,30,7,23,2,5,0,5,30
99,dublin,"CITY QUAY","City Quay",53.3466,-6.24615,0,0,OPEN,"2025-02-22 19:18:18",1,0,{},6,24,1,5,0,5,30,6,24,1,5,0,5,30
99,dublin,"CITY QUAY","City Quay",53.3466,-6.24615,0,0,OPEN,"2025-02-22 19:26:44",1,0,{},6,24,1,5,0,5,30,6,24,1,5,0,5,30
99,dublin,"CITY QUAY","City Quay",53.3466,-6.24615,0,0,OPEN,"2025-02-22 19:36:49",1,0,{},6,24,1,5,0,5,30,6,24,1,5,0,5,30
99,dublin,"CITY QUAY","City Quay",53.3466,-6.24615,0,0,OPEN,"2025-02-22 19:46:54",1,0,{},6,24,1,5,0,5,30,6,24,1,5,0,5,30
99,dublin,"CITY QUAY","City Quay",53.3466,-6.24615,0,0,OPEN,"2025-02-22 19:56:58",1,0,{},6,24,1,5,0,5,30,6,24,1,5,0,5,30
99,dublin,"CITY QUAY","City Quay",53.3466,-6.24615,0,0,OPEN,"2025-02-22 20:07:02",1,0,{},6,24,1,5,0,5,30,6,24,1,5,0,5,30
99,dublin,"CITY QUAY","City Quay",53.3466,-6.24615,0,0,OPEN,"2025-02-22 20:17:07",1,0,{},6,24,1,5,0,5,30,6,24,1,5,0,5,30
99,dublin,"CITY QUAY","City Quay",53.3466,-6.24615,0,0,OPEN,"2025-02-22 20:27:10",1,0,{},6,24,1,5,0,5,30,6,24,1,5,0,5,30
99,dublin,"CITY QUAY","City Quay",53.3466,-6.24615,0,0,OPEN,"2025-02-22 20:37:14",1,0,{},6,24,1,5,0,5,30,6,24,1,5,0,5,30
99,dublin,"CITY QUAY","City Quay",53.3466,-6.24615,0,0,OPEN,"2025-02-22 20:43:18",1,0,{},5,25,0,5,0,5,30,5,25,0,5,0,5,30
99,dublin,"CITY QUAY","City Quay",53.3466,-6.24615,0,0,OPEN,"2025-02-22 20:47:20",1,0,{},5,25,0,5,0,5,30,5,25,0,5,0,5,30
99,dublin,"CITY QUAY","City Quay",53.3466,-6.24615,0,0,OPEN,"2025-02-22 20:57:24",1,0,{},5,25,0,5,0,5,30,5,25,0,5,0,5,30
99,dublin,"CITY QUAY","City Quay",53.3466,-6.24615,0,0,OPEN,"2025-02-22 21:07:28",1,0,{},5,25,0,5,0,5,30,5,25,0,5,0,5,30
99,dublin,"CITY QUAY","City Quay",53.3466,-6.24615,0,0,OPEN,"2025-02-22 21:17:58",1,0,{},4,26,0,4,0,4,30,4,26,0,4,0,4,30
99,dublin,"CITY QUAY","City Quay",53.3466,-6.24615,0,0,OPEN,"2025-02-22 21:22:59",1,0,{},3,27,0,3,0,3,30,3,27,0,3,0,3,30
99,dublin,"CITY QUAY","City Quay",53.3466,-6.24615,0,0,OPEN,"2025-02-22 21:27:39",1,0,{},3,27,0,3,0,3,30,3,27,0,3,0,3,30
99,dublin,"CITY QUAY","City Quay",53.3466,-6.24615,0,0,OPEN,"2025-02-22 21:38:28",1,0,{},5,25,0,5,0,5,30,5,25,0,5,0,5,30
99,dublin,"CITY QUAY","City Quay",53.3466,-6.24615,0,0,OPEN,"2025-02-22 21:39:33",1,0,{},5,25,0,5,0,5,30,5,25,0,5,0,5,30
99,dublin,"CITY QUAY","City Quay",53.3466,-6.24615,0,0,OPEN,"2025-02-22 21:47:49",1,0,{},5,25,0,5,0,5,30,5,25,0,5,0,5,30
99,dublin,"CITY QUAY","City Quay",53.3466,-6.24615,0,0,OPEN,"2025-02-22 21:57:53",1,0,{},5,25,0,5,0,5,30,5,25,0,5,0,5,30
99,dublin,"CITY QUAY","City Quay",53.3466,-6.24615,0,0,OPEN,"2025-02-22 22:07:56",1,0,{},5,25,0,5,0,5,30,5,25,0,5,0,5,30
99,dublin,"CITY QUAY","City Quay",53.3466,-6.24615,0,0,OPEN,"2025-02-22 22:15:41",1,0,{},5,25,0,5,0,5,30,5,25,0,5,0,5,30
100,dublin,"HEUSTON BRIDGE (SOUTH)","Heuston Bridge (South)",53.3471,-6.29204,0,0,OPEN,"2025-02-22 02:53:27",1,0,{},23,2,10,13,0,13,25,23,2,10,13,0,13,25
100,dublin,"HEUSTON BRIDGE (SOUTH)","Heuston Bridge (South)",53.3471,-6.29204,0,0,OPEN,"2025-02-22 03:13:34",1,0,{},23,2,10,13,0,13,25,23,2,10,13,0,13,25
100,dublin,"HEUSTON BRIDGE (SOUTH)","Heuston Bridge (South)",53.3471,-6.29204,0,0,OPEN,"2025-02-22 10:13:33",1,0,{},23,2,14,9,0,9,25,23,2,14,9,0,9,25
100,dublin,"HEUSTON BRIDGE (SOUTH)","Heuston Bridge (South)",53.3471,-6.29204,0,0,OPEN,"2025-02-22 10:15:21",1,0,{},24,1,13,11,0,11,25,24,1,13,11,0,11,25
100,dublin,"HEUSTON BRIDGE (SOUTH)","Heuston Bridge (South)",53.3471,-6.29204,0,0,OPEN,"2025-02-22 10:25:10",1,0,{},23,2,12,11,0,11,25,23,2,12,11,0,11,25
100,dublin,"HEUSTON BRIDGE (SOUTH)","Heuston Bridge (South)",53.3471,-6.29204,0,0,OPEN,"2025-02-22 10:33:43",1,0,{},23,2,12,11,0,11,25,23,2,12,11,0,11,25
100,dublin,"HEUSTON BRIDGE (SOUTH)","Heuston Bridge (South)",53.3471,-6.29204,0,0,OPEN,"2025-02-22 10:39:46",1,0,{},24,1,12,12,0,12,25,24,1,12,12,0,12,25
100,dublin,"HEUSTON BRIDGE (SOUTH)","Heuston Bridge (South)",53.3471,-6.29204,0,0,OPEN,"2025-02-22 10:43:48",1,0,{},24,1,12,12,0,12,25,24,1,12,12,0,12,25
100,dublin,"HEUSTON BRIDGE (SOUTH)","Heuston Bridge (South)",53.3471,-6.29204,0,0,OPEN,"2025-02-22 10:53:53",1,0,{},24,1,12,12,0,12,25,24,1,12,12,0,12,25
100,dublin,"HEUSTON BRIDGE (SOUTH)","Heuston Bridge (South)",53.3471,-6.29204,0,0,OPEN,"2025-02-22 10:59:04",1,0,{},25,0,12,13,0,13,25,25,0,12,13,0,13,25
100,dublin,"HEUSTON BRIDGE (SOUTH)","Heuston Bridge (South)",53.3471,-6.29204,0,0,OPEN,"2025-02-22 11:04:02",1,0,{},21,2,11,10,0,10,25,21,2,11,10,0,10,25
100,dublin,"HEUSTON BRIDGE (SOUTH)","Heuston Bridge (South)",53.3471,-6.29204,0,0,OPEN,"2025-02-22 11:09:40",1,0,{},22,1,13,11,0,11,25,22,1,13,11,0,11,25
100,dublin,"HEUSTON BRIDGE (SOUTH)","Heuston Bridge (South)",53.3471,-6.29204,0,0,OPEN,"2025-02-22 11:14:09",1,0,{},24,1,13,11,0,11,25,24,1,13,11,0,11,25
100,dublin,"HEUSTON BRIDGE (SOUTH)","Heuston Bridge (South)",53.3471,-6.29204,0,0,OPEN,"2025-02-22 11:20:14",1,0,{},22,3,11,11,0,11,25,22,3,11,11,0,11,25
100,dublin,"HEUSTON BRIDGE (SOUTH)","Heuston Bridge (South)",53.3471,-6.29204,0,0,OPEN,"2025-02-22 11:27:14",1,0,{},24,1,13,11,0,11,25,24,1,13,11,0,11,25
100,dublin,"HEUSTON BRIDGE (SOUTH)","Heuston Bridge (South)",53.3471,-6.29204,0,0,OPEN,"2025-02-22 11:34:22",1,0,{},24,1,13,11,0,11,25,24,1,13,11,0,11,25
100,dublin,"HEUSTON BRIDGE (SOUTH)","Heuston Bridge (South)",53.3471,-6.29204,0,0,OPEN,"2025-02-22 11:40:31",1,0,{},24,1,13,11,0,11,25,24,1,13,11,0,11,25
100,dublin,"HEUSTON BRIDGE (SOUTH)","Heuston Bridge (South)",53.3471,-6.29204,0,0,OPEN,"2025-02-22 11:44:28",1,0,{},24,1,13,11,0,11,25,24,1,13,11,0,11,25
100,dublin,"HEUSTON BRIDGE (SOUTH)","Heuston Bridge (South)",53.3471,-6.29204,0,0,OPEN,"2025-02-22 11:54:32",1,0,{},24,1,13,11,0,11,25,24,1,13,11,0,11,25
100,dublin,"HEUSTON BRIDGE (SOUTH)","Heuston Bridge (South)",53.3471,-6.29204,0,0,OPEN,"2025-02-22 12:07:01",1,0,{},24,1,13,11,0,11,25,24,1,13,11,0,11,25
100,dublin,"HEUSTON BRIDGE (SOUTH)","Heuston Bridge (South)",53.3471,-6.29204,0,0,OPEN,"2025-02-22 12:11:35",1,0,{},25,0,14,11,0,11,25,25,0,14,11,0,11,25
100,dublin,"HEUSTON BRIDGE (SOUTH)","Heuston Bridge (South)",53.3471,-6.29204,0,0,OPEN,"2025-02-22 12:14:40",1,0,{},25,0,14,11,0,11,25,25,0,14,11,0,11,25
100,dublin,"HEUSTON BRIDGE (SOUTH)","Heuston Bridge (South)",53.3471,-6.29204,0,0,OPEN,"2025-02-22 12:24:45",1,0,{},25,0,14,11,0,11,25,25,0,14,11,0,11,25
100,dublin,"HEUSTON BRIDGE (SOUTH)","Heuston Bridge (South)",53.3471,-6.29204,0,0,OPEN,"2025-02-22 12:34:49",1,0,{},25,0,14,11,0,11,25,25,0,14,11,0,11,25
100,dublin,"HEUSTON BRIDGE (SOUTH)","Heuston Bridge (South)",53.3471,-6.29204,0,0,OPEN,"2025-02-22 12:44:53",1,0,{},25,0,14,11,0,11,25,25,0,14,11,0,11,25
100,dublin,"HEUSTON BRIDGE (SOUTH)","Heuston Bridge (South)",53.3471,-6.29204,0,0,OPEN,"2025-02-22 12:49:11",1,0,{},25,0,14,11,0,11,25,25,0,14,11,0,11,25
100,dublin,"HEUSTON BRIDGE (SOUTH)","Heuston Bridge (South)",53.3471,-6.29204,0,0,OPEN,"2025-02-22 12:54:58",1,0,{},25,0,14,11,0,11,25,25,0,14,11,0,11,25
100,dublin,"HEUSTON BRIDGE (SOUTH)","Heuston Bridge (South)",53.3471,-6.29204,0,0,OPEN,"2025-02-22 13:05:03",1,0,{},25,0,14,11,0,11,25,25,0,14,11,0,11,25
100,dublin,"HEUSTON BRIDGE (SOUTH)","Heuston Bridge (South)",53.3471,-6.29204,0,0,OPEN,"2025-02-22 13:15:32",1,0,{},25,0,14,11,0,11,25,25,0,14,11,0,11,25
100,dublin,"HEUSTON BRIDGE (SOUTH)","Heuston Bridge (South)",53.3471,-6.29204,0,0,OPEN,"2025-02-22 13:26:02",1,0,{},25,0,14,11,0,11,25,25,0,14,11,0,11,25
100,dublin,"HEUSTON BRIDGE (SOUTH)","Heuston Bridge (South)",53.3471,-6.29204,0,0,OPEN,"2025-02-22 13:36:30",1,0,{},25,0,14,11,0,11,25,25,0,14,11,0,11,25
100,dublin,"HEUSTON BRIDGE (SOUTH)","Heuston Bridge (South)",53.3471,-6.29204,0,0,OPEN,"2025-02-22 13:46:37",1,0,{},25,0,14,11,0,11,25,25,0,14,11,0,11,25
100,dublin,"HEUSTON BRIDGE (SOUTH)","Heuston Bridge (South)",53.3471,-6.29204,0,0,OPEN,"2025-02-22 13:57:04",1,0,{},25,0,14,11,0,11,25,25,0,14,11,0,11,25
100,dublin,"HEUSTON BRIDGE (SOUTH)","Heuston Bridge (South)",53.3471,-6.29204,0,0,OPEN,"2025-02-22 14:08:13",1,0,{},23,2,12,11,0,11,25,23,2,12,11,0,11,25
100,dublin,"HEUSTON BRIDGE (SOUTH)","Heuston Bridge (South)",53.3471,-6.29204,0,0,OPEN,"2025-02-22 14:10:19",1,0,{},24,1,13,11,0,11,25,24,1,13,11,0,11,25
100,dublin,"HEUSTON BRIDGE (SOUTH)","Heuston Bridge (South)",53.3471,-6.29204,0,0,OPEN,"2025-02-22 14:17:13",1,0,{},24,1,13,11,0,11,25,24,1,13,11,0,11,25
100,dublin,"HEUSTON BRIDGE (SOUTH)","Heuston Bridge (South)",53.3471,-6.29204,0,0,OPEN,"2025-02-22 14:27:17",1,0,{},24,1,13,11,0,11,25,24,1,13,11,0,11,25
100,dublin,"HEUSTON BRIDGE (SOUTH)","Heuston Bridge (South)",53.3471,-6.29204,0,0,OPEN,"2025-02-22 14:37:22",1,0,{},24,1,13,11,0,11,25,24,1,13,11,0,11,25
100,dublin,"HEUSTON BRIDGE (SOUTH)","Heuston Bridge (South)",53.3471,-6.29204,0,0,OPEN,"2025-02-22 14:47:27",1,0,{},24,1,13,11,0,11,25,24,1,13,11,0,11,25
100,dublin,"HEUSTON BRIDGE (SOUTH)","Heuston Bridge (South)",53.3471,-6.29204,0,0,OPEN,"2025-02-22 14:48:56",1,0,{},24,1,13,11,0,11,25,24,1,13,11,0,11,25
100,dublin,"HEUSTON BRIDGE (SOUTH)","Heuston Bridge (South)",53.3471,-6.29204,0,0,OPEN,"2025-02-22 14:57:31",1,0,{},24,1,13,11,0,11,25,24,1,13,11,0,11,25
100,dublin,"HEUSTON BRIDGE (SOUTH)","Heuston Bridge (South)",53.3471,-6.29204,0,0,OPEN,"2025-02-22 15:07:35",1,0,{},24,1,13,11,0,11,25,24,1,13,11,0,11,25
100,dublin,"HEUSTON BRIDGE (SOUTH)","Heuston Bridge (South)",53.3471,-6.29204,0,0,OPEN,"2025-02-22 15:11:50",1,0,{},25,0,14,11,0,11,25,25,0,14,11,0,11,25
100,dublin,"HEUSTON BRIDGE (SOUTH)","Heuston Bridge (South)",53.3471,-6.29204,0,0,OPEN,"2025-02-22 15:17:40",1,0,{},25,0,14,11,0,11,25,25,0,14,11,0,11,25
100,dublin,"HEUSTON BRIDGE (SOUTH)","Heuston Bridge (South)",53.3471,-6.29204,0,0,OPEN,"2025-02-22 15:27:44",1,0,{},24,1,13,11,0,11,25,24,1,13,11,0,11,25
100,dublin,"HEUSTON BRIDGE (SOUTH)","Heuston Bridge (South)",53.3471,-6.29204,0,0,OPEN,"2025-02-22 15:37:51",1,0,{},22,3,12,10,0,10,25,22,3,12,10,0,10,25
100,dublin,"HEUSTON BRIDGE (SOUTH)","Heuston Bridge (South)",53.3471,-6.29204,0,0,OPEN,"2025-02-22 15:43:14",1,0,{},21,4,11,10,0,10,25,21,4,11,10,0,10,25
100,dublin,"HEUSTON BRIDGE (SOUTH)","Heuston Bridge (South)",53.3471,-6.29204,0,0,OPEN,"2025-02-22 15:47:58",1,0,{},21,4,11,10,0,10,25,21,4,11,10,0,10,25
100,dublin,"HEUSTON BRIDGE (SOUTH)","Heuston Bridge (South)",53.3471,-6.29204,0,0,OPEN,"2025-02-22 15:49:55",1,0,{},23,2,13,10,0,10,25,23,2,13,10,0,10,25
100,dublin,"HEUSTON BRIDGE (SOUTH)","Heuston Bridge (South)",53.3471,-6.29204,0,0,OPEN,"2025-02-22 15:58:02",1,0,{},24,1,14,10,0,10,25,24,1,14,10,0,10,25
100,dublin,"HEUSTON BRIDGE (SOUTH)","Heuston Bridge (South)",53.3471,-6.29204,0,0,OPEN,"2025-02-22 16:02:24",1,0,{},24,1,14,10,0,10,25,24,1,14,10,0,10,25
100,dublin,"HEUSTON BRIDGE (SOUTH)","Heuston Bridge (South)",53.3471,-6.29204,0,0,OPEN,"2025-02-22 16:08:07",1,0,{},24,1,14,10,0,10,25,24,1,14,10,0,10,25
100,dublin,"HEUSTON BRIDGE (SOUTH)","Heuston Bridge (South)",53.3471,-6.29204,0,0,OPEN,"2025-02-22 16:09:06",1,0,{},25,0,15,10,0,10,25,25,0,15,10,0,10,25
100,dublin,"HEUSTON BRIDGE (SOUTH)","Heuston Bridge (South)",53.3471,-6.29204,0,0,OPEN,"2025-02-22 16:18:12",1,0,{},25,0,15,10,0,10,25,25,0,15,10,0,10,25
100,dublin,"HEUSTON BRIDGE (SOUTH)","Heuston Bridge (South)",53.3471,-6.29204,0,0,OPEN,"2025-02-22 16:28:16",1,0,{},25,0,15,10,0,10,25,25,0,15,10,0,10,25
100,dublin,"HEUSTON BRIDGE (SOUTH)","Heuston Bridge (South)",53.3471,-6.29204,0,0,OPEN,"2025-02-22 16:38:20",1,0,{},25,0,15,10,0,10,25,25,0,15,10,0,10,25
100,dublin,"HEUSTON BRIDGE (SOUTH)","Heuston Bridge (South)",53.3471,-6.29204,0,0,OPEN,"2025-02-22 16:42:16",1,0,{},24,1,14,10,0,10,25,24,1,14,10,0,10,25
100,dublin,"HEUSTON BRIDGE (SOUTH)","Heuston Bridge (South)",53.3471,-6.29204,0,0,OPEN,"2025-02-22 16:48:27",1,0,{},22,3,13,9,0,9,25,22,3,13,9,0,9,25
100,dublin,"HEUSTON BRIDGE (SOUTH)","Heuston Bridge (South)",53.3471,-6.29204,0,0,OPEN,"2025-02-22 16:50:38",1,0,{},23,2,14,9,0,9,25,23,2,14,9,0,9,25
100,dublin,"HEUSTON BRIDGE (SOUTH)","Heuston Bridge (South)",53.3471,-6.29204,0,0,OPEN,"2025-02-22 16:58:32",1,0,{},24,1,14,10,0,10,25,24,1,14,10,0,10,25
100,dublin,"HEUSTON BRIDGE (SOUTH)","Heuston Bridge (South)",53.3471,-6.29204,0,0,OPEN,"2025-02-22 17:02:33",1,0,{},23,2,14,9,0,9,25,23,2,14,9,0,9,25
100,dublin,"HEUSTON BRIDGE (SOUTH)","Heuston Bridge (South)",53.3471,-6.29204,0,0,OPEN,"2025-02-22 17:07:59",1,0,{},25,0,16,9,0,9,25,25,0,16,9,0,9,25
100,dublin,"HEUSTON BRIDGE (SOUTH)","Heuston Bridge (South)",53.3471,-6.29204,0,0,OPEN,"2025-02-22 17:11:53",1,0,{},24,1,15,9,0,9,25,24,1,15,9,0,9,25
100,dublin,"HEUSTON BRIDGE (SOUTH)","Heuston Bridge (South)",53.3471,-6.29204,0,0,OPEN,"2025-02-22 17:21:37",1,0,{},21,4,12,9,0,9,25,21,4,12,9,0,9,25
100,dublin,"HEUSTON BRIDGE (SOUTH)","Heuston Bridge (South)",53.3471,-6.29204,0,0,OPEN,"2025-02-22 17:30:55",1,0,{},22,3,13,9,0,9,25,22,3,13,9,0,9,25
100,dublin,"HEUSTON BRIDGE (SOUTH)","Heuston Bridge (South)",53.3471,-6.29204,0,0,OPEN,"2025-02-22 17:38:57",1,0,{},22,3,13,9,0,9,25,22,3,13,9,0,9,25
100,dublin,"HEUSTON BRIDGE (SOUTH)","Heuston Bridge (South)",53.3471,-6.29204,0,0,OPEN,"2025-02-22 17:52:29",1,0,{},23,2,13,10,0,10,25,23,2,13,10,0,10,25
100,dublin,"HEUSTON BRIDGE (SOUTH)","Heuston Bridge (South)",53.3471,-6.29204,0,0,OPEN,"2025-02-22 17:59:06",1,0,{},23,2,13,10,0,10,25,23,2,13,10,0,10,25
100,dublin,"HEUSTON BRIDGE (SOUTH)","Heuston Bridge (South)",53.3471,-6.29204,0,0,OPEN,"2025-02-22 18:06:29",1,0,{},23,2,12,11,0,11,25,23,2,12,11,0,11,25
100,dublin,"HEUSTON BRIDGE (SOUTH)","Heuston Bridge (South)",53.3471,-6.29204,0,0,OPEN,"2025-02-22 18:10:08",1,0,{},25,0,13,12,0,12,25,25,0,13,12,0,12,25
100,dublin,"HEUSTON BRIDGE (SOUTH)","Heuston Bridge (South)",53.3471,-6.29204,0,0,OPEN,"2025-02-22 18:15:15",1,0,{},25,0,13,12,0,12,25,25,0,13,12,0,12,25
100,dublin,"HEUSTON BRIDGE (SOUTH)","Heuston Bridge (South)",53.3471,-6.29204,0,0,OPEN,"2025-02-22 18:20:45",1,0,{},25,0,13,12,0,12,25,25,0,13,12,0,12,25
100,dublin,"HEUSTON BRIDGE (SOUTH)","Heuston Bridge (South)",53.3471,-6.29204,0,0,OPEN,"2025-02-22 18:28:06",1,0,{},25,0,13,12,0,12,25,25,0,13,12,0,12,25
100,dublin,"HEUSTON BRIDGE (SOUTH)","Heuston Bridge (South)",53.3471,-6.29204,0,0,OPEN,"2025-02-22 18:29:25",1,0,{},25,0,13,12,0,12,25,25,0,13,12,0,12,25
100,dublin,"HEUSTON BRIDGE (SOUTH)","Heuston Bridge (South)",53.3471,-6.29204,0,0,OPEN,"2025-02-22 18:39:29",1,0,{},25,0,13,12,0,12,25,25,0,13,12,0,12,25
100,dublin,"HEUSTON BRIDGE (SOUTH)","Heuston Bridge (South)",53.3471,-6.29204,0,0,OPEN,"2025-02-22 18:46:27",1,0,{},24,1,12,12,0,12,25,24,1,12,12,0,12,25
100,dublin,"HEUSTON BRIDGE (SOUTH)","Heuston Bridge (South)",53.3471,-6.29204,0,0,OPEN,"2025-02-22 18:49:39",1,0,{},23,2,11,12,0,12,25,23,2,11,12,0,12,25
100,dublin,"HEUSTON BRIDGE (SOUTH)","Heuston Bridge (South)",53.3471,-6.29204,0,0,OPEN,"2025-02-22 18:59:42",1,0,{},23,2,11,12,0,12,25,23,2,11,12,0,12,25
100,dublin,"HEUSTON BRIDGE (SOUTH)","Heuston Bridge (South)",53.3471,-6.29204,0,0,OPEN,"2025-02-22 19:05:26",1,0,{},23,2,11,12,0,12,25,23,2,11,12,0,12,25
100,dublin,"HEUSTON BRIDGE (SOUTH)","Heuston Bridge (South)",53.3471,-6.29204,0,0,OPEN,"2025-02-22 19:09:49",1,0,{},23,2,11,12,0,12,25,23,2,11,12,0,12,25
100,dublin,"HEUSTON BRIDGE (SOUTH)","Heuston Bridge (South)",53.3471,-6.29204,0,0,OPEN,"2025-02-22 19:17:26",1,0,{},24,1,12,12,0,12,25,24,1,12,12,0,12,25
100,dublin,"HEUSTON BRIDGE (SOUTH)","Heuston Bridge (South)",53.3471,-6.29204,0,0,OPEN,"2025-02-22 19:19:55",1,0,{},24,1,12,12,0,12,25,24,1,12,12,0,12,25
100,dublin,"HEUSTON BRIDGE (SOUTH)","Heuston Bridge (South)",53.3471,-6.29204,0,0,OPEN,"2025-02-22 19:29:59",1,0,{},24,1,12,12,0,12,25,24,1,12,12,0,12,25
100,dublin,"HEUSTON BRIDGE (SOUTH)","Heuston Bridge (South)",53.3471,-6.29204,0,0,OPEN,"2025-02-22 19:40:03",1,0,{},24,1,12,12,0,12,25,24,1,12,12,0,12,25
100,dublin,"HEUSTON BRIDGE (SOUTH)","Heuston Bridge (South)",53.3471,-6.29204,0,0,OPEN,"2025-02-22 19:45:09",1,0,{},22,3,10,12,0,12,25,22,3,10,12,0,12,25
100,dublin,"HEUSTON BRIDGE (SOUTH)","Heuston Bridge (South)",53.3471,-6.29204,0,0,OPEN,"2025-02-22 19:50:08",1,0,{},22,3,10,12,0,12,25,22,3,10,12,0,12,25
100,dublin,"HEUSTON BRIDGE (SOUTH)","Heuston Bridge (South)",53.3471,-6.29204,0,0,OPEN,"2025-02-22 20:03:45",1,0,{},22,3,10,12,0,12,25,22,3,10,12,0,12,25
100,dublin,"HEUSTON BRIDGE (SOUTH)","Heuston Bridge (South)",53.3471,-6.29204,0,0,OPEN,"2025-02-22 20:10:17",1,0,{},22,3,10,12,0,12,25,22,3,10,12,0,12,25
100,dublin,"HEUSTON BRIDGE (SOUTH)","Heuston Bridge (South)",53.3471,-6.29204,0,0,OPEN,"2025-02-22 20:20:21",1,0,{},22,3,10,12,0,12,25,22,3,10,12,0,12,25
100,dublin,"HEUSTON BRIDGE (SOUTH)","Heuston Bridge (South)",53.3471,-6.29204,0,0,OPEN,"2025-02-22 20:30:25",1,0,{},23,2,11,12,0,12,25,23,2,11,12,0,12,25
100,dublin,"HEUSTON BRIDGE (SOUTH)","Heuston Bridge (South)",53.3471,-6.29204,0,0,OPEN,"2025-02-22 20:40:29",1,0,{},23,2,11,12,0,12,25,23,2,11,12,0,12,25
100,dublin,"HEUSTON BRIDGE (SOUTH)","Heuston Bridge (South)",53.3471,-6.29204,0,0,OPEN,"2025-02-22 20:50:33",1,0,{},23,2,11,12,0,12,25,23,2,11,12,0,12,25
100,dublin,"HEUSTON BRIDGE (SOUTH)","Heuston Bridge (South)",53.3471,-6.29204,0,0,OPEN,"2025-02-22 21:00:37",1,0,{},23,2,11,12,0,12,25,23,2,11,12,0,12,25
100,dublin,"HEUSTON BRIDGE (SOUTH)","Heuston Bridge (South)",53.3471,-6.29204,0,0,OPEN,"2025-02-22 21:08:48",1,0,{},22,3,10,12,0,12,25,22,3,10,12,0,12,25
100,dublin,"HEUSTON BRIDGE (SOUTH)","Heuston Bridge (South)",53.3471,-6.29204,0,0,OPEN,"2025-02-22 21:10:44",1,0,{},22,3,10,12,0,12,25,22,3,10,12,0,12,25
100,dublin,"HEUSTON BRIDGE (SOUTH)","Heuston Bridge (South)",53.3471,-6.29204,0,0,OPEN,"2025-02-22 21:20:47",1,0,{},22,3,10,12,0,12,25,22,3,10,12,0,12,25
100,dublin,"HEUSTON BRIDGE (SOUTH)","Heuston Bridge (South)",53.3471,-6.29204,0,0,OPEN,"2025-02-22 21:30:51",1,0,{},22,3,10,12,0,12,25,22,3,10,12,0,12,25
100,dublin,"HEUSTON BRIDGE (SOUTH)","Heuston Bridge (South)",53.3471,-6.29204,0,0,OPEN,"2025-02-22 21:40:55",1,0,{},22,3,10,12,0,12,25,22,3,10,12,0,12,25
100,dublin,"HEUSTON BRIDGE (SOUTH)","Heuston Bridge (South)",53.3471,-6.29204,0,0,OPEN,"2025-02-22 21:50:59",1,0,{},22,3,10,12,0,12,25,22,3,10,12,0,12,25
100,dublin,"HEUSTON BRIDGE (SOUTH)","Heuston Bridge (South)",53.3471,-6.29204,0,0,OPEN,"2025-02-22 22:01:02",1,0,{},22,3,10,12,0,12,25,22,3,10,12,0,12,25
100,dublin,"HEUSTON BRIDGE (SOUTH)","Heuston Bridge (South)",53.3471,-6.29204,0,0,OPEN,"2025-02-22 22:04:54",1,0,{},22,3,10,12,0,12,25,22,3,10,12,0,12,25
100,dublin,"HEUSTON BRIDGE (SOUTH)","Heuston Bridge (South)",53.3471,-6.29204,0,0,OPEN,"2025-02-22 22:11:07",1,0,{},22,3,10,12,0,12,25,22,3,10,12,0,12,25
101,dublin,"KING STREET NORTH","King Street North",53.3503,-6.27351,0,0,OPEN,"2025-02-22 03:00:14",1,0,{},10,20,5,5,0,5,30,10,20,5,5,0,5,30
101,dublin,"KING STREET NORTH","King Street North",53.3503,-6.27351,0,0,OPEN,"2025-02-22 03:10:19",1,0,{},10,20,5,5,0,5,30,10,20,5,5,0,5,30
101,dublin,"KING STREET NORTH","King Street North",53.3503,-6.27351,0,0,OPEN,"2025-02-22 03:15:33",1,0,{},10,20,5,5,0,5,30,10,20,5,5,0,5,30
101,dublin,"KING STREET NORTH","King Street North",53.3503,-6.27351,0,0,OPEN,"2025-02-22 10:12:32",1,0,{},1,29,1,0,0,0,30,1,29,1,0,0,0,30
101,dublin,"KING STREET NORTH","King Street North",53.3503,-6.27351,0,0,OPEN,"2025-02-22 10:15:53",1,0,{},0,30,0,0,0,0,30,0,30,0,0,0,0,30
101,dublin,"KING STREET NORTH","King Street North",53.3503,-6.27351,0,0,OPEN,"2025-02-22 10:21:27",1,0,{},0,30,0,0,0,0,30,0,30,0,0,0,0,30
101,dublin,"KING STREET NORTH","King Street North",53.3503,-6.27351,0,0,OPEN,"2025-02-22 10:31:30",1,0,{},0,30,0,0,0,0,30,0,30,0,0,0,0,30
101,dublin,"KING STREET NORTH","King Street North",53.3503,-6.27351,0,0,OPEN,"2025-02-22 10:37:21",1,0,{},1,29,1,0,0,0,30,1,29,1,0,0,0,30
101,dublin,"KING STREET NORTH","King Street North",53.3503,-6.27351,0,0,OPEN,"2025-02-22 10:41:35",1,0,{},2,28,2,0,0,0,30,2,28,2,0,0,0,30
101,dublin,"KING STREET NORTH","King Street North",53.3503,-6.27351,0,0,OPEN,"2025-02-22 10:51:39",1,0,{},2,28,2,0,0,0,30,2,28,2,0,0,0,30
101,dublin,"KING STREET NORTH","King Street North",53.3503,-6.27351,0,0,OPEN,"2025-02-22 11:01:46",1,0,{},0,30,0,0,0,0,30,0,30,0,0,0,0,30
101,dublin,"KING STREET NORTH","King Street North",53.3503,-6.27351,0,0,OPEN,"2025-02-22 11:11:50",1,0,{},0,30,0,0,0,0,30,0,30,0,0,0,0,30
101,dublin,"KING STREET NORTH","King Street North",53.3503,-6.27351,0,0,OPEN,"2025-02-22 11:21:54",1,0,{},0,30,0,0,0,0,30,0,30,0,0,0,0,30
101,dublin,"KING STREET NORTH","King Street North",53.3503,-6.27351,0,0,OPEN,"2025-02-22 11:31:58",1,0,{},0,30,0,0,0,0,30,0,30,0,0,0,0,30
101,dublin,"KING STREET NORTH","King Street North",53.3503,-6.27351,0,0,OPEN,"2025-02-22 11:42:02",1,0,{},0,30,0,0,0,0,30,0,30,0,0,0,0,30
101,dublin,"KING STREET NORTH","King Street North",53.3503,-6.27351,0,0,OPEN,"2025-02-22 11:52:06",1,0,{},1,29,1,0,0,0,30,1,29,1,0,0,0,30
101,dublin,"KING STREET NORTH","King Street North",53.3503,-6.27351,0,0,OPEN,"2025-02-22 12:02:10",1,0,{},1,29,1,0,0,0,30,1,29,1,0,0,0,30
101,dublin,"KING STREET NORTH","King Street North",53.3503,-6.27351,0,0,OPEN,"2025-02-22 12:12:14",1,0,{},1,29,1,0,0,0,30,1,29,1,0,0,0,30
101,dublin,"KING STREET NORTH","King Street North",53.3503,-6.27351,0,0,OPEN,"2025-02-22 12:22:18",1,0,{},1,29,1,0,0,0,30,1,29,1,0,0,0,30
101,dublin,"KING STREET NORTH","King Street North",53.3503,-6.27351,0,0,OPEN,"2025-02-22 12:32:23",1,0,{},1,29,1,0,0,0,30,1,29,1,0,0,0,30
101,dublin,"KING STREET NORTH","King Street North",53.3503,-6.27351,0,0,OPEN,"2025-02-22 12:42:27",1,0,{},1,29,1,0,0,0,30,1,29,1,0,0,0,30
101,dublin,"KING STREET NORTH","King Street North",53.3503,-6.27351,0,0,OPEN,"2025-02-22 12:43:38",1,0,{},0,30,0,0,0,0,30,0,30,0,0,0,0,30
101,dublin,"KING STREET NORTH","King Street North",53.3503,-6.27351,0,0,OPEN,"2025-02-22 12:52:34",1,0,{},0,30,0,0,0,0,30,0,30,0,0,0,0,30
101,dublin,"KING STREET NORTH","King Street North",53.3503,-6.27351,0,0,OPEN,"2025-02-22 13:02:39",1,0,{},0,30,0,0,0,0,30,0,30,0,0,0,0,30
101,dublin,"KING STREET NORTH","King Street North",53.3503,-6.27351,0,0,OPEN,"2025-02-22 13:12:43",1,0,{},0,30,0,0,0,0,30,0,30,0,0,0,0,30
101,dublin,"KING STREET NORTH","King Street North",53.3503,-6.27351,0,0,OPEN,"2025-02-22 13:22:48",1,0,{},1,29,1,0,0,0,30,1,29,1,0,0,0,30
101,dublin,"KING STREET NORTH","King Street North",53.3503,-6.27351,0,0,OPEN,"2025-02-22 13:32:52",1,0,{},1,29,1,0,0,0,30,1,29,1,0,0,0,30
101,dublin,"KING STREET NORTH","King Street North",53.3503,-6.27351,0,0,OPEN,"2025-02-22 13:36:31",1,0,{},2,28,2,0,0,0,30,2,28,2,0,0,0,30
101,dublin,"KING STREET NORTH","King Street North",53.3503,-6.27351,0,0,OPEN,"2025-02-22 13:42:58",1,0,{},1,29,1,0,0,0,30,1,29,1,0,0,0,30
101,dublin,"KING STREET NORTH","King Street North",53.3503,-6.27351,0,0,OPEN,"2025-02-22 13:46:04",1,0,{},0,30,0,0,0,0,30,0,30,0,0,0,0,30
101,dublin,"KING STREET NORTH","King Street North",53.3503,-6.27351,0,0,OPEN,"2025-02-22 13:53:03",1,0,{},0,30,0,0,0,0,30,0,30,0,0,0,0,30
101,dublin,"KING STREET NORTH","King Street North",53.3503,-6.27351,0,0,OPEN,"2025-02-22 14:03:07",1,0,{},0,30,0,0,0,0,30,0,30,0,0,0,0,30
101,dublin,"KING STREET NORTH","King Street North",53.3503,-6.27351,0,0,OPEN,"2025-02-22 14:08:04",1,0,{},1,29,0,1,0,1,30,1,29,0,1,0,1,30
101,dublin,"KING STREET NORTH","King Street North",53.3503,-6.27351,0,0,OPEN,"2025-02-22 14:13:17",1,0,{},1,29,0,1,0,1,30,1,29,0,1,0,1,30
101,dublin,"KING STREET NORTH","King Street North",53.3503,-6.27351,0,0,OPEN,"2025-02-22 14:18:22",1,0,{},0,30,0,0,0,0,30,0,30,0,0,0,0,30
101,dublin,"KING STREET NORTH","King Street North",53.3503,-6.27351,0,0,OPEN,"2025-02-22 14:23:15",1,0,{},1,29,1,0,0,0,30,1,29,1,0,0,0,30
101,dublin,"KING STREET NORTH","King Street North",53.3503,-6.27351,0,0,OPEN,"2025-02-22 14:25:14",1,0,{},3,27,1,2,0,2,30,3,27,1,2,0,2,30
101,dublin,"KING STREET NORTH","King Street North",53.3503,-6.27351,0,0,OPEN,"2025-02-22 14:33:21",1,0,{},3,27,1,2,0,2,30,3,27,1,2,0,2,30
101,dublin,"KING STREET NORTH","King Street North",53.3503,-6.27351,0,0,OPEN,"2025-02-22 14:33:35",1,0,{},4,26,2,2,0,2,30,4,26,2,2,0,2,30
101,dublin,"KING STREET NORTH","King Street North",53.3503,-6.27351,0,0,OPEN,"2025-02-22 14:43:26",1,0,{},4,26,2,2,0,2,30,4,26,2,2,0,2,30
101,dublin,"KING STREET NORTH","King Street North",53.3503,-6.27351,0,0,OPEN,"2025-02-22 14:45:32",1,0,{},5,25,2,3,0,3,30,5,25,2,3,0,3,30
101,dublin,"KING STREET NORTH","King Street North",53.3503,-6.27351,0,0,OPEN,"2025-02-22 14:53:32",1,0,{},4,26,2,2,0,2,30,4,26,2,2,0,2,30
101,dublin,"KING STREET NORTH","King Street North",53.3503,-6.27351,0,0,OPEN,"2025-02-22 15:03:20",1,0,{},5,25,2,3,0,3,30,5,25,2,3,0,3,30
101,dublin,"KING STREET NORTH","King Street North",53.3503,-6.27351,0,0,OPEN,"2025-02-22 15:04:07",1,0,{},4,26,2,2,0,2,30,4,26,2,2,0,2,30
101,dublin,"KING STREET NORTH","King Street North",53.3503,-6.27351,0,0,OPEN,"2025-02-22 15:10:39",1,0,{},5,25,3,2,0,2,30,5,25,3,2,0,2,30
101,dublin,"KING STREET NORTH","King Street North",53.3503,-6.27351,0,0,OPEN,"2025-02-22 15:17:03",1,0,{},4,26,3,1,0,1,30,4,26,3,1,0,1,30
101,dublin,"KING STREET NORTH","King Street North",53.3503,-6.27351,0,0,OPEN,"2025-02-22 15:21:27",1,0,{},5,25,4,1,0,1,30,5,25,4,1,0,1,30
101,dublin,"KING STREET NORTH","King Street North",53.3503,-6.27351,0,0,OPEN,"2025-02-22 15:27:57",1,0,{},6,24,5,1,0,1,30,6,24,5,1,0,1,30
101,dublin,"KING STREET NORTH","King Street North",53.3503,-6.27351,0,0,OPEN,"2025-02-22 15:34:25",1,0,{},7,23,5,2,0,2,30,7,23,5,2,0,2,30
101,dublin,"KING STREET NORTH","King Street North",53.3503,-6.27351,0,0,OPEN,"2025-02-22 15:44:01",1,0,{},7,23,5,2,0,2,30,7,23,5,2,0,2,30
101,dublin,"KING STREET NORTH","King Street North",53.3503,-6.27351,0,0,OPEN,"2025-02-22 15:54:05",1,0,{},7,23,5,2,0,2,30,7,23,5,2,0,2,30
101,dublin,"KING STREET NORTH","King Street North",53.3503,-6.27351,0,0,OPEN,"2025-02-22 16:04:09",1,0,{},7,23,5,2,0,2,30,7,23,5,2,0,2,30
101,dublin,"KING STREET NORTH","King Street North",53.3503,-6.27351,0,0,OPEN,"2025-02-22 16:14:13",1,0,{},7,23,5,2,0,2,30,7,23,5,2,0,2,30
101,dublin,"KING STREET NORTH","King Street North",53.3503,-6.27351,0,0,OPEN,"2025-02-22 16:24:17",1,0,{},7,23,5,2,0,2,30,7,23,5,2,0,2,30
101,dublin,"KING STREET NORTH","King Street North",53.3503,-6.27351,0,0,OPEN,"2025-02-22 16:34:21",1,0,{},7,23,5,2,0,2,30,7,23,5,2,0,2,30
101,dublin,"KING STREET NORTH","King Street North",53.3503,-6.27351,0,0,OPEN,"2025-02-22 16:44:25",1,0,{},7,23,5,2,0,2,30,7,23,5,2,0,2,30
101,dublin,"KING STREET NORTH","King Street North",53.3503,-6.27351,0,0,OPEN,"2025-02-22 16:56:57",1,0,{},8,22,6,2,0,2,30,8,22,6,2,0,2,30
101,dublin,"KING STREET NORTH","King Street North",53.3503,-6.27351,0,0,OPEN,"2025-02-22 17:06:48",1,0,{},7,23,6,1,0,1,30,7,23,6,1,0,1,30
101,dublin,"KING STREET NORTH","King Street North",53.3503,-6.27351,0,0,OPEN,"2025-02-22 17:14:40",1,0,{},7,23,6,1,0,1,30,7,23,6,1,0,1,30
101,dublin,"KING STREET NORTH","King Street North",53.3503,-6.27351,0,0,OPEN,"2025-02-22 17:22:51",1,0,{},8,22,7,1,0,1,30,8,22,7,1,0,1,30
101,dublin,"KING STREET NORTH","King Street North",53.3503,-6.27351,0,0,OPEN,"2025-02-22 17:24:46",1,0,{},8,22,7,1,0,1,30,8,22,7,1,0,1,30
101,dublin,"KING STREET NORTH","King Street North",53.3503,-6.27351,0,0,OPEN,"2025-02-22 17:34:50",1,0,{},8,22,7,1,0,1,30,8,22,7,1,0,1,30
101,dublin,"KING STREET NORTH","King Street North",53.3503,-6.27351,0,0,OPEN,"2025-02-22 17:41:16",1,0,{},10,20,9,1,0,1,30,10,20,9,1,0,1,30
101,dublin,"KING STREET NORTH","King Street North",53.3503,-6.27351,0,0,OPEN,"2025-02-22 17:44:54",1,0,{},10,20,9,1,0,1,30,10,20,9,1,0,1,30
101,dublin,"KING STREET NORTH","King Street North",53.3503,-6.27351,0,0,OPEN,"2025-02-22 17:58:31",1,0,{},11,19,9,2,0,2,30,11,19,9,2,0,2,30
101,dublin,"KING STREET NORTH","King Street North",53.3503,-6.27351,0,0,OPEN,"2025-02-22 17:58:38",1,0,{},11,19,9,2,0,2,30,11,19,9,2,0,2,30
101,dublin,"KING STREET NORTH","King Street North",53.3503,-6.27351,0,0,OPEN,"2025-02-22 18:05:04",1,0,{},11,19,9,2,0,2,30,11,19,9,2,0,2,30
101,dublin,"KING STREET NORTH","King Street North",53.3503,-6.27351,0,0,OPEN,"2025-02-22 18:15:08",1,0,{},11,19,9,2,0,2,30,11,19,9,2,0,2,30
101,dublin,"KING STREET NORTH","King Street North",53.3503,-6.27351,0,0,OPEN,"2025-02-22 18:25:12",1,0,{},11,19,9,2,0,2,30,11,19,9,2,0,2,30
101,dublin,"KING STREET NORTH","King Street North",53.3503,-6.27351,0,0,OPEN,"2025-02-22 18:29:09",1,0,{},10,20,9,1,0,1,30,10,20,9,1,0,1,30
101,dublin,"KING STREET NORTH","King Street North",53.3503,-6.27351,0,0,OPEN,"2025-02-22 18:35:17",1,0,{},10,20,9,1,0,1,30,10,20,9,1,0,1,30
101,dublin,"KING STREET NORTH","King Street North",53.3503,-6.27351,0,0,OPEN,"2025-02-22 18:45:21",1,0,{},10,20,9,1,0,1,30,10,20,9,1,0,1,30
101,dublin,"KING STREET NORTH","King Street North",53.3503,-6.27351,0,0,OPEN,"2025-02-22 18:57:51",1,0,{},9,21,9,0,0,0,30,9,21,9,0,0,0,30
101,dublin,"KING STREET NORTH","King Street North",53.3503,-6.27351,0,0,OPEN,"2025-02-22 19:05:31",1,0,{},9,21,9,0,0,0,30,9,21,9,0,0,0,30
101,dublin,"KING STREET NORTH","King Street North",53.3503,-6.27351,0,0,OPEN,"2025-02-22 19:13:06",1,0,{},10,20,9,1,0,1,30,10,20,9,1,0,1,30
101,dublin,"KING STREET NORTH","King Street North",53.3503,-6.27351,0,0,OPEN,"2025-02-22 19:15:40",1,0,{},10,20,9,1,0,1,30,10,20,9,1,0,1,30
101,dublin,"KING STREET NORTH","King Street North",53.3503,-6.27351,0,0,OPEN,"2025-02-22 19:27:17",1,0,{},9,21,8,1,0,1,30,9,21,8,1,0,1,30
101,dublin,"KING STREET NORTH","King Street North",53.3503,-6.27351,0,0,OPEN,"2025-02-22 19:35:50",1,0,{},9,21,8,1,0,1,30,9,21,8,1,0,1,30
101,dublin,"KING STREET NORTH","King Street North",53.3503,-6.27351,0,0,OPEN,"2025-02-22 19:44:18",1,0,{},10,20,8,2,0,2,30,10,20,8,2,0,2,30
101,dublin,"KING STREET NORTH","King Street North",53.3503,-6.27351,0,0,OPEN,"2025-02-22 19:45:55",1,0,{},10,20,8,2,0,2,30,10,20,8,2,0,2,30
101,dublin,"KING STREET NORTH","King Street North",53.3503,-6.27351,0,0,OPEN,"2025-02-22 19:53:52",1,0,{},11,19,9,2,0,2,30,11,19,9,2,0,2,30
101,dublin,"KING STREET NORTH","King Street North",53.3503,-6.27351,0,0,OPEN,"2025-02-22 19:57:12",1,0,{},12,18,10,2,0,2,30,12,18,10,2,0,2,30
101,dublin,"KING STREET NORTH","King Street North",53.3503,-6.27351,0,0,OPEN,"2025-02-22 20:06:04",1,0,{},12,18,10,2,0,2,30,12,18,10,2,0,2,30
101,dublin,"KING STREET NORTH","King Street North",53.3503,-6.27351,0,0,OPEN,"2025-02-22 20:16:08",1,0,{},12,18,10,2,0,2,30,12,18,10,2,0,2,30
101,dublin,"KING STREET NORTH","King Street North",53.3503,-6.27351,0,0,OPEN,"2025-02-22 20:26:12",1,0,{},12,18,10,2,0,2,30,12,18,10,2,0,2,30
101,dublin,"KING STREET NORTH","King Street North",53.3503,-6.27351,0,0,OPEN,"2025-02-22 20:36:16",1,0,{},12,18,10,2,0,2,30,12,18,10,2,0,2,30
101,dublin,"KING STREET NORTH","King Street North",53.3503,-6.27351,0,0,OPEN,"2025-02-22 20:47:13",1,0,{},11,19,9,2,0,2,30,11,19,9,2,0,2,30
101,dublin,"KING STREET NORTH","King Street North",53.3503,-6.27351,0,0,OPEN,"2025-02-22 20:56:26",1,0,{},11,19,9,2,0,2,30,11,19,9,2,0,2,30
101,dublin,"KING STREET NORTH","King Street North",53.3503,-6.27351,0,0,OPEN,"2025-02-22 21:02:01",1,0,{},10,20,8,2,0,2,30,10,20,8,2,0,2,30
101,dublin,"KING STREET NORTH","King Street North",53.3503,-6.27351,0,0,OPEN,"2025-02-22 21:06:32",1,0,{},10,20,8,2,0,2,30,10,20,8,2,0,2,30
101,dublin,"KING STREET NORTH","King Street North",53.3503,-6.27351,0,0,OPEN,"2025-02-22 21:16:36",1,0,{},10,20,8,2,0,2,30,10,20,8,2,0,2,30
101,dublin,"KING STREET NORTH","King Street North",53.3503,-6.27351,0,0,OPEN,"2025-02-22 21:26:40",1,0,{},10,20,8,2,0,2,30,10,20,8,2,0,2,30
101,dublin,"KING STREET NORTH","King Street North",53.3503,-6.27351,0,0,OPEN,"2025-02-22 21:36:45",1,0,{},9,21,7,2,0,2,30,9,21,7,2,0,2,30
101,dublin,"KING STREET NORTH","King Street North",53.3503,-6.27351,0,0,OPEN,"2025-02-22 21:42:06",1,0,{},10,20,7,3,0,3,30,10,20,7,3,0,3,30
101,dublin,"KING STREET NORTH","King Street North",53.3503,-6.27351,0,0,OPEN,"2025-02-22 21:48:24",1,0,{},12,18,9,3,0,3,30,12,18,9,3,0,3,30
101,dublin,"KING STREET NORTH","King Street North",53.3503,-6.27351,0,0,OPEN,"2025-02-22 21:52:07",1,0,{},11,19,8,3,0,3,30,11,19,8,3,0,3,30
101,dublin,"KING STREET NORTH","King Street North",53.3503,-6.27351,0,0,OPEN,"2025-02-22 21:56:54",1,0,{},11,19,8,3,0,3,30,11,19,8,3,0,3,30
101,dublin,"KING STREET NORTH","King Street North",53.3503,-6.27351,0,0,OPEN,"2025-02-22 22:06:58",1,0,{},12,18,9,3,0,3,30,12,18,9,3,0,3,30
101,dublin,"KING STREET NORTH","King Street North",53.3503,-6.27351,0,0,OPEN,"2025-02-22 22:17:01",1,0,{},12,18,9,3,0,3,30,12,18,9,3,0,3,30
102,dublin,"WESTERN WAY","Western Way",53.3549,-6.26942,0,0,OPEN,"2025-02-22 02:57:09",1,0,{},33,7,25,8,0,8,40,33,7,25,8,0,8,40
102,dublin,"WESTERN WAY","Western Way",53.3549,-6.26942,0,0,OPEN,"2025-02-22 03:07:13",1,0,{},33,7,25,8,0,8,40,33,7,25,8,0,8,40
102,dublin,"WESTERN WAY","Western Way",53.3549,-6.26942,0,0,OPEN,"2025-02-22 10:10:31",1,0,{},26,14,20,6,0,6,40,26,14,20,6,0,6,40
102,dublin,"WESTERN WAY","Western Way",53.3549,-6.26942,0,0,OPEN,"2025-02-22 10:20:35",1,0,{},26,14,20,6,0,6,40,26,14,20,6,0,6,40
102,dublin,"WESTERN WAY","Western Way",53.3549,-6.26942,0,0,OPEN,"2025-02-22 10:30:40",1,0,{},26,14,20,6,0,6,40,26,14,20,6,0,6,40
102,dublin,"WESTERN WAY","Western Way",53.3549,-6.26942,0,0,OPEN,"2025-02-22 10:43:33",1,0,{},26,14,19,6,0,6,40,26,14,19,6,0,6,40
102,dublin,"WESTERN WAY","Western Way",53.3549,-6.26942,0,0,OPEN,"2025-02-22 10:43:46",1,0,{},26,14,19,7,0,7,40,26,14,19,7,0,7,40
102,dublin,"WESTERN WAY","Western Way",53.3549,-6.26942,0,0,OPEN,"2025-02-22 10:50:52",1,0,{},25,15,19,6,0,6,40,25,15,19,6,0,6,40
102,dublin,"WESTERN WAY","Western Way",53.3549,-6.26942,0,0,OPEN,"2025-02-22 11:00:56",1,0,{},25,15,19,6,0,6,40,25,15,19,6,0,6,40
102,dublin,"WESTERN WAY","Western Way",53.3549,-6.26942,0,0,OPEN,"2025-02-22 11:11:00",1,0,{},25,15,19,6,0,6,40,25,15,19,6,0,6,40
102,dublin,"WESTERN WAY","Western Way",53.3549,-6.26942,0,0,OPEN,"2025-02-22 11:21:05",1,0,{},25,15,19,6,0,6,40,25,15,19,6,0,6,40
102,dublin,"WESTERN WAY","Western Way",53.3549,-6.26942,0,0,OPEN,"2025-02-22 11:31:09",1,0,{},25,15,19,6,0,6,40,25,15,19,6,0,6,40
102,dublin,"WESTERN WAY","Western Way",53.3549,-6.26942,0,0,OPEN,"2025-02-22 11:41:13",1,0,{},25,15,19,6,0,6,40,25,15,19,6,0,6,40
102,dublin,"WESTERN WAY","Western Way",53.3549,-6.26942,0,0,OPEN,"2025-02-22 11:43:52",1,0,{},24,16,18,6,0,6,40,24,16,18,6,0,6,40
102,dublin,"WESTERN WAY","Western Way",53.3549,-6.26942,0,0,OPEN,"2025-02-22 11:52:13",1,0,{},23,17,17,6,0,6,40,23,17,17,6,0,6,40
102,dublin,"WESTERN WAY","Western Way",53.3549,-6.26942,0,0,OPEN,"2025-02-22 12:01:25",1,0,{},23,17,17,6,0,6,40,23,17,17,6,0,6,40
102,dublin,"WESTERN WAY","Western Way",53.3549,-6.26942,0,0,OPEN,"2025-02-22 12:11:29",1,0,{},23,17,17,6,0,6,40,23,17,17,6,0,6,40
102,dublin,"WESTERN WAY","Western Way",53.3549,-6.26942,0,0,OPEN,"2025-02-22 12:21:33",1,0,{},23,17,17,6,0,6,40,23,17,17,6,0,6,40
102,dublin,"WESTERN WAY","Western Way",53.3549,-6.26942,0,0,OPEN,"2025-02-22 12:28:02",1,0,{},22,18,16,6,0,6,40,22,18,16,6,0,6,40
102,dublin,"WESTERN WAY","Western Way",53.3549,-6.26942,0,0,OPEN,"2025-02-22 12:31:40",1,0,{},22,18,16,6,0,6,40,22,18,16,6,0,6,40
102,dublin,"WESTERN WAY","Western Way",53.3549,-6.26942,0,0,OPEN,"2025-02-22 12:41:45",1,0,{},22,18,16,6,0,6,40,22,18,16,6,0,6,40
102,dublin,"WESTERN WAY","Western Way",53.3549,-6.26942,0,0,OPEN,"2025-02-22 12:51:52",1,0,{},21,19,15,6,0,6,40,21,19,15,6,0,6,40
102,dublin,"WESTERN WAY","Western Way",53.3549,-6.26942,0,0,OPEN,"2025-02-22 13:01:56",1,0,{},21,19,15,6,0,6,40,21,19,15,6,0,6,40
102,dublin,"WESTERN WAY","Western Way",53.3549,-6.26942,0,0,OPEN,"2025-02-22 13:12:00",1,0,{},21,19,15,6,0,6,40,21,19,15,6,0,6,40
102,dublin,"WESTERN WAY","Western Way",53.3549,-6.26942,0,0,OPEN,"2025-02-22 13:22:04",1,0,{},21,19,15,6,0,6,40,21,19,15,6,0,6,40
102,dublin,"WESTERN WAY","Western Way",53.3549,-6.26942,0,0,OPEN,"2025-02-22 13:32:09",1,0,{},21,19,15,6,0,6,40,21,19,15,6,0,6,40
102,dublin,"WESTERN WAY","Western Way",53.3549,-6.26942,0,0,OPEN,"2025-02-22 13:42:43",1,0,{},20,20,15,5,0,5,40,20,20,15,5,0,5,40
102,dublin,"WESTERN WAY","Western Way",53.3549,-6.26942,0,0,OPEN,"2025-02-22 13:52:19",1,0,{},20,20,15,5,0,5,40,20,20,15,5,0,5,40
102,dublin,"WESTERN WAY","Western Way",53.3549,-6.26942,0,0,OPEN,"2025-02-22 14:02:23",1,0,{},20,20,15,5,0,5,40,20,20,15,5,0,5,40
102,dublin,"WESTERN WAY","Western Way",53.3549,-6.26942,0,0,OPEN,"2025-02-22 14:06:45",1,0,{},19,21,15,4,0,4,40,19,21,15,4,0,4,40
102,dublin,"WESTERN WAY","Western Way",53.3549,-6.26942,0,0,OPEN,"2025-02-22 14:12:28",1,0,{},19,21,15,4,0,4,40,19,21,15,4,0,4,40
102,dublin,"WESTERN WAY","Western Way",53.3549,-6.26942,0,0,OPEN,"2025-02-22 14:18:31",1,0,{},20,20,15,5,0,5,40,20,20,15,5,0,5,40
102,dublin,"WESTERN WAY","Western Way",53.3549,-6.26942,0,0,OPEN,"2025-02-22 14:22:34",1,0,{},20,20,15,5,0,5,40,20,20,15,5,0,5,40
102,dublin,"WESTERN WAY","Western Way",53.3549,-6.26942,0,0,OPEN,"2025-02-22 14:32:38",1,0,{},20,20,15,5,0,5,40,20,20,15,5,0,5,40
102,dublin,"WESTERN WAY","Western Way",53.3549,-6.26942,0,0,OPEN,"2025-02-22 14:34:47",1,0,{},20,20,15,5,0,5,40,20,20,15,5,0,5,40
102,dublin,"WESTERN WAY","Western Way",53.3549,-6.26942,0,0,OPEN,"2025-02-22 14:42:43",1,0,{},20,20,15,5,0,5,40,20,20,15,5,0,5,40
102,dublin,"WESTERN WAY","Western Way",53.3549,-6.26942,0,0,OPEN,"2025-02-22 14:52:47",1,0,{},20,20,15,5,0,5,40,20,20,15,5,0,5,40
102,dublin,"WESTERN WAY","Western Way",53.3549,-6.26942,0,0,OPEN,"2025-02-22 15:02:51",1,0,{},20,20,15,5,0,5,40,20,20,15,5,0,5,40
102,dublin,"WESTERN WAY","Western Way",53.3549,-6.26942,0,0,OPEN,"2025-02-22 15:05:29",1,0,{},20,20,15,5,0,5,40,20,20,15,5,0,5,40
102,dublin,"WESTERN WAY","Western Way",53.3549,-6.26942,0,0,OPEN,"2025-02-22 15:12:56",1,0,{},20,20,15,5,0,5,40,20,20,15,5,0,5,40
102,dublin,"WESTERN WAY","Western Way",53.3549,-6.26942,0,0,OPEN,"2025-02-22 15:23:02",1,0,{},19,21,14,5,0,5,40,19,21,14,5,0,5,40
102,dublin,"WESTERN WAY","Western Way",53.3549,-6.26942,0,0,OPEN,"2025-02-22 15:33:07",1,0,{},19,21,14,5,0,5,40,19,21,14,5,0,5,40
102,dublin,"WESTERN WAY","Western Way",53.3549,-6.26942,0,0,OPEN,"2025-02-22 15:43:11",1,0,{},19,21,14,5,0,5,40,19,21,14,5,0,5,40
102,dublin,"WESTERN WAY","Western Way",53.3549,-6.26942,0,0,OPEN,"2025-02-22 15:53:15",1,0,{},19,21,14,5,0,5,40,19,21,14,5,0,5,40
102,dublin,"WESTERN WAY","Western Way",53.3549,-6.26942,0,0,OPEN,"2025-02-22 16:03:20",1,0,{},20,20,15,5,0,5,40,20,20,15,5,0,5,40
102,dublin,"WESTERN WAY","Western Way",53.3549,-6.26942,0,0,OPEN,"2025-02-22 16:13:24",1,0,{},20,20,15,5,0,5,40,20,20,15,5,0,5,40
102,dublin,"WESTERN WAY","Western Way",53.3549,-6.26942,0,0,OPEN,"2025-02-22 16:23:29",1,0,{},20,20,15,5,0,5,40,20,20,15,5,0,5,40
102,dublin,"WESTERN WAY","Western Way",53.3549,-6.26942,0,0,OPEN,"2025-02-22 16:33:33",1,0,{},20,20,15,5,0,5,40,20,20,15,5,0,5,40
102,dublin,"WESTERN WAY","Western Way",53.3549,-6.26942,0,0,OPEN,"2025-02-22 16:45:44",1,0,{},19,21,14,5,0,5,40,19,21,14,5,0,5,40
102,dublin,"WESTERN WAY","Western Way",53.3549,-6.26942,0,0,OPEN,"2025-02-22 16:53:42",1,0,{},19,21,14,5,0,5,40,19,21,14,5,0,5,40
102,dublin,"WESTERN WAY","Western Way",53.3549,-6.26942,0,0,OPEN,"2025-02-22 17:03:46",1,0,{},19,21,14,5,0,5,40,19,21,14,5,0,5,40
102,dublin,"WESTERN WAY","Western Way",53.3549,-6.26942,0,0,OPEN,"2025-02-22 17:13:50",1,0,{},19,21,14,5,0,5,40,19,21,14,5,0,5,40
102,dublin,"WESTERN WAY","Western Way",53.3549,-6.26942,0,0,OPEN,"2025-02-22 17:23:55",1,0,{},19,21,14,5,0,5,40,19,21,14,5,0,5,40
102,dublin,"WESTERN WAY","Western Way",53.3549,-6.26942,0,0,OPEN,"2025-02-22 17:33:59",1,0,{},19,21,14,5,0,5,40,19,21,14,5,0,5,40
102,dublin,"WESTERN WAY","Western Way",53.3549,-6.26942,0,0,OPEN,"2025-02-22 17:44:02",1,0,{},19,21,14,5,0,5,40,19,21,14,5,0,5,40
102,dublin,"WESTERN WAY","Western Way",53.3549,-6.26942,0,0,OPEN,"2025-02-22 17:54:07",1,0,{},19,21,14,5,0,5,40,19,21,14,5,0,5,40
102,dublin,"WESTERN WAY","Western Way",53.3549,-6.26942,0,0,OPEN,"2025-02-22 18:04:11",1,0,{},19,21,14,5,0,5,40,19,21,14,5,0,5,40
102,dublin,"WESTERN WAY","Western Way",53.3549,-6.26942,0,0,OPEN,"2025-02-22 18:18:23",1,0,{},18,22,13,5,0,5,40,18,22,13,5,0,5,40
102,dublin,"WESTERN WAY","Western Way",53.3549,-6.26942,0,0,OPEN,"2025-02-22 18:24:20",1,0,{},18,22,13,5,0,5,40,18,22,13,5,0,5,40
102,dublin,"WESTERN WAY","Western Way",53.3549,-6.26942,0,0,OPEN,"2025-02-22 18:34:24",1,0,{},18,22,13,5,0,5,40,18,22,13,5,0,5,40
102,dublin,"WESTERN WAY","Western Way",53.3549,-6.26942,0,0,OPEN,"2025-02-22 18:44:28",1,0,{},18,22,13,5,0,5,40,18,22,13,5,0,5,40
102,dublin,"WESTERN WAY","Western Way",53.3549,-6.26942,0,0,OPEN,"2025-02-22 18:54:32",1,0,{},18,22,13,5,0,5,40,18,22,13,5,0,5,40
102,dublin,"WESTERN WAY","Western Way",53.3549,-6.26942,0,0,OPEN,"2025-02-22 19:04:38",1,0,{},18,22,13,5,0,5,40,18,22,13,5,0,5,40
102,dublin,"WESTERN WAY","Western Way",53.3549,-6.26942,0,0,OPEN,"2025-02-22 19:14:43",1,0,{},18,22,13,5,0,5,40,18,22,13,5,0,5,40
102,dublin,"WESTERN WAY","Western Way",53.3549,-6.26942,0,0,OPEN,"2025-02-22 19:24:47",1,0,{},18,22,13,5,0,5,40,18,22,13,5,0,5,40
102,dublin,"WESTERN WAY","Western Way",53.3549,-6.26942,0,0,OPEN,"2025-02-22 19:34:51",1,0,{},18,22,13,5,0,5,40,18,22,13,5,0,5,40
102,dublin,"WESTERN WAY","Western Way",53.3549,-6.26942,0,0,OPEN,"2025-02-22 19:44:55",1,0,{},18,22,13,5,0,5,40,18,22,13,5,0,5,40
102,dublin,"WESTERN WAY","Western Way",53.3549,-6.26942,0,0,OPEN,"2025-02-22 19:54:58",1,0,{},18,22,13,5,0,5,40,18,22,13,5,0,5,40
102,dublin,"WESTERN WAY","Western Way",53.3549,-6.26942,0,0,OPEN,"2025-02-22 20:05:03",1,0,{},18,22,13,5,0,5,40,18,22,13,5,0,5,40
102,dublin,"WESTERN WAY","Western Way",53.3549,-6.26942,0,0,OPEN,"2025-02-22 20:17:05",1,0,{},17,23,13,4,0,4,40,17,23,13,4,0,4,40
102,dublin,"WESTERN WAY","Western Way",53.3549,-6.26942,0,0,OPEN,"2025-02-22 20:20:38",1,0,{},18,22,14,4,0,4,40,18,22,14,4,0,4,40
102,dublin,"WESTERN WAY","Western Way",53.3549,-6.26942,0,0,OPEN,"2025-02-22 20:25:13",1,0,{},18,22,14,4,0,4,40,18,22,14,4,0,4,40
102,dublin,"WESTERN WAY","Western Way",53.3549,-6.26942,0,0,OPEN,"2025-02-22 20:35:17",1,0,{},18,22,14,4,0,4,40,18,22,14,4,0,4,40
102,dublin,"WESTERN WAY","Western Way",53.3549,-6.26942,0,0,OPEN,"2025-02-22 20:45:21",1,0,{},18,22,14,4,0,4,40,18,22,14,4,0,4,40
102,dublin,"WESTERN WAY","Western Way",53.3549,-6.26942,0,0,OPEN,"2025-02-22 20:55:25",1,0,{},18,22,14,4,0,4,40,18,22,14,4,0,4,40
102,dublin,"WESTERN WAY","Western Way",53.3549,-6.26942,0,0,OPEN,"2025-02-22 21:05:29",1,0,{},18,22,14,4,0,4,40,18,22,14,4,0,4,40
102,dublin,"WESTERN WAY","Western Way",53.3549,-6.26942,0,0,OPEN,"2025-02-22 21:15:34",1,0,{},18,22,14,4,0,4,40,18,22,14,4,0,4,40
102,dublin,"WESTERN WAY","Western Way",53.3549,-6.26942,0,0,OPEN,"2025-02-22 21:25:38",1,0,{},18,22,14,4,0,4,40,18,22,14,4,0,4,40
102,dublin,"WESTERN WAY","Western Way",53.3549,-6.26942,0,0,OPEN,"2025-02-22 21:35:42",1,0,{},18,22,14,4,0,4,40,18,22,14,4,0,4,40
102,dublin,"WESTERN WAY","Western Way",53.3549,-6.26942,0,0,OPEN,"2025-02-22 21:45:46",1,0,{},18,22,14,4,0,4,40,18,22,14,4,0,4,40
102,dublin,"WESTERN WAY","Western Way",53.3549,-6.26942,0,0,OPEN,"2025-02-22 21:55:50",1,0,{},18,22,14,4,0,4,40,18,22,14,4,0,4,40
102,dublin,"WESTERN WAY","Western Way",53.3549,-6.26942,0,0,OPEN,"2025-02-22 22:05:55",1,0,{},18,22,14,4,0,4,40,18,22,14,4,0,4,40
102,dublin,"WESTERN WAY","Western Way",53.3549,-6.26942,0,0,OPEN,"2025-02-22 22:15:59",1,0,{},18,22,14,4,0,4,40,18,22,14,4,0,4,40
103,dublin,"GRANGEGORMAN LOWER (SOUTH)","Grangegorman Lower (South)",53.3547,-6.27868,0,0,OPEN,"2025-02-22 02:56:34",1,0,{},6,34,4,2,0,2,40,6,34,4,2,0,2,40
103,dublin,"GRANGEGORMAN LOWER (SOUTH)","Grangegorman Lower (South)",53.3547,-6.27868,0,0,OPEN,"2025-02-22 03:06:40",1,0,{},6,34,4,2,0,2,40,6,34,4,2,0,2,40
103,dublin,"GRANGEGORMAN LOWER (SOUTH)","Grangegorman Lower (South)",53.3547,-6.27868,0,0,OPEN,"2025-02-22 10:10:06",1,0,{},9,31,6,3,0,3,40,9,31,6,3,0,3,40
103,dublin,"GRANGEGORMAN LOWER (SOUTH)","Grangegorman Lower (South)",53.3547,-6.27868,0,0,OPEN,"2025-02-22 10:20:10",1,0,{},9,31,6,3,0,3,40,9,31,6,3,0,3,40
103,dublin,"GRANGEGORMAN LOWER (SOUTH)","Grangegorman Lower (South)",53.3547,-6.27868,0,0,OPEN,"2025-02-22 10:30:13",1,0,{},9,31,6,3,0,3,40,9,31,6,3,0,3,40
103,dublin,"GRANGEGORMAN LOWER (SOUTH)","Grangegorman Lower (South)",53.3547,-6.27868,0,0,OPEN,"2025-02-22 10:40:16",1,0,{},9,31,6,3,0,3,40,9,31,6,3,0,3,40
103,dublin,"GRANGEGORMAN LOWER (SOUTH)","Grangegorman Lower (South)",53.3547,-6.27868,0,0,OPEN,"2025-02-22 10:50:20",1,0,{},9,31,6,3,0,3,40,9,31,6,3,0,3,40
103,dublin,"GRANGEGORMAN LOWER (SOUTH)","Grangegorman Lower (South)",53.3547,-6.27868,0,0,OPEN,"2025-02-22 11:00:24",1,0,{},9,31,6,3,0,3,40,9,31,6,3,0,3,40
103,dublin,"GRANGEGORMAN LOWER (SOUTH)","Grangegorman Lower (South)",53.3547,-6.27868,0,0,OPEN,"2025-02-22 11:04:39",1,0,{},10,30,7,3,0,3,40,10,30,7,3,0,3,40
103,dublin,"GRANGEGORMAN LOWER (SOUTH)","Grangegorman Lower (South)",53.3547,-6.27868,0,0,OPEN,"2025-02-22 11:10:29",1,0,{},10,30,7,3,0,3,40,10,30,7,3,0,3,40
103,dublin,"GRANGEGORMAN LOWER (SOUTH)","Grangegorman Lower (South)",53.3547,-6.27868,0,0,OPEN,"2025-02-22 11:20:32",1,0,{},10,30,7,3,0,3,40,10,30,7,3,0,3,40
103,dublin,"GRANGEGORMAN LOWER (SOUTH)","Grangegorman Lower (South)",53.3547,-6.27868,0,0,OPEN,"2025-02-22 11:30:37",1,0,{},10,30,7,3,0,3,40,10,30,7,3,0,3,40
103,dublin,"GRANGEGORMAN LOWER (SOUTH)","Grangegorman Lower (South)",53.3547,-6.27868,0,0,OPEN,"2025-02-22 11:36:06",1,0,{},11,29,8,3,0,3,40,11,29,8,3,0,3,40
103,dublin,"GRANGEGORMAN LOWER (SOUTH)","Grangegorman Lower (South)",53.3547,-6.27868,0,0,OPEN,"2025-02-22 11:40:41",1,0,{},11,29,8,3,0,3,40,11,29,8,3,0,3,40
103,dublin,"GRANGEGORMAN LOWER (SOUTH)","Grangegorman Lower (South)",53.3547,-6.27868,0,0,OPEN,"2025-02-22 11:44:55",1,0,{},12,28,9,3,0,3,40,12,28,9,3,0,3,40
103,dublin,"GRANGEGORMAN LOWER (SOUTH)","Grangegorman Lower (South)",53.3547,-6.27868,0,0,OPEN,"2025-02-22 11:50:45",1,0,{},12,28,9,3,0,3,40,12,28,9,3,0,3,40
103,dublin,"GRANGEGORMAN LOWER (SOUTH)","Grangegorman Lower (South)",53.3547,-6.27868,0,0,OPEN,"2025-02-22 12:00:49",1,0,{},12,28,9,3,0,3,40,12,28,9,3,0,3,40
103,dublin,"GRANGEGORMAN LOWER (SOUTH)","Grangegorman Lower (South)",53.3547,-6.27868,0,0,OPEN,"2025-02-22 12:10:52",1,0,{},12,28,9,3,0,3,40,12,28,9,3,0,3,40
103,dublin,"GRANGEGORMAN LOWER (SOUTH)","Grangegorman Lower (South)",53.3547,-6.27868,0,0,OPEN,"2025-02-22 12:20:56",1,0,{},12,28,9,3,0,3,40,12,28,9,3,0,3,40
103,dublin,"GRANGEGORMAN LOWER (SOUTH)","Grangegorman Lower (South)",53.3547,-6.27868,0,0,OPEN,"2025-02-22 12:31:00",1,0,{},12,28,9,3,0,3,40,12,28,9,3,0,3,40
103,dublin,"GRANGEGORMAN LOWER (SOUTH)","Grangegorman Lower (South)",53.3547,-6.27868,0,0,OPEN,"2025-02-22 12:34:01",1,0,{},12,28,9,3,0,3,40,12,28,9,3,0,3,40
103,dublin,"GRANGEGORMAN LOWER (SOUTH)","Grangegorman Lower (South)",53.3547,-6.27868,0,0,OPEN,"2025-02-22 12:41:04",1,0,{},12,28,9,3,0,3,40,12,28,9,3,0,3,40
103,dublin,"GRANGEGORMAN LOWER (SOUTH)","Grangegorman Lower (South)",53.3547,-6.27868,0,0,OPEN,"2025-02-22 12:51:08",1,0,{},12,28,9,3,0,3,40,12,28,9,3,0,3,40
103,dublin,"GRANGEGORMAN LOWER (SOUTH)","Grangegorman Lower (South)",53.3547,-6.27868,0,0,OPEN,"2025-02-22 13:01:12",1,0,{},12,28,9,3,0,3,40,12,28,9,3,0,3,40
103,dublin,"GRANGEGORMAN LOWER (SOUTH)","Grangegorman Lower (South)",53.3547,-6.27868,0,0,OPEN,"2025-02-22 13:11:16",1,0,{},12,28,9,3,0,3,40,12,28,9,3,0,3,40
103,dublin,"GRANGEGORMAN LOWER (SOUTH)","Grangegorman Lower (South)",53.3547,-6.27868,0,0,OPEN,"2025-02-22 13:21:19",1,0,{},12,28,9,3,0,3,40,12,28,9,3,0,3,40
103,dublin,"GRANGEGORMAN LOWER (SOUTH)","Grangegorman Lower (South)",53.3547,-6.27868,0,0,OPEN,"2025-02-22 13:31:23",1,0,{},13,27,10,3,0,3,40,13,27,10,3,0,3,40
103,dublin,"GRANGEGORMAN LOWER (SOUTH)","Grangegorman Lower (South)",53.3547,-6.27868,0,0,OPEN,"2025-02-22 13:41:27",1,0,{},13,27,10,3,0,3,40,13,27,10,3,0,3,40
103,dublin,"GRANGEGORMAN LOWER (SOUTH)","Grangegorman Lower (South)",53.3547,-6.27868,0,0,OPEN,"2025-02-22 13:51:31",1,0,{},13,27,10,3,0,3,40,13,27,10,3,0,3,40
103,dublin,"GRANGEGORMAN LOWER (SOUTH)","Grangegorman Lower (South)",53.3547,-6.27868,0,0,OPEN,"2025-02-22 14:01:34",1,0,{},13,27,10,3,0,3,40,13,27,10,3,0,3,40
103,dublin,"GRANGEGORMAN LOWER (SOUTH)","Grangegorman Lower (South)",53.3547,-6.27868,0,0,OPEN,"2025-02-22 14:11:41",1,0,{},14,26,10,4,0,4,40,14,26,10,4,0,4,40
103,dublin,"GRANGEGORMAN LOWER (SOUTH)","Grangegorman Lower (South)",53.3547,-6.27868,0,0,OPEN,"2025-02-22 14:21:45",1,0,{},14,26,10,4,0,4,40,14,26,10,4,0,4,40
103,dublin,"GRANGEGORMAN LOWER (SOUTH)","Grangegorman Lower (South)",53.3547,-6.27868,0,0,OPEN,"2025-02-22 14:31:48",1,0,{},14,26,10,4,0,4,40,14,26,10,4,0,4,40
103,dublin,"GRANGEGORMAN LOWER (SOUTH)","Grangegorman Lower (South)",53.3547,-6.27868,0,0,OPEN,"2025-02-22 14:41:52",1,0,{},14,26,10,4,0,4,40,14,26,10,4,0,4,40
103,dublin,"GRANGEGORMAN LOWER (SOUTH)","Grangegorman Lower (South)",53.3547,-6.27868,0,0,OPEN,"2025-02-22 14:51:56",1,0,{},14,26,10,4,0,4,40,14,26,10,4,0,4,40
103,dublin,"GRANGEGORMAN LOWER (SOUTH)","Grangegorman Lower (South)",53.3547,-6.27868,0,0,OPEN,"2025-02-22 15:01:59",1,0,{},14,26,10,4,0,4,40,14,26,10,4,0,4,40
103,dublin,"GRANGEGORMAN LOWER (SOUTH)","Grangegorman Lower (South)",53.3547,-6.27868,0,0,OPEN,"2025-02-22 15:12:03",1,0,{},14,26,10,4,0,4,40,14,26,10,4,0,4,40
103,dublin,"GRANGEGORMAN LOWER (SOUTH)","Grangegorman Lower (South)",53.3547,-6.27868,0,0,OPEN,"2025-02-22 15:22:07",1,0,{},14,26,10,4,0,4,40,14,26,10,4,0,4,40
103,dublin,"GRANGEGORMAN LOWER (SOUTH)","Grangegorman Lower (South)",53.3547,-6.27868,0,0,OPEN,"2025-02-22 15:32:13",1,0,{},13,27,10,3,0,3,40,13,27,10,3,0,3,40
103,dublin,"GRANGEGORMAN LOWER (SOUTH)","Grangegorman Lower (South)",53.3547,-6.27868,0,0,OPEN,"2025-02-22 15:36:55",1,0,{},12,28,9,3,0,3,40,12,28,9,3,0,3,40
103,dublin,"GRANGEGORMAN LOWER (SOUTH)","Grangegorman Lower (South)",53.3547,-6.27868,0,0,OPEN,"2025-02-22 15:42:19",1,0,{},12,28,9,3,0,3,40,12,28,9,3,0,3,40
103,dublin,"GRANGEGORMAN LOWER (SOUTH)","Grangegorman Lower (South)",53.3547,-6.27868,0,0,OPEN,"2025-02-22 15:52:23",1,0,{},12,28,9,3,0,3,40,12,28,9,3,0,3,40
103,dublin,"GRANGEGORMAN LOWER (SOUTH)","Grangegorman Lower (South)",53.3547,-6.27868,0,0,OPEN,"2025-02-22 16:02:26",1,0,{},12,28,9,3,0,3,40,12,28,9,3,0,3,40
103,dublin,"GRANGEGORMAN LOWER (SOUTH)","Grangegorman Lower (South)",53.3547,-6.27868,0,0,OPEN,"2025-02-22 16:12:30",1,0,{},12,28,9,3,0,3,40,12,28,9,3,0,3,40
103,dublin,"GRANGEGORMAN LOWER (SOUTH)","Grangegorman Lower (South)",53.3547,-6.27868,0,0,OPEN,"2025-02-22 16:22:36",1,0,{},11,29,9,2,0,2,40,11,29,9,2,0,2,40
103,dublin,"GRANGEGORMAN LOWER (SOUTH)","Grangegorman Lower (South)",53.3547,-6.27868,0,0,OPEN,"2025-02-22 16:32:40",1,0,{},11,29,9,2,0,2,40,11,29,9,2,0,2,40
103,dublin,"GRANGEGORMAN LOWER (SOUTH)","Grangegorman Lower (South)",53.3547,-6.27868,0,0,OPEN,"2025-02-22 16:42:44",1,0,{},11,29,9,2,0,2,40,11,29,9,2,0,2,40
103,dublin,"GRANGEGORMAN LOWER (SOUTH)","Grangegorman Lower (South)",53.3547,-6.27868,0,0,OPEN,"2025-02-22 16:52:47",1,0,{},11,29,9,2,0,2,40,11,29,9,2,0,2,40
103,dublin,"GRANGEGORMAN LOWER (SOUTH)","Grangegorman Lower (South)",53.3547,-6.27868,0,0,OPEN,"2025-02-22 17:02:51",1,0,{},11,29,9,2,0,2,40,11,29,9,2,0,2,40
103,dublin,"GRANGEGORMAN LOWER (SOUTH)","Grangegorman Lower (South)",53.3547,-6.27868,0,0,OPEN,"2025-02-22 17:12:54",1,0,{},11,29,9,2,0,2,40,11,29,9,2,0,2,40
103,dublin,"GRANGEGORMAN LOWER (SOUTH)","Grangegorman Lower (South)",53.3547,-6.27868,0,0,OPEN,"2025-02-22 17:22:58",1,0,{},11,29,9,2,0,2,40,11,29,9,2,0,2,40
103,dublin,"GRANGEGORMAN LOWER (SOUTH)","Grangegorman Lower (South)",53.3547,-6.27868,0,0,OPEN,"2025-02-22 17:33:02",1,0,{},11,29,9,2,0,2,40,11,29,9,2,0,2,40
103,dublin,"GRANGEGORMAN LOWER (SOUTH)","Grangegorman Lower (South)",53.3547,-6.27868,0,0,OPEN,"2025-02-22 17:43:05",1,0,{},11,29,9,2,0,2,40,11,29,9,2,0,2,40
103,dublin,"GRANGEGORMAN LOWER (SOUTH)","Grangegorman Lower (South)",53.3547,-6.27868,0,0,OPEN,"2025-02-22 17:53:09",1,0,{},11,29,9,2,0,2,40,11,29,9,2,0,2,40
103,dublin,"GRANGEGORMAN LOWER (SOUTH)","Grangegorman Lower (South)",53.3547,-6.27868,0,0,OPEN,"2025-02-22 18:03:12",1,0,{},11,29,9,2,0,2,40,11,29,9,2,0,2,40
103,dublin,"GRANGEGORMAN LOWER (SOUTH)","Grangegorman Lower (South)",53.3547,-6.27868,0,0,OPEN,"2025-02-22 18:13:16",1,0,{},11,29,9,2,0,2,40,11,29,9,2,0,2,40
103,dublin,"GRANGEGORMAN LOWER (SOUTH)","Grangegorman Lower (South)",53.3547,-6.27868,0,0,OPEN,"2025-02-22 18:23:19",1,0,{},11,29,9,2,0,2,40,11,29,9,2,0,2,40
103,dublin,"GRANGEGORMAN LOWER (SOUTH)","Grangegorman Lower (South)",53.3547,-6.27868,0,0,OPEN,"2025-02-22 18:33:23",1,0,{},11,29,9,2,0,2,40,11,29,9,2,0,2,40
103,dublin,"GRANGEGORMAN LOWER (SOUTH)","Grangegorman Lower (South)",53.3547,-6.27868,0,0,OPEN,"2025-02-22 18:43:27",1,0,{},11,29,9,2,0,2,40,11,29,9,2,0,2,40
103,dublin,"GRANGEGORMAN LOWER (SOUTH)","Grangegorman Lower (South)",53.3547,-6.27868,0,0,OPEN,"2025-02-22 18:53:30",1,0,{},11,29,9,2,0,2,40,11,29,9,2,0,2,40
103,dublin,"GRANGEGORMAN LOWER (SOUTH)","Grangegorman Lower (South)",53.3547,-6.27868,0,0,OPEN,"2025-02-22 19:03:36",1,0,{},11,29,9,2,0,2,40,11,29,9,2,0,2,40
103,dublin,"GRANGEGORMAN LOWER (SOUTH)","Grangegorman Lower (South)",53.3547,-6.27868,0,0,OPEN,"2025-02-22 19:13:39",1,0,{},11,29,9,2,0,2,40,11,29,9,2,0,2,40
103,dublin,"GRANGEGORMAN LOWER (SOUTH)","Grangegorman Lower (South)",53.3547,-6.27868,0,0,OPEN,"2025-02-22 19:23:43",1,0,{},11,29,9,2,0,2,40,11,29,9,2,0,2,40
103,dublin,"GRANGEGORMAN LOWER (SOUTH)","Grangegorman Lower (South)",53.3547,-6.27868,0,0,OPEN,"2025-02-22 19:33:47",1,0,{},11,29,9,2,0,2,40,11,29,9,2,0,2,40
103,dublin,"GRANGEGORMAN LOWER (SOUTH)","Grangegorman Lower (South)",53.3547,-6.27868,0,0,OPEN,"2025-02-22 19:43:51",1,0,{},11,29,9,2,0,2,40,11,29,9,2,0,2,40
103,dublin,"GRANGEGORMAN LOWER (SOUTH)","Grangegorman Lower (South)",53.3547,-6.27868,0,0,OPEN,"2025-02-22 19:53:54",1,0,{},11,29,9,2,0,2,40,11,29,9,2,0,2,40
103,dublin,"GRANGEGORMAN LOWER (SOUTH)","Grangegorman Lower (South)",53.3547,-6.27868,0,0,OPEN,"2025-02-22 20:03:58",1,0,{},11,29,9,2,0,2,40,11,29,9,2,0,2,40
103,dublin,"GRANGEGORMAN LOWER (SOUTH)","Grangegorman Lower (South)",53.3547,-6.27868,0,0,OPEN,"2025-02-22 20:14:02",1,0,{},11,29,9,2,0,2,40,11,29,9,2,0,2,40
103,dublin,"GRANGEGORMAN LOWER (SOUTH)","Grangegorman Lower (South)",53.3547,-6.27868,0,0,OPEN,"2025-02-22 20:24:05",1,0,{},11,29,9,2,0,2,40,11,29,9,2,0,2,40
103,dublin,"GRANGEGORMAN LOWER (SOUTH)","Grangegorman Lower (South)",53.3547,-6.27868,0,0,OPEN,"2025-02-22 20:34:09",1,0,{},11,29,9,2,0,2,40,11,29,9,2,0,2,40
103,dublin,"GRANGEGORMAN LOWER (SOUTH)","Grangegorman Lower (South)",53.3547,-6.27868,0,0,OPEN,"2025-02-22 20:44:13",1,0,{},11,29,9,2,0,2,40,11,29,9,2,0,2,40
103,dublin,"GRANGEGORMAN LOWER (SOUTH)","Grangegorman Lower (South)",53.3547,-6.27868,0,0,OPEN,"2025-02-22 20:54:16",1,0,{},11,29,9,2,0,2,40,11,29,9,2,0,2,40
103,dublin,"GRANGEGORMAN LOWER (SOUTH)","Grangegorman Lower (South)",53.3547,-6.27868,0,0,OPEN,"2025-02-22 21:04:20",1,0,{},11,29,9,2,0,2,40,11,29,9,2,0,2,40
103,dublin,"GRANGEGORMAN LOWER (SOUTH)","Grangegorman Lower (South)",53.3547,-6.27868,0,0,OPEN,"2025-02-22 21:14:24",1,0,{},11,29,9,2,0,2,40,11,29,9,2,0,2,40
103,dublin,"GRANGEGORMAN LOWER (SOUTH)","Grangegorman Lower (South)",53.3547,-6.27868,0,0,OPEN,"2025-02-22 21:17:17",1,0,{},11,29,9,2,0,2,40,11,29,9,2,0,2,40
103,dublin,"GRANGEGORMAN LOWER (SOUTH)","Grangegorman Lower (South)",53.3547,-6.27868,0,0,OPEN,"2025-02-22 21:24:26",1,0,{},11,29,9,2,0,2,40,11,29,9,2,0,2,40
103,dublin,"GRANGEGORMAN LOWER (SOUTH)","Grangegorman Lower (South)",53.3547,-6.27868,0,0,OPEN,"2025-02-22 21:34:29",1,0,{},11,29,9,2,0,2,40,11,29,9,2,0,2,40
103,dublin,"GRANGEGORMAN LOWER (SOUTH)","Grangegorman Lower (South)",53.3547,-6.27868,0,0,OPEN,"2025-02-22 21:49:20",1,0,{},11,29,9,2,0,2,40,11,29,9,2,0,2,40
103,dublin,"GRANGEGORMAN LOWER (SOUTH)","Grangegorman Lower (South)",53.3547,-6.27868,0,0,OPEN,"2025-02-22 21:54:37",1,0,{},11,29,9,2,0,2,40,11,29,9,2,0,2,40
103,dublin,"GRANGEGORMAN LOWER (SOUTH)","Grangegorman Lower (South)",53.3547,-6.27868,0,0,OPEN,"2025-02-22 22:04:41",1,0,{},11,29,9,2,0,2,40,11,29,9,2,0,2,40
103,dublin,"GRANGEGORMAN LOWER (SOUTH)","Grangegorman Lower (South)",53.3547,-6.27868,0,0,OPEN,"2025-02-22 22:14:45",1,0,{},11,29,9,2,0,2,40,11,29,9,2,0,2,40
104,dublin,"GRANGEGORMAN LOWER (CENTRAL)","Grangegorman Lower (Central)",53.3552,-6.27842,0,0,OPEN,"2025-02-22 02:59:21",1,0,{},19,21,15,4,0,4,40,19,21,15,4,0,4,40
104,dublin,"GRANGEGORMAN LOWER (CENTRAL)","Grangegorman Lower (Central)",53.3552,-6.27842,0,0,OPEN,"2025-02-22 03:09:25",1,0,{},19,21,15,4,0,4,40,19,21,15,4,0,4,40
104,dublin,"GRANGEGORMAN LOWER (CENTRAL)","Grangegorman Lower (Central)",53.3552,-6.27842,0,0,OPEN,"2025-02-22 10:12:41",1,0,{},18,22,14,4,0,4,40,18,22,14,4,0,4,40
104,dublin,"GRANGEGORMAN LOWER (CENTRAL)","Grangegorman Lower (Central)",53.3552,-6.27842,0,0,OPEN,"2025-02-22 10:22:46",1,0,{},18,22,14,4,0,4,40,18,22,14,4,0,4,40
104,dublin,"GRANGEGORMAN LOWER (CENTRAL)","Grangegorman Lower (Central)",53.3552,-6.27842,0,0,OPEN,"2025-02-22 10:32:51",1,0,{},18,22,14,4,0,4,40,18,22,14,4,0,4,40
104,dublin,"GRANGEGORMAN LOWER (CENTRAL)","Grangegorman Lower (Central)",53.3552,-6.27842,0,0,OPEN,"2025-02-22 10:42:57",1,0,{},18,22,14,4,0,4,40,18,22,14,4,0,4,40
104,dublin,"GRANGEGORMAN LOWER (CENTRAL)","Grangegorman Lower (Central)",53.3552,-6.27842,0,0,OPEN,"2025-02-22 10:53:02",1,0,{},18,22,14,4,0,4,40,18,22,14,4,0,4,40
104,dublin,"GRANGEGORMAN LOWER (CENTRAL)","Grangegorman Lower (Central)",53.3552,-6.27842,0,0,OPEN,"2025-02-22 11:03:07",1,0,{},18,22,14,4,0,4,40,18,22,14,4,0,4,40
104,dublin,"GRANGEGORMAN LOWER (CENTRAL)","Grangegorman Lower (Central)",53.3552,-6.27842,0,0,OPEN,"2025-02-22 11:13:13",1,0,{},18,22,14,4,0,4,40,18,22,14,4,0,4,40
104,dublin,"GRANGEGORMAN LOWER (CENTRAL)","Grangegorman Lower (Central)",53.3552,-6.27842,0,0,OPEN,"2025-02-22 11:23:18",1,0,{},18,22,14,4,0,4,40,18,22,14,4,0,4,40
104,dublin,"GRANGEGORMAN LOWER (CENTRAL)","Grangegorman Lower (Central)",53.3552,-6.27842,0,0,OPEN,"2025-02-22 11:33:23",1,0,{},18,22,14,4,0,4,40,18,22,14,4,0,4,40
104,dublin,"GRANGEGORMAN LOWER (CENTRAL)","Grangegorman Lower (Central)",53.3552,-6.27842,0,0,OPEN,"2025-02-22 11:43:29",1,0,{},18,22,14,4,0,4,40,18,22,14,4,0,4,40
104,dublin,"GRANGEGORMAN LOWER (CENTRAL)","Grangegorman Lower (Central)",53.3552,-6.27842,0,0,OPEN,"2025-02-22 11:53:34",1,0,{},18,22,14,4,0,4,40,18,22,14,4,0,4,40
104,dublin,"GRANGEGORMAN LOWER (CENTRAL)","Grangegorman Lower (Central)",53.3552,-6.27842,0,0,OPEN,"2025-02-22 12:03:39",1,0,{},18,22,14,4,0,4,40,18,22,14,4,0,4,40
104,dublin,"GRANGEGORMAN LOWER (CENTRAL)","Grangegorman Lower (Central)",53.3552,-6.27842,0,0,OPEN,"2025-02-22 12:13:45",1,0,{},18,22,14,4,0,4,40,18,22,14,4,0,4,40
104,dublin,"GRANGEGORMAN LOWER (CENTRAL)","Grangegorman Lower (Central)",53.3552,-6.27842,0,0,OPEN,"2025-02-22 12:20:10",1,0,{},17,23,13,4,0,4,40,17,23,13,4,0,4,40
104,dublin,"GRANGEGORMAN LOWER (CENTRAL)","Grangegorman Lower (Central)",53.3552,-6.27842,0,0,OPEN,"2025-02-22 12:23:51",1,0,{},17,23,13,4,0,4,40,17,23,13,4,0,4,40
104,dublin,"GRANGEGORMAN LOWER (CENTRAL)","Grangegorman Lower (Central)",53.3552,-6.27842,0,0,OPEN,"2025-02-22 12:33:56",1,0,{},17,23,13,4,0,4,40,17,23,13,4,0,4,40
104,dublin,"GRANGEGORMAN LOWER (CENTRAL)","Grangegorman Lower (Central)",53.3552,-6.27842,0,0,OPEN,"2025-02-22 12:44:02",1,0,{},17,23,13,4,0,4,40,17,23,13,4,0,4,40
104,dublin,"GRANGEGORMAN LOWER (CENTRAL)","Grangegorman Lower (Central)",53.3552,-6.27842,0,0,OPEN,"2025-02-22 12:54:07",1,0,{},17,23,13,4,0,4,40,17,23,13,4,0,4,40
104,dublin,"GRANGEGORMAN LOWER (CENTRAL)","Grangegorman Lower (Central)",53.3552,-6.27842,0,0,OPEN,"2025-02-22 13:04:12",1,0,{},17,23,13,4,0,4,40,17,23,13,4,0,4,40
104,dublin,"GRANGEGORMAN LOWER (CENTRAL)","Grangegorman Lower (Central)",53.3552,-6.27842,0,0,OPEN,"2025-02-22 13:14:17",1,0,{},17,23,13,4,0,4,40,17,23,13,4,0,4,40
104,dublin,"GRANGEGORMAN LOWER (CENTRAL)","Grangegorman Lower (Central)",53.3552,-6.27842,0,0,OPEN,"2025-02-22 13:24:23",1,0,{},17,23,13,4,0,4,40,17,23,13,4,0,4,40
104,dublin,"GRANGEGORMAN LOWER (CENTRAL)","Grangegorman Lower (Central)",53.3552,-6.27842,0,0,OPEN,"2025-02-22 13:34:28",1,0,{},17,23,13,4,0,4,40,17,23,13,4,0,4,40
104,dublin,"GRANGEGORMAN LOWER (CENTRAL)","Grangegorman Lower (Central)",53.3552,-6.27842,0,0,OPEN,"2025-02-22 13:44:33",1,0,{},17,23,13,4,0,4,40,17,23,13,4,0,4,40
104,dublin,"GRANGEGORMAN LOWER (CENTRAL)","Grangegorman Lower (Central)",53.3552,-6.27842,0,0,OPEN,"2025-02-22 13:54:39",1,0,{},17,23,13,4,0,4,40,17,23,13,4,0,4,40
104,dublin,"GRANGEGORMAN LOWER (CENTRAL)","Grangegorman Lower (Central)",53.3552,-6.27842,0,0,OPEN,"2025-02-22 14:04:45",1,0,{},17,23,13,4,0,4,40,17,23,13,4,0,4,40
104,dublin,"GRANGEGORMAN LOWER (CENTRAL)","Grangegorman Lower (Central)",53.3552,-6.27842,0,0,OPEN,"2025-02-22 14:16:18",1,0,{},17,23,13,4,0,4,40,17,23,13,4,0,4,40
104,dublin,"GRANGEGORMAN LOWER (CENTRAL)","Grangegorman Lower (Central)",53.3552,-6.27842,0,0,OPEN,"2025-02-22 14:24:55",1,0,{},17,23,13,4,0,4,40,17,23,13,4,0,4,40
104,dublin,"GRANGEGORMAN LOWER (CENTRAL)","Grangegorman Lower (Central)",53.3552,-6.27842,0,0,OPEN,"2025-02-22 14:35:00",1,0,{},17,23,13,4,0,4,40,17,23,13,4,0,4,40
104,dublin,"GRANGEGORMAN LOWER (CENTRAL)","Grangegorman Lower (Central)",53.3552,-6.27842,0,0,OPEN,"2025-02-22 14:45:06",1,0,{},17,23,13,4,0,4,40,17,23,13,4,0,4,40
104,dublin,"GRANGEGORMAN LOWER (CENTRAL)","Grangegorman Lower (Central)",53.3552,-6.27842,0,0,OPEN,"2025-02-22 14:55:11",1,0,{},17,23,13,4,0,4,40,17,23,13,4,0,4,40
104,dublin,"GRANGEGORMAN LOWER (CENTRAL)","Grangegorman Lower (Central)",53.3552,-6.27842,0,0,OPEN,"2025-02-22 15:05:15",1,0,{},17,23,13,4,0,4,40,17,23,13,4,0,4,40
104,dublin,"GRANGEGORMAN LOWER (CENTRAL)","Grangegorman Lower (Central)",53.3552,-6.27842,0,0,OPEN,"2025-02-22 15:15:21",1,0,{},17,23,13,4,0,4,40,17,23,13,4,0,4,40
104,dublin,"GRANGEGORMAN LOWER (CENTRAL)","Grangegorman Lower (Central)",53.3552,-6.27842,0,0,OPEN,"2025-02-22 15:25:27",1,0,{},17,23,13,4,0,4,40,17,23,13,4,0,4,40
104,dublin,"GRANGEGORMAN LOWER (CENTRAL)","Grangegorman Lower (Central)",53.3552,-6.27842,0,0,OPEN,"2025-02-22 15:35:32",1,0,{},17,23,13,4,0,4,40,17,23,13,4,0,4,40
104,dublin,"GRANGEGORMAN LOWER (CENTRAL)","Grangegorman Lower (Central)",53.3552,-6.27842,0,0,OPEN,"2025-02-22 15:45:38",1,0,{},17,23,13,4,0,4,40,17,23,13,4,0,4,40
104,dublin,"GRANGEGORMAN LOWER (CENTRAL)","Grangegorman Lower (Central)",53.3552,-6.27842,0,0,OPEN,"2025-02-22 15:51:15",1,0,{},16,24,12,4,0,4,40,16,24,12,4,0,4,40
104,dublin,"GRANGEGORMAN LOWER (CENTRAL)","Grangegorman Lower (Central)",53.3552,-6.27842,0,0,OPEN,"2025-02-22 15:55:53",1,0,{},17,23,13,4,0,4,40,17,23,13,4,0,4,40
104,dublin,"GRANGEGORMAN LOWER (CENTRAL)","Grangegorman Lower (Central)",53.3552,-6.27842,0,0,OPEN,"2025-02-22 16:05:53",1,0,{},17,23,13,4,0,4,40,17,23,13,4,0,4,40
104,dublin,"GRANGEGORMAN LOWER (CENTRAL)","Grangegorman Lower (Central)",53.3552,-6.27842,0,0,OPEN,"2025-02-22 16:16:00",1,0,{},16,24,12,4,0,4,40,16,24,12,4,0,4,40
104,dublin,"GRANGEGORMAN LOWER (CENTRAL)","Grangegorman Lower (Central)",53.3552,-6.27842,0,0,OPEN,"2025-02-22 16:26:05",1,0,{},16,24,12,4,0,4,40,16,24,12,4,0,4,40
104,dublin,"GRANGEGORMAN LOWER (CENTRAL)","Grangegorman Lower (Central)",53.3552,-6.27842,0,0,OPEN,"2025-02-22 16:36:17",1,0,{},15,25,11,4,0,4,40,15,25,11,4,0,4,40
104,dublin,"GRANGEGORMAN LOWER (CENTRAL)","Grangegorman Lower (Central)",53.3552,-6.27842,0,0,OPEN,"2025-02-22 16:46:17",1,0,{},15,25,11,4,0,4,40,15,25,11,4,0,4,40
104,dublin,"GRANGEGORMAN LOWER (CENTRAL)","Grangegorman Lower (Central)",53.3552,-6.27842,0,0,OPEN,"2025-02-22 16:56:22",1,0,{},15,25,11,4,0,4,40,15,25,11,4,0,4,40
104,dublin,"GRANGEGORMAN LOWER (CENTRAL)","Grangegorman Lower (Central)",53.3552,-6.27842,0,0,OPEN,"2025-02-22 16:59:13",1,0,{},14,26,10,4,0,4,40,14,26,10,4,0,4,40
104,dublin,"GRANGEGORMAN LOWER (CENTRAL)","Grangegorman Lower (Central)",53.3552,-6.27842,0,0,OPEN,"2025-02-22 17:06:30",1,0,{},14,26,10,4,0,4,40,14,26,10,4,0,4,40
104,dublin,"GRANGEGORMAN LOWER (CENTRAL)","Grangegorman Lower (Central)",53.3552,-6.27842,0,0,OPEN,"2025-02-22 17:16:35",1,0,{},14,26,10,4,0,4,40,14,26,10,4,0,4,40
104,dublin,"GRANGEGORMAN LOWER (CENTRAL)","Grangegorman Lower (Central)",53.3552,-6.27842,0,0,OPEN,"2025-02-22 17:26:41",1,0,{},14,26,10,4,0,4,40,14,26,10,4,0,4,40
104,dublin,"GRANGEGORMAN LOWER (CENTRAL)","Grangegorman Lower (Central)",53.3552,-6.27842,0,0,OPEN,"2025-02-22 17:32:25",1,0,{},15,25,11,4,0,4,40,15,25,11,4,0,4,40
104,dublin,"GRANGEGORMAN LOWER (CENTRAL)","Grangegorman Lower (Central)",53.3552,-6.27842,0,0,OPEN,"2025-02-22 17:36:47",1,0,{},15,25,11,4,0,4,40,15,25,11,4,0,4,40
104,dublin,"GRANGEGORMAN LOWER (CENTRAL)","Grangegorman Lower (Central)",53.3552,-6.27842,0,0,OPEN,"2025-02-22 17:46:52",1,0,{},15,25,11,4,0,4,40,15,25,11,4,0,4,40
104,dublin,"GRANGEGORMAN LOWER (CENTRAL)","Grangegorman Lower (Central)",53.3552,-6.27842,0,0,OPEN,"2025-02-22 17:56:57",1,0,{},15,25,11,4,0,4,40,15,25,11,4,0,4,40
104,dublin,"GRANGEGORMAN LOWER (CENTRAL)","Grangegorman Lower (Central)",53.3552,-6.27842,0,0,OPEN,"2025-02-22 18:07:03",1,0,{},15,25,11,4,0,4,40,15,25,11,4,0,4,40
104,dublin,"GRANGEGORMAN LOWER (CENTRAL)","Grangegorman Lower (Central)",53.3552,-6.27842,0,0,OPEN,"2025-02-22 18:17:09",1,0,{},15,25,11,4,0,4,40,15,25,11,4,0,4,40
104,dublin,"GRANGEGORMAN LOWER (CENTRAL)","Grangegorman Lower (Central)",53.3552,-6.27842,0,0,OPEN,"2025-02-22 18:27:14",1,0,{},15,25,11,4,0,4,40,15,25,11,4,0,4,40
104,dublin,"GRANGEGORMAN LOWER (CENTRAL)","Grangegorman Lower (Central)",53.3552,-6.27842,0,0,OPEN,"2025-02-22 18:38:03",1,0,{},14,26,10,4,0,4,40,14,26,10,4,0,4,40
104,dublin,"GRANGEGORMAN LOWER (CENTRAL)","Grangegorman Lower (Central)",53.3552,-6.27842,0,0,OPEN,"2025-02-22 18:47:26",1,0,{},14,26,10,4,0,4,40,14,26,10,4,0,4,40
104,dublin,"GRANGEGORMAN LOWER (CENTRAL)","Grangegorman Lower (Central)",53.3552,-6.27842,0,0,OPEN,"2025-02-22 18:57:30",1,0,{},14,26,10,4,0,4,40,14,26,10,4,0,4,40
104,dublin,"GRANGEGORMAN LOWER (CENTRAL)","Grangegorman Lower (Central)",53.3552,-6.27842,0,0,OPEN,"2025-02-22 19:07:36",1,0,{},14,26,10,4,0,4,40,14,26,10,4,0,4,40
104,dublin,"GRANGEGORMAN LOWER (CENTRAL)","Grangegorman Lower (Central)",53.3552,-6.27842,0,0,OPEN,"2025-02-22 19:17:41",1,0,{},14,26,10,4,0,4,40,14,26,10,4,0,4,40
104,dublin,"GRANGEGORMAN LOWER (CENTRAL)","Grangegorman Lower (Central)",53.3552,-6.27842,0,0,OPEN,"2025-02-22 19:27:48",1,0,{},13,27,10,3,0,3,40,13,27,10,3,0,3,40
104,dublin,"GRANGEGORMAN LOWER (CENTRAL)","Grangegorman Lower (Central)",53.3552,-6.27842,0,0,OPEN,"2025-02-22 19:39:02",1,0,{},13,27,10,3,0,3,40,13,27,10,3,0,3,40
104,dublin,"GRANGEGORMAN LOWER (CENTRAL)","Grangegorman Lower (Central)",53.3552,-6.27842,0,0,OPEN,"2025-02-22 19:47:59",1,0,{},13,27,10,3,0,3,40,13,27,10,3,0,3,40
104,dublin,"GRANGEGORMAN LOWER (CENTRAL)","Grangegorman Lower (Central)",53.3552,-6.27842,0,0,OPEN,"2025-02-22 19:58:05",1,0,{},13,27,10,3,0,3,40,13,27,10,3,0,3,40
104,dublin,"GRANGEGORMAN LOWER (CENTRAL)","Grangegorman Lower (Central)",53.3552,-6.27842,0,0,OPEN,"2025-02-22 20:02:15",1,0,{},12,28,9,3,0,3,40,12,28,9,3,0,3,40
104,dublin,"GRANGEGORMAN LOWER (CENTRAL)","Grangegorman Lower (Central)",53.3552,-6.27842,0,0,OPEN,"2025-02-22 20:08:11",1,0,{},12,28,9,3,0,3,40,12,28,9,3,0,3,40
104,dublin,"GRANGEGORMAN LOWER (CENTRAL)","Grangegorman Lower (Central)",53.3552,-6.27842,0,0,OPEN,"2025-02-22 20:18:17",1,0,{},12,28,9,3,0,3,40,12,28,9,3,0,3,40
104,dublin,"GRANGEGORMAN LOWER (CENTRAL)","Grangegorman Lower (Central)",53.3552,-6.27842,0,0,OPEN,"2025-02-22 20:28:23",1,0,{},12,28,9,3,0,3,40,12,28,9,3,0,3,40
104,dublin,"GRANGEGORMAN LOWER (CENTRAL)","Grangegorman Lower (Central)",53.3552,-6.27842,0,0,OPEN,"2025-02-22 20:38:28",1,0,{},12,28,9,3,0,3,40,12,28,9,3,0,3,40
104,dublin,"GRANGEGORMAN LOWER (CENTRAL)","Grangegorman Lower (Central)",53.3552,-6.27842,0,0,OPEN,"2025-02-22 20:48:34",1,0,{},12,28,9,3,0,3,40,12,28,9,3,0,3,40
104,dublin,"GRANGEGORMAN LOWER (CENTRAL)","Grangegorman Lower (Central)",53.3552,-6.27842,0,0,OPEN,"2025-02-22 20:58:39",1,0,{},12,28,9,3,0,3,40,12,28,9,3,0,3,40
104,dublin,"GRANGEGORMAN LOWER (CENTRAL)","Grangegorman Lower (Central)",53.3552,-6.27842,0,0,OPEN,"2025-02-22 21:08:44",1,0,{},12,28,9,3,0,3,40,12,28,9,3,0,3,40
104,dublin,"GRANGEGORMAN LOWER (CENTRAL)","Grangegorman Lower (Central)",53.3552,-6.27842,0,0,OPEN,"2025-02-22 21:18:49",1,0,{},12,28,9,3,0,3,40,12,28,9,3,0,3,40
104,dublin,"GRANGEGORMAN LOWER (CENTRAL)","Grangegorman Lower (Central)",53.3552,-6.27842,0,0,OPEN,"2025-02-22 21:28:54",1,0,{},12,28,9,3,0,3,40,12,28,9,3,0,3,40
104,dublin,"GRANGEGORMAN LOWER (CENTRAL)","Grangegorman Lower (Central)",53.3552,-6.27842,0,0,OPEN,"2025-02-22 21:38:59",1,0,{},12,28,9,3,0,3,40,12,28,9,3,0,3,40
104,dublin,"GRANGEGORMAN LOWER (CENTRAL)","Grangegorman Lower (Central)",53.3552,-6.27842,0,0,OPEN,"2025-02-22 21:49:04",1,0,{},12,28,9,3,0,3,40,12,28,9,3,0,3,40
104,dublin,"GRANGEGORMAN LOWER (CENTRAL)","Grangegorman Lower (Central)",53.3552,-6.27842,0,0,OPEN,"2025-02-22 21:59:09",1,0,{},12,28,9,3,0,3,40,12,28,9,3,0,3,40
104,dublin,"GRANGEGORMAN LOWER (CENTRAL)","Grangegorman Lower (Central)",53.3552,-6.27842,0,0,OPEN,"2025-02-22 22:09:14",1,0,{},12,28,9,3,0,3,40,12,28,9,3,0,3,40
105,dublin,"GRANGEGORMAN LOWER (NORTH)","Grangegorman Lower (North)",53.356,-6.27838,0,0,OPEN,"2025-02-22 02:52:11",1,0,{},8,28,4,4,0,4,36,8,28,4,4,0,4,36
105,dublin,"GRANGEGORMAN LOWER (NORTH)","Grangegorman Lower (North)",53.356,-6.27838,0,0,OPEN,"2025-02-22 03:12:22",1,0,{},8,28,4,4,0,4,36,8,28,4,4,0,4,36
105,dublin,"GRANGEGORMAN LOWER (NORTH)","Grangegorman Lower (North)",53.356,-6.27838,0,0,OPEN,"2025-02-22 10:04:13",1,0,{},4,32,0,4,0,4,36,4,32,0,4,0,4,36
105,dublin,"GRANGEGORMAN LOWER (NORTH)","Grangegorman Lower (North)",53.356,-6.27838,0,0,OPEN,"2025-02-22 10:14:18",1,0,{},4,32,0,4,0,4,36,4,32,0,4,0,4,36
105,dublin,"GRANGEGORMAN LOWER (NORTH)","Grangegorman Lower (North)",53.356,-6.27838,0,0,OPEN,"2025-02-22 10:24:23",1,0,{},4,32,0,4,0,4,36,4,32,0,4,0,4,36
105,dublin,"GRANGEGORMAN LOWER (NORTH)","Grangegorman Lower (North)",53.356,-6.27838,0,0,OPEN,"2025-02-22 10:34:29",1,0,{},4,32,0,4,0,4,36,4,32,0,4,0,4,36
105,dublin,"GRANGEGORMAN LOWER (NORTH)","Grangegorman Lower (North)",53.356,-6.27838,0,0,OPEN,"2025-02-22 10:44:34",1,0,{},4,32,0,4,0,4,36,4,32,0,4,0,4,36
105,dublin,"GRANGEGORMAN LOWER (NORTH)","Grangegorman Lower (North)",53.356,-6.27838,0,0,OPEN,"2025-02-22 10:54:39",1,0,{},4,32,0,4,0,4,36,4,32,0,4,0,4,36
105,dublin,"GRANGEGORMAN LOWER (NORTH)","Grangegorman Lower (North)",53.356,-6.27838,0,0,OPEN,"2025-02-22 11:04:45",1,0,{},4,32,0,4,0,4,36,4,32,0,4,0,4,36
105,dublin,"GRANGEGORMAN LOWER (NORTH)","Grangegorman Lower (North)",53.356,-6.27838,0,0,OPEN,"2025-02-22 11:14:51",1,0,{},4,32,0,4,0,4,36,4,32,0,4,0,4,36
105,dublin,"GRANGEGORMAN LOWER (NORTH)","Grangegorman Lower (North)",53.356,-6.27838,0,0,OPEN,"2025-02-22 11:20:10",1,0,{},2,34,0,2,0,2,36,2,34,0,2,0,2,36
105,dublin,"GRANGEGORMAN LOWER (NORTH)","Grangegorman Lower (North)",53.356,-6.27838,0,0,OPEN,"2025-02-22 11:24:57",1,0,{},2,34,0,2,0,2,36,2,34,0,2,0,2,36
105,dublin,"GRANGEGORMAN LOWER (NORTH)","Grangegorman Lower (North)",53.356,-6.27838,0,0,OPEN,"2025-02-22 11:30:48",1,0,{},1,35,0,1,0,1,36,1,35,0,1,0,1,36
105,dublin,"GRANGEGORMAN LOWER (NORTH)","Grangegorman Lower (North)",53.356,-6.27838,0,0,OPEN,"2025-02-22 11:35:05",1,0,{},1,35,0,1,0,1,36,1,35,0,1,0,1,36
105,dublin,"GRANGEGORMAN LOWER (NORTH)","Grangegorman Lower (North)",53.356,-6.27838,0,0,OPEN,"2025-02-22 11:45:10",1,0,{},1,35,0,1,0,1,36,1,35,0,1,0,1,36
105,dublin,"GRANGEGORMAN LOWER (NORTH)","Grangegorman Lower (North)",53.356,-6.27838,0,0,OPEN,"2025-02-22 11:55:16",1,0,{},1,35,0,1,0,1,36,1,35,0,1,0,1,36
105,dublin,"GRANGEGORMAN LOWER (NORTH)","Grangegorman Lower (North)",53.356,-6.27838,0,0,OPEN,"2025-02-22 12:05:21",1,0,{},1,35,0,1,0,1,36,1,35,0,1,0,1,36
105,dublin,"GRANGEGORMAN LOWER (NORTH)","Grangegorman Lower (North)",53.356,-6.27838,0,0,OPEN,"2025-02-22 12:15:26",1,0,{},1,35,0,1,0,1,36,1,35,0,1,0,1,36
105,dublin,"GRANGEGORMAN LOWER (NORTH)","Grangegorman Lower (North)",53.356,-6.27838,0,0,OPEN,"2025-02-22 12:25:32",1,0,{},1,35,0,1,0,1,36,1,35,0,1,0,1,36
105,dublin,"GRANGEGORMAN LOWER (NORTH)","Grangegorman Lower (North)",53.356,-6.27838,0,0,OPEN,"2025-02-22 12:35:38",1,0,{},1,35,0,1,0,1,36,1,35,0,1,0,1,36
105,dublin,"GRANGEGORMAN LOWER (NORTH)","Grangegorman Lower (North)",53.356,-6.27838,0,0,OPEN,"2025-02-22 12:45:43",1,0,{},1,35,0,1,0,1,36,1,35,0,1,0,1,36
105,dublin,"GRANGEGORMAN LOWER (NORTH)","Grangegorman Lower (North)",53.356,-6.27838,0,0,OPEN,"2025-02-22 12:55:49",1,0,{},1,35,0,1,0,1,36,1,35,0,1,0,1,36
105,dublin,"GRANGEGORMAN LOWER (NORTH)","Grangegorman Lower (North)",53.356,-6.27838,0,0,OPEN,"2025-02-22 13:05:54",1,0,{},1,35,0,1,0,1,36,1,35,0,1,0,1,36
105,dublin,"GRANGEGORMAN LOWER (NORTH)","Grangegorman Lower (North)",53.356,-6.27838,0,0,OPEN,"2025-02-22 13:16:00",1,0,{},1,35,0,1,0,1,36,1,35,0,1,0,1,36
105,dublin,"GRANGEGORMAN LOWER (NORTH)","Grangegorman Lower (North)",53.356,-6.27838,0,0,OPEN,"2025-02-22 13:26:05",1,0,{},1,35,0,1,0,1,36,1,35,0,1,0,1,36
105,dublin,"GRANGEGORMAN LOWER (NORTH)","Grangegorman Lower (North)",53.356,-6.27838,0,0,OPEN,"2025-02-22 13:36:11",1,0,{},1,35,0,1,0,1,36,1,35,0,1,0,1,36
105,dublin,"GRANGEGORMAN LOWER (NORTH)","Grangegorman Lower (North)",53.356,-6.27838,0,0,OPEN,"2025-02-22 13:46:16",1,0,{},1,35,0,1,0,1,36,1,35,0,1,0,1,36
105,dublin,"GRANGEGORMAN LOWER (NORTH)","Grangegorman Lower (North)",53.356,-6.27838,0,0,OPEN,"2025-02-22 13:56:21",1,0,{},1,35,0,1,0,1,36,1,35,0,1,0,1,36
105,dublin,"GRANGEGORMAN LOWER (NORTH)","Grangegorman Lower (North)",53.356,-6.27838,0,0,OPEN,"2025-02-22 14:02:21",1,0,{},2,34,1,1,0,1,36,2,34,1,1,0,1,36
105,dublin,"GRANGEGORMAN LOWER (NORTH)","Grangegorman Lower (North)",53.356,-6.27838,0,0,OPEN,"2025-02-22 14:06:27",1,0,{},2,34,1,1,0,1,36,2,34,1,1,0,1,36
105,dublin,"GRANGEGORMAN LOWER (NORTH)","Grangegorman Lower (North)",53.356,-6.27838,0,0,OPEN,"2025-02-22 14:16:33",1,0,{},2,34,1,1,0,1,36,2,34,1,1,0,1,36
105,dublin,"GRANGEGORMAN LOWER (NORTH)","Grangegorman Lower (North)",53.356,-6.27838,0,0,OPEN,"2025-02-22 14:26:39",1,0,{},2,34,1,1,0,1,36,2,34,1,1,0,1,36
105,dublin,"GRANGEGORMAN LOWER (NORTH)","Grangegorman Lower (North)",53.356,-6.27838,0,0,OPEN,"2025-02-22 14:29:04",1,0,{},1,35,1,0,0,0,36,1,35,1,0,0,0,36
105,dublin,"GRANGEGORMAN LOWER (NORTH)","Grangegorman Lower (North)",53.356,-6.27838,0,0,OPEN,"2025-02-22 14:36:46",1,0,{},1,35,1,0,0,0,36,1,35,1,0,0,0,36
105,dublin,"GRANGEGORMAN LOWER (NORTH)","Grangegorman Lower (North)",53.356,-6.27838,0,0,OPEN,"2025-02-22 14:43:24",1,0,{},1,35,1,0,0,0,36,1,35,1,0,0,0,36
105,dublin,"GRANGEGORMAN LOWER (NORTH)","Grangegorman Lower (North)",53.356,-6.27838,0,0,OPEN,"2025-02-22 14:46:54",1,0,{},0,36,0,0,0,0,36,0,36,0,0,0,0,36
105,dublin,"GRANGEGORMAN LOWER (NORTH)","Grangegorman Lower (North)",53.356,-6.27838,0,0,OPEN,"2025-02-22 14:57:00",1,0,{},0,36,0,0,0,0,36,0,36,0,0,0,0,36
105,dublin,"GRANGEGORMAN LOWER (NORTH)","Grangegorman Lower (North)",53.356,-6.27838,0,0,OPEN,"2025-02-22 15:07:06",1,0,{},0,36,0,0,0,0,36,0,36,0,0,0,0,36
105,dublin,"GRANGEGORMAN LOWER (NORTH)","Grangegorman Lower (North)",53.356,-6.27838,0,0,OPEN,"2025-02-22 15:17:12",1,0,{},0,36,0,0,0,0,36,0,36,0,0,0,0,36
105,dublin,"GRANGEGORMAN LOWER (NORTH)","Grangegorman Lower (North)",53.356,-6.27838,0,0,OPEN,"2025-02-22 15:27:17",1,0,{},0,36,0,0,0,0,36,0,36,0,0,0,0,36
105,dublin,"GRANGEGORMAN LOWER (NORTH)","Grangegorman Lower (North)",53.356,-6.27838,0,0,OPEN,"2025-02-22 15:37:23",1,0,{},0,36,0,0,0,0,36,0,36,0,0,0,0,36
105,dublin,"GRANGEGORMAN LOWER (NORTH)","Grangegorman Lower (North)",53.356,-6.27838,0,0,OPEN,"2025-02-22 15:47:29",1,0,{},0,36,0,0,0,0,36,0,36,0,0,0,0,36
105,dublin,"GRANGEGORMAN LOWER (NORTH)","Grangegorman Lower (North)",53.356,-6.27838,0,0,OPEN,"2025-02-22 15:57:34",1,0,{},0,36,0,0,0,0,36,0,36,0,0,0,0,36
105,dublin,"GRANGEGORMAN LOWER (NORTH)","Grangegorman Lower (North)",53.356,-6.27838,0,0,OPEN,"2025-02-22 16:07:38",1,0,{},1,35,0,1,0,1,36,1,35,0,1,0,1,36
105,dublin,"GRANGEGORMAN LOWER (NORTH)","Grangegorman Lower (North)",53.356,-6.27838,0,0,OPEN,"2025-02-22 16:17:44",1,0,{},0,36,0,0,0,0,36,0,36,0,0,0,0,36
105,dublin,"GRANGEGORMAN LOWER (NORTH)","Grangegorman Lower (North)",53.356,-6.27838,0,0,OPEN,"2025-02-22 16:27:49",1,0,{},0,36,0,0,0,0,36,0,36,0,0,0,0,36
105,dublin,"GRANGEGORMAN LOWER (NORTH)","Grangegorman Lower (North)",53.356,-6.27838,0,0,OPEN,"2025-02-22 16:37:55",1,0,{},0,36,0,0,0,0,36,0,36,0,0,0,0,36
105,dublin,"GRANGEGORMAN LOWER (NORTH)","Grangegorman Lower (North)",53.356,-6.27838,0,0,OPEN,"2025-02-22 16:48:00",1,0,{},0,36,0,0,0,0,36,0,36,0,0,0,0,36
105,dublin,"GRANGEGORMAN LOWER (NORTH)","Grangegorman Lower (North)",53.356,-6.27838,0,0,OPEN,"2025-02-22 16:49:47",1,0,{},1,35,0,1,0,1,36,1,35,0,1,0,1,36
105,dublin,"GRANGEGORMAN LOWER (NORTH)","Grangegorman Lower (North)",53.356,-6.27838,0,0,OPEN,"2025-02-22 16:58:05",1,0,{},1,35,0,1,0,1,36,1,35,0,1,0,1,36
105,dublin,"GRANGEGORMAN LOWER (NORTH)","Grangegorman Lower (North)",53.356,-6.27838,0,0,OPEN,"2025-02-22 17:08:10",1,0,{},1,35,0,1,0,1,36,1,35,0,1,0,1,36
105,dublin,"GRANGEGORMAN LOWER (NORTH)","Grangegorman Lower (North)",53.356,-6.27838,0,0,OPEN,"2025-02-22 17:18:16",1,0,{},1,35,0,1,0,1,36,1,35,0,1,0,1,36
105,dublin,"GRANGEGORMAN LOWER (NORTH)","Grangegorman Lower (North)",53.356,-6.27838,0,0,OPEN,"2025-02-22 17:28:21",1,0,{},2,34,1,1,0,1,36,2,34,1,1,0,1,36
105,dublin,"GRANGEGORMAN LOWER (NORTH)","Grangegorman Lower (North)",53.356,-6.27838,0,0,OPEN,"2025-02-22 17:38:27",1,0,{},2,34,1,1,0,1,36,2,34,1,1,0,1,36
105,dublin,"GRANGEGORMAN LOWER (NORTH)","Grangegorman Lower (North)",53.356,-6.27838,0,0,OPEN,"2025-02-22 17:48:32",1,0,{},2,34,1,1,0,1,36,2,34,1,1,0,1,36
105,dublin,"GRANGEGORMAN LOWER (NORTH)","Grangegorman Lower (North)",53.356,-6.27838,0,0,OPEN,"2025-02-22 17:58:37",1,0,{},2,34,1,1,0,1,36,2,34,1,1,0,1,36
105,dublin,"GRANGEGORMAN LOWER (NORTH)","Grangegorman Lower (North)",53.356,-6.27838,0,0,OPEN,"2025-02-22 18:08:43",1,0,{},2,34,1,1,0,1,36,2,34,1,1,0,1,36
105,dublin,"GRANGEGORMAN LOWER (NORTH)","Grangegorman Lower (North)",53.356,-6.27838,0,0,OPEN,"2025-02-22 18:18:48",1,0,{},2,34,1,1,0,1,36,2,34,1,1,0,1,36
105,dublin,"GRANGEGORMAN LOWER (NORTH)","Grangegorman Lower (North)",53.356,-6.27838,0,0,OPEN,"2025-02-22 18:28:53",1,0,{},2,34,1,1,0,1,36,2,34,1,1,0,1,36
105,dublin,"GRANGEGORMAN LOWER (NORTH)","Grangegorman Lower (North)",53.356,-6.27838,0,0,OPEN,"2025-02-22 18:38:58",1,0,{},2,34,1,1,0,1,36,2,34,1,1,0,1,36
105,dublin,"GRANGEGORMAN LOWER (NORTH)","Grangegorman Lower (North)",53.356,-6.27838,0,0,OPEN,"2025-02-22 18:49:03",1,0,{},2,34,1,1,0,1,36,2,34,1,1,0,1,36
105,dublin,"GRANGEGORMAN LOWER (NORTH)","Grangegorman Lower (North)",53.356,-6.27838,0,0,OPEN,"2025-02-22 18:59:09",1,0,{},2,34,1,1,0,1,36,2,34,1,1,0,1,36
105,dublin,"GRANGEGORMAN LOWER (NORTH)","Grangegorman Lower (North)",53.356,-6.27838,0,0,OPEN,"2025-02-22 19:09:14",1,0,{},2,34,1,1,0,1,36,2,34,1,1,0,1,36
105,dublin,"GRANGEGORMAN LOWER (NORTH)","Grangegorman Lower (North)",53.356,-6.27838,0,0,OPEN,"2025-02-22 19:19:20",1,0,{},2,34,1,1,0,1,36,2,34,1,1,0,1,36
105,dublin,"GRANGEGORMAN LOWER (NORTH)","Grangegorman Lower (North)",53.356,-6.27838,0,0,OPEN,"2025-02-22 19:20:37",1,0,{},3,33,2,1,0,1,36,3,33,2,1,0,1,36
105,dublin,"GRANGEGORMAN LOWER (NORTH)","Grangegorman Lower (North)",53.356,-6.27838,0,0,OPEN,"2025-02-22 19:29:26",1,0,{},3,33,2,1,0,1,36,3,33,2,1,0,1,36
105,dublin,"GRANGEGORMAN LOWER (NORTH)","Grangegorman Lower (North)",53.356,-6.27838,0,0,OPEN,"2025-02-22 19:39:31",1,0,{},3,33,2,1,0,1,36,3,33,2,1,0,1,36
105,dublin,"GRANGEGORMAN LOWER (NORTH)","Grangegorman Lower (North)",53.356,-6.27838,0,0,OPEN,"2025-02-22 19:53:55",1,0,{},2,34,1,1,0,1,36,2,34,1,1,0,1,36
105,dublin,"GRANGEGORMAN LOWER (NORTH)","Grangegorman Lower (North)",53.356,-6.27838,0,0,OPEN,"2025-02-22 19:59:44",1,0,{},2,34,1,1,0,1,36,2,34,1,1,0,1,36
105,dublin,"GRANGEGORMAN LOWER (NORTH)","Grangegorman Lower (North)",53.356,-6.27838,0,0,OPEN,"2025-02-22 20:09:50",1,0,{},2,34,1,1,0,1,36,2,34,1,1,0,1,36
105,dublin,"GRANGEGORMAN LOWER (NORTH)","Grangegorman Lower (North)",53.356,-6.27838,0,0,OPEN,"2025-02-22 20:19:55",1,0,{},2,34,1,1,0,1,36,2,34,1,1,0,1,36
105,dublin,"GRANGEGORMAN LOWER (NORTH)","Grangegorman Lower (North)",53.356,-6.27838,0,0,OPEN,"2025-02-22 20:30:00",1,0,{},2,34,1,1,0,1,36,2,34,1,1,0,1,36
105,dublin,"GRANGEGORMAN LOWER (NORTH)","Grangegorman Lower (North)",53.356,-6.27838,0,0,OPEN,"2025-02-22 20:40:05",1,0,{},2,34,1,1,0,1,36,2,34,1,1,0,1,36
105,dublin,"GRANGEGORMAN LOWER (NORTH)","Grangegorman Lower (North)",53.356,-6.27838,0,0,OPEN,"2025-02-22 20:50:10",1,0,{},2,34,1,1,0,1,36,2,34,1,1,0,1,36
105,dublin,"GRANGEGORMAN LOWER (NORTH)","Grangegorman Lower (North)",53.356,-6.27838,0,0,OPEN,"2025-02-22 21:00:15",1,0,{},2,34,1,1,0,1,36,2,34,1,1,0,1,36
105,dublin,"GRANGEGORMAN LOWER (NORTH)","Grangegorman Lower (North)",53.356,-6.27838,0,0,OPEN,"2025-02-22 21:10:20",1,0,{},2,34,1,1,0,1,36,2,34,1,1,0,1,36
105,dublin,"GRANGEGORMAN LOWER (NORTH)","Grangegorman Lower (North)",53.356,-6.27838,0,0,OPEN,"2025-02-22 21:20:26",1,0,{},2,34,1,1,0,1,36,2,34,1,1,0,1,36
105,dublin,"GRANGEGORMAN LOWER (NORTH)","Grangegorman Lower (North)",53.356,-6.27838,0,0,OPEN,"2025-02-22 21:30:31",1,0,{},2,34,1,1,0,1,36,2,34,1,1,0,1,36
105,dublin,"GRANGEGORMAN LOWER (NORTH)","Grangegorman Lower (North)",53.356,-6.27838,0,0,OPEN,"2025-02-22 21:40:36",1,0,{},2,34,1,1,0,1,36,2,34,1,1,0,1,36
105,dublin,"GRANGEGORMAN LOWER (NORTH)","Grangegorman Lower (North)",53.356,-6.27838,0,0,OPEN,"2025-02-22 21:50:41",1,0,{},2,34,1,1,0,1,36,2,34,1,1,0,1,36
105,dublin,"GRANGEGORMAN LOWER (NORTH)","Grangegorman Lower (North)",53.356,-6.27838,0,0,OPEN,"2025-02-22 22:00:47",1,0,{},2,34,1,1,0,1,36,2,34,1,1,0,1,36
105,dublin,"GRANGEGORMAN LOWER (NORTH)","Grangegorman Lower (North)",53.356,-6.27838,0,0,OPEN,"2025-02-22 22:10:52",1,0,{},2,34,1,1,0,1,36,2,34,1,1,0,1,36
106,dublin,"RATHDOWN ROAD","Rathdown Road",53.3589,-6.28034,0,0,OPEN,"2025-02-22 02:59:14",1,0,{},4,36,2,2,0,2,40,4,36,2,2,0,2,40
106,dublin,"RATHDOWN ROAD","Rathdown Road",53.3589,-6.28034,0,0,OPEN,"2025-02-22 03:09:20",1,0,{},4,36,2,2,0,2,40,4,36,2,2,0,2,40
106,dublin,"RATHDOWN ROAD","Rathdown Road",53.3589,-6.28034,0,0,OPEN,"2025-02-22 03:15:24",1,0,{},4,36,2,2,0,2,40,4,36,2,2,0,2,40
106,dublin,"RATHDOWN ROAD","Rathdown Road",53.3589,-6.28034,0,0,OPEN,"2025-02-22 03:16:28",1,0,{},4,36,2,2,0,2,40,4,36,2,2,0,2,40
106,dublin,"RATHDOWN ROAD","Rathdown Road",53.3589,-6.28034,0,0,OPEN,"2025-02-22 10:09:44",1,0,{},0,40,0,0,0,0,40,0,40,0,0,0,0,40
106,dublin,"RATHDOWN ROAD","Rathdown Road",53.3589,-6.28034,0,0,OPEN,"2025-02-22 10:19:49",1,0,{},0,40,0,0,0,0,40,0,40,0,0,0,0,40
106,dublin,"RATHDOWN ROAD","Rathdown Road",53.3589,-6.28034,0,0,OPEN,"2025-02-22 10:29:54",1,0,{},0,40,0,0,0,0,40,0,40,0,0,0,0,40
106,dublin,"RATHDOWN ROAD","Rathdown Road",53.3589,-6.28034,0,0,OPEN,"2025-02-22 10:40:00",1,0,{},0,40,0,0,0,0,40,0,40,0,0,0,0,40
106,dublin,"RATHDOWN ROAD","Rathdown Road",53.3589,-6.28034,0,0,OPEN,"2025-02-22 10:51:58",1,0,{},1,39,1,0,0,0,40,1,39,1,0,0,0,40
106,dublin,"RATHDOWN ROAD","Rathdown Road",53.3589,-6.28034,0,0,OPEN,"2025-02-22 11:00:10",1,0,{},1,39,1,0,0,0,40,1,39,1,0,0,0,40
106,dublin,"RATHDOWN ROAD","Rathdown Road",53.3589,-6.28034,0,0,OPEN,"2025-02-22 11:05:57",1,0,{},2,38,1,1,0,1,40,2,38,1,1,0,1,40
106,dublin,"RATHDOWN ROAD","Rathdown Road",53.3589,-6.28034,0,0,OPEN,"2025-02-22 11:10:17",1,0,{},2,38,1,1,0,1,40,2,38,1,1,0,1,40
106,dublin,"RATHDOWN ROAD","Rathdown Road",53.3589,-6.28034,0,0,OPEN,"2025-02-22 11:20:23",1,0,{},2,38,1,1,0,1,40,2,38,1,1,0,1,40
106,dublin,"RATHDOWN ROAD","Rathdown Road",53.3589,-6.28034,0,0,OPEN,"2025-02-22 11:30:28",1,0,{},2,38,1,1,0,1,40,2,38,1,1,0,1,40
106,dublin,"RATHDOWN ROAD","Rathdown Road",53.3589,-6.28034,0,0,OPEN,"2025-02-22 11:40:33",1,0,{},2,38,1,1,0,1,40,2,38,1,1,0,1,40
106,dublin,"RATHDOWN ROAD","Rathdown Road",53.3589,-6.28034,0,0,OPEN,"2025-02-22 11:50:39",1,0,{},2,38,1,1,0,1,40,2,38,1,1,0,1,40
106,dublin,"RATHDOWN ROAD","Rathdown Road",53.3589,-6.28034,0,0,OPEN,"2025-02-22 11:55:14",1,0,{},3,37,1,2,0,2,40,3,37,1,2,0,2,40
106,dublin,"RATHDOWN ROAD","Rathdown Road",53.3589,-6.28034,0,0,OPEN,"2025-02-22 12:00:44",1,0,{},3,37,1,2,0,2,40,3,37,1,2,0,2,40
106,dublin,"RATHDOWN ROAD","Rathdown Road",53.3589,-6.28034,0,0,OPEN,"2025-02-22 12:13:16",1,0,{},2,38,0,2,0,2,40,2,38,0,2,0,2,40
106,dublin,"RATHDOWN ROAD","Rathdown Road",53.3589,-6.28034,0,0,OPEN,"2025-02-22 12:22:05",1,0,{},2,38,0,2,0,2,40,2,38,0,2,0,2,40
106,dublin,"RATHDOWN ROAD","Rathdown Road",53.3589,-6.28034,0,0,OPEN,"2025-02-22 12:31:03",1,0,{},2,38,0,2,0,2,40,2,38,0,2,0,2,40
106,dublin,"RATHDOWN ROAD","Rathdown Road",53.3589,-6.28034,0,0,OPEN,"2025-02-22 12:37:56",1,0,{},1,39,0,1,0,1,40,1,39,0,1,0,1,40
106,dublin,"RATHDOWN ROAD","Rathdown Road",53.3589,-6.28034,0,0,OPEN,"2025-02-22 12:41:10",1,0,{},1,39,0,1,0,1,40,1,39,0,1,0,1,40
106,dublin,"RATHDOWN ROAD","Rathdown Road",53.3589,-6.28034,0,0,OPEN,"2025-02-22 12:51:15",1,0,{},1,39,0,1,0,1,40,1,39,0,1,0,1,40
106,dublin,"RATHDOWN ROAD","Rathdown Road",53.3589,-6.28034,0,0,OPEN,"2025-02-22 13:01:20",1,0,{},1,39,0,1,0,1,40,1,39,0,1,0,1,40
106,dublin,"RATHDOWN ROAD","Rathdown Road",53.3589,-6.28034,0,0,OPEN,"2025-02-22 13:05:18",1,0,{},0,40,0,0,0,0,40,0,40,0,0,0,0,40
106,dublin,"RATHDOWN ROAD","Rathdown Road",53.3589,-6.28034,0,0,OPEN,"2025-02-22 13:11:27",1,0,{},0,40,0,0,0,0,40,0,40,0,0,0,0,40
106,dublin,"RATHDOWN ROAD","Rathdown Road",53.3589,-6.28034,0,0,OPEN,"2025-02-22 13:21:32",1,0,{},0,40,0,0,0,0,40,0,40,0,0,0,0,40
106,dublin,"RATHDOWN ROAD","Rathdown Road",53.3589,-6.28034,0,0,OPEN,"2025-02-22 13:25:41",1,0,{},1,39,1,0,0,0,40,1,39,1,0,0,0,40
106,dublin,"RATHDOWN ROAD","Rathdown Road",53.3589,-6.28034,0,0,OPEN,"2025-02-22 13:31:38",1,0,{},1,39,1,0,0,0,40,1,39,1,0,0,0,40
106,dublin,"RATHDOWN ROAD","Rathdown Road",53.3589,-6.28034,0,0,OPEN,"2025-02-22 13:41:43",1,0,{},1,39,1,0,0,0,40,1,39,1,0,0,0,40
106,dublin,"RATHDOWN ROAD","Rathdown Road",53.3589,-6.28034,0,0,OPEN,"2025-02-22 13:51:48",1,0,{},1,39,1,0,0,0,40,1,39,1,0,0,0,40
106,dublin,"RATHDOWN ROAD","Rathdown Road",53.3589,-6.28034,0,0,OPEN,"2025-02-22 13:56:34",1,0,{},0,40,0,0,0,0,40,0,40,0,0,0,0,40
106,dublin,"RATHDOWN ROAD","Rathdown Road",53.3589,-6.28034,0,0,OPEN,"2025-02-22 14:01:53",1,0,{},0,40,0,0,0,0,40,0,40,0,0,0,0,40
106,dublin,"RATHDOWN ROAD","Rathdown Road",53.3589,-6.28034,0,0,OPEN,"2025-02-22 14:11:58",1,0,{},0,40,0,0,0,0,40,0,40,0,0,0,0,40
106,dublin,"RATHDOWN ROAD","Rathdown Road",53.3589,-6.28034,0,0,OPEN,"2025-02-22 14:22:04",1,0,{},0,40,0,0,0,0,40,0,40,0,0,0,0,40
106,dublin,"RATHDOWN ROAD","Rathdown Road",53.3589,-6.28034,0,0,OPEN,"2025-02-22 14:32:09",1,0,{},0,40,0,0,0,0,40,0,40,0,0,0,0,40
106,dublin,"RATHDOWN ROAD","Rathdown Road",53.3589,-6.28034,0,0,OPEN,"2025-02-22 14:42:14",1,0,{},0,40,0,0,0,0,40,0,40,0,0,0,0,40
106,dublin,"RATHDOWN ROAD","Rathdown Road",53.3589,-6.28034,0,0,OPEN,"2025-02-22 14:52:19",1,0,{},0,40,0,0,0,0,40,0,40,0,0,0,0,40
106,dublin,"RATHDOWN ROAD","Rathdown Road",53.3589,-6.28034,0,0,OPEN,"2025-02-22 15:02:25",1,0,{},0,40,0,0,0,0,40,0,40,0,0,0,0,40
106,dublin,"RATHDOWN ROAD","Rathdown Road",53.3589,-6.28034,0,0,OPEN,"2025-02-22 15:12:30",1,0,{},0,40,0,0,0,0,40,0,40,0,0,0,0,40
106,dublin,"RATHDOWN ROAD","Rathdown Road",53.3589,-6.28034,0,0,OPEN,"2025-02-22 15:22:35",1,0,{},0,40,0,0,0,0,40,0,40,0,0,0,0,40
106,dublin,"RATHDOWN ROAD","Rathdown Road",53.3589,-6.28034,0,0,OPEN,"2025-02-22 15:32:41",1,0,{},0,40,0,0,0,0,40,0,40,0,0,0,0,40
106,dublin,"RATHDOWN ROAD","Rathdown Road",53.3589,-6.28034,0,0,OPEN,"2025-02-22 15:42:46",1,0,{},0,40,0,0,0,0,40,0,40,0,0,0,0,40
106,dublin,"RATHDOWN ROAD","Rathdown Road",53.3589,-6.28034,0,0,OPEN,"2025-02-22 15:52:51",1,0,{},0,40,0,0,0,0,40,0,40,0,0,0,0,40
106,dublin,"RATHDOWN ROAD","Rathdown Road",53.3589,-6.28034,0,0,OPEN,"2025-02-22 16:02:57",1,0,{},0,40,0,0,0,0,40,0,40,0,0,0,0,40
106,dublin,"RATHDOWN ROAD","Rathdown Road",53.3589,-6.28034,0,0,OPEN,"2025-02-22 16:13:02",1,0,{},0,40,0,0,0,0,40,0,40,0,0,0,0,40
106,dublin,"RATHDOWN ROAD","Rathdown Road",53.3589,-6.28034,0,0,OPEN,"2025-02-22 16:23:08",1,0,{},0,40,0,0,0,0,40,0,40,0,0,0,0,40
106,dublin,"RATHDOWN ROAD","Rathdown Road",53.3589,-6.28034,0,0,OPEN,"2025-02-22 16:33:13",1,0,{},0,40,0,0,0,0,40,0,40,0,0,0,0,40
106,dublin,"RATHDOWN ROAD","Rathdown Road",53.3589,-6.28034,0,0,OPEN,"2025-02-22 16:43:19",1,0,{},0,40,0,0,0,0,40,0,40,0,0,0,0,40
106,dublin,"RATHDOWN ROAD","Rathdown Road",53.3589,-6.28034,0,0,OPEN,"2025-02-22 16:53:24",1,0,{},0,40,0,0,0,0,40,0,40,0,0,0,0,40
106,dublin,"RATHDOWN ROAD","Rathdown Road",53.3589,-6.28034,0,0,OPEN,"2025-02-22 17:03:29",1,0,{},0,40,0,0,0,0,40,0,40,0,0,0,0,40
106,dublin,"RATHDOWN ROAD","Rathdown Road",53.3589,-6.28034,0,0,OPEN,"2025-02-22 17:13:34",1,0,{},0,40,0,0,0,0,40,0,40,0,0,0,0,40
106,dublin,"RATHDOWN ROAD","Rathdown Road",53.3589,-6.28034,0,0,OPEN,"2025-02-22 17:23:40",1,0,{},0,40,0,0,0,0,40,0,40,0,0,0,0,40
106,dublin,"RATHDOWN ROAD","Rathdown Road",53.3589,-6.28034,0,0,OPEN,"2025-02-22 17:33:45",1,0,{},0,40,0,0,0,0,40,0,40,0,0,0,0,40
106,dublin,"RATHDOWN ROAD","Rathdown Road",53.3589,-6.28034,0,0,OPEN,"2025-02-22 17:43:50",1,0,{},0,40,0,0,0,0,40,0,40,0,0,0,0,40
106,dublin,"RATHDOWN ROAD","Rathdown Road",53.3589,-6.28034,0,0,OPEN,"2025-02-22 17:53:55",1,0,{},0,40,0,0,0,0,40,0,40,0,0,0,0,40
106,dublin,"RATHDOWN ROAD","Rathdown Road",53.3589,-6.28034,0,0,OPEN,"2025-02-22 18:04:01",1,0,{},0,40,0,0,0,0,40,0,40,0,0,0,0,40
106,dublin,"RATHDOWN ROAD","Rathdown Road",53.3589,-6.28034,0,0,OPEN,"2025-02-22 18:14:06",1,0,{},0,40,0,0,0,0,40,0,40,0,0,0,0,40
106,dublin,"RATHDOWN ROAD","Rathdown Road",53.3589,-6.28034,0,0,OPEN,"2025-02-22 18:24:11",1,0,{},0,40,0,0,0,0,40,0,40,0,0,0,0,40
106,dublin,"RATHDOWN ROAD","Rathdown Road",53.3589,-6.28034,0,0,OPEN,"2025-02-22 18:34:17",1,0,{},0,40,0,0,0,0,40,0,40,0,0,0,0,40
106,dublin,"RATHDOWN ROAD","Rathdown Road",53.3589,-6.28034,0,0,OPEN,"2025-02-22 18:44:22",1,0,{},0,40,0,0,0,0,40,0,40,0,0,0,0,40
106,dublin,"RATHDOWN ROAD","Rathdown Road",53.3589,-6.28034,0,0,OPEN,"2025-02-22 18:54:27",1,0,{},0,40,0,0,0,0,40,0,40,0,0,0,0,40
106,dublin,"RATHDOWN ROAD","Rathdown Road",53.3589,-6.28034,0,0,OPEN,"2025-02-22 19:04:32",1,0,{},0,40,0,0,0,0,40,0,40,0,0,0,0,40
106,dublin,"RATHDOWN ROAD","Rathdown Road",53.3589,-6.28034,0,0,OPEN,"2025-02-22 19:14:37",1,0,{},0,40,0,0,0,0,40,0,40,0,0,0,0,40
106,dublin,"RATHDOWN ROAD","Rathdown Road",53.3589,-6.28034,0,0,OPEN,"2025-02-22 19:24:42",1,0,{},0,40,0,0,0,0,40,0,40,0,0,0,0,40
106,dublin,"RATHDOWN ROAD","Rathdown Road",53.3589,-6.28034,0,0,OPEN,"2025-02-22 19:34:48",1,0,{},0,40,0,0,0,0,40,0,40,0,0,0,0,40
106,dublin,"RATHDOWN ROAD","Rathdown Road",53.3589,-6.28034,0,0,OPEN,"2025-02-22 19:44:53",1,0,{},0,40,0,0,0,0,40,0,40,0,0,0,0,40
106,dublin,"RATHDOWN ROAD","Rathdown Road",53.3589,-6.28034,0,0,OPEN,"2025-02-22 19:54:59",1,0,{},0,40,0,0,0,0,40,0,40,0,0,0,0,40
106,dublin,"RATHDOWN ROAD","Rathdown Road",53.3589,-6.28034,0,0,OPEN,"2025-02-22 20:05:04",1,0,{},0,40,0,0,0,0,40,0,40,0,0,0,0,40
106,dublin,"RATHDOWN ROAD","Rathdown Road",53.3589,-6.28034,0,0,OPEN,"2025-02-22 20:15:10",1,0,{},0,40,0,0,0,0,40,0,40,0,0,0,0,40
106,dublin,"RATHDOWN ROAD","Rathdown Road",53.3589,-6.28034,0,0,OPEN,"2025-02-22 20:25:15",1,0,{},0,40,0,0,0,0,40,0,40,0,0,0,0,40
106,dublin,"RATHDOWN ROAD","Rathdown Road",53.3589,-6.28034,0,0,OPEN,"2025-02-22 20:35:20",1,0,{},0,40,0,0,0,0,40,0,40,0,0,0,0,40
106,dublin,"RATHDOWN ROAD","Rathdown Road",53.3589,-6.28034,0,0,OPEN,"2025-02-22 20:45:25",1,0,{},0,40,0,0,0,0,40,0,40,0,0,0,0,40
106,dublin,"RATHDOWN ROAD","Rathdown Road",53.3589,-6.28034,0,0,OPEN,"2025-02-22 20:52:12",1,0,{},1,39,1,0,0,0,40,1,39,1,0,0,0,40
106,dublin,"RATHDOWN ROAD","Rathdown Road",53.3589,-6.28034,0,0,OPEN,"2025-02-22 20:55:31",1,0,{},1,39,1,0,0,0,40,1,39,1,0,0,0,40
106,dublin,"RATHDOWN ROAD","Rathdown Road",53.3589,-6.28034,0,0,OPEN,"2025-02-22 21:05:36",1,0,{},1,39,1,0,0,0,40,1,39,1,0,0,0,40
106,dublin,"RATHDOWN ROAD","Rathdown Road",53.3589,-6.28034,0,0,OPEN,"2025-02-22 21:15:41",1,0,{},1,39,1,0,0,0,40,1,39,1,0,0,0,40
106,dublin,"RATHDOWN ROAD","Rathdown Road",53.3589,-6.28034,0,0,OPEN,"2025-02-22 21:25:46",1,0,{},1,39,1,0,0,0,40,1,39,1,0,0,0,40
106,dublin,"RATHDOWN ROAD","Rathdown Road",53.3589,-6.28034,0,0,OPEN,"2025-02-22 21:35:51",1,0,{},1,39,1,0,0,0,40,1,39,1,0,0,0,40
106,dublin,"RATHDOWN ROAD","Rathdown Road",53.3589,-6.28034,0,0,OPEN,"2025-02-22 21:45:57",1,0,{},1,39,1,0,0,0,40,1,39,1,0,0,0,40
106,dublin,"RATHDOWN ROAD","Rathdown Road",53.3589,-6.28034,0,0,OPEN,"2025-02-22 21:56:02",1,0,{},1,39,1,0,0,0,40,1,39,1,0,0,0,40
106,dublin,"RATHDOWN ROAD","Rathdown Road",53.3589,-6.28034,0,0,OPEN,"2025-02-22 22:00:55",1,0,{},0,40,0,0,0,0,40,0,40,0,0,0,0,40
106,dublin,"RATHDOWN ROAD","Rathdown Road",53.3589,-6.28034,0,0,OPEN,"2025-02-22 22:06:08",1,0,{},0,40,0,0,0,0,40,0,40,0,0,0,0,40
106,dublin,"RATHDOWN ROAD","Rathdown Road",53.3589,-6.28034,0,0,OPEN,"2025-02-22 22:16:14",1,0,{},0,40,0,0,0,0,40,0,40,0,0,0,0,40
107,dublin,"CHARLEVILLE ROAD","Charleville Road",53.3592,-6.28187,0,0,OPEN,"2025-02-22 03:00:00",1,0,{},26,14,10,16,0,16,40,26,14,10,16,0,16,40
107,dublin,"CHARLEVILLE ROAD","Charleville Road",53.3592,-6.28187,0,0,OPEN,"2025-02-22 03:10:05",1,0,{},26,14,10,16,0,16,40,26,14,10,16,0,16,40
107,dublin,"CHARLEVILLE ROAD","Charleville Road",53.3592,-6.28187,0,0,OPEN,"2025-02-22 10:11:56",1,0,{},20,20,7,13,0,13,40,20,20,7,13,0,13,40
107,dublin,"CHARLEVILLE ROAD","Charleville Road",53.3592,-6.28187,0,0,OPEN,"2025-02-22 10:14:12",1,0,{},21,19,8,13,0,13,40,21,19,8,13,0,13,40
107,dublin,"CHARLEVILLE ROAD","Charleville Road",53.3592,-6.28187,0,0,OPEN,"2025-02-22 10:22:03",1,0,{},21,19,8,13,0,13,40,21,19,8,13,0,13,40
107,dublin,"CHARLEVILLE ROAD","Charleville Road",53.3592,-6.28187,0,0,OPEN,"2025-02-22 10:26:51",1,0,{},19,21,6,13,0,13,40,19,21,6,13,0,13,40
107,dublin,"CHARLEVILLE ROAD","Charleville Road",53.3592,-6.28187,0,0,OPEN,"2025-02-22 10:32:10",1,0,{},19,21,6,13,0,13,40,19,21,6,13,0,13,40
107,dublin,"CHARLEVILLE ROAD","Charleville Road",53.3592,-6.28187,0,0,OPEN,"2025-02-22 10:42:33",1,0,{},19,21,5,14,0,14,40,19,21,5,14,0,14,40
107,dublin,"CHARLEVILLE ROAD","Charleville Road",53.3592,-6.28187,0,0,OPEN,"2025-02-22 10:52:25",1,0,{},18,22,5,13,0,13,40,18,22,5,13,0,13,40
107,dublin,"CHARLEVILLE ROAD","Charleville Road",53.3592,-6.28187,0,0,OPEN,"2025-02-22 11:02:30",1,0,{},18,22,5,13,0,13,40,18,22,5,13,0,13,40
107,dublin,"CHARLEVILLE ROAD","Charleville Road",53.3592,-6.28187,0,0,OPEN,"2025-02-22 11:12:35",1,0,{},18,22,5,13,0,13,40,18,22,5,13,0,13,40
107,dublin,"CHARLEVILLE ROAD","Charleville Road",53.3592,-6.28187,0,0,OPEN,"2025-02-22 11:18:27",1,0,{},18,22,5,13,0,13,40,18,22,5,13,0,13,40
107,dublin,"CHARLEVILLE ROAD","Charleville Road",53.3592,-6.28187,0,0,OPEN,"2025-02-22 11:22:43",1,0,{},17,23,4,13,0,13,40,17,23,4,13,0,13,40
107,dublin,"CHARLEVILLE ROAD","Charleville Road",53.3592,-6.28187,0,0,OPEN,"2025-02-22 11:28:20",1,0,{},16,24,3,13,0,13,40,16,24,3,13,0,13,40
107,dublin,"CHARLEVILLE ROAD","Charleville Road",53.3592,-6.28187,0,0,OPEN,"2025-02-22 11:32:51",1,0,{},16,24,3,13,0,13,40,16,24,3,13,0,13,40
107,dublin,"CHARLEVILLE ROAD","Charleville Road",53.3592,-6.28187,0,0,OPEN,"2025-02-22 11:37:22",1,0,{},15,25,2,13,0,13,40,15,25,2,13,0,13,40
107,dublin,"CHARLEVILLE ROAD","Charleville Road",53.3592,-6.28187,0,0,OPEN,"2025-02-22 11:42:58",1,0,{},15,25,2,13,0,13,40,15,25,2,13,0,13,40
107,dublin,"CHARLEVILLE ROAD","Charleville Road",53.3592,-6.28187,0,0,OPEN,"2025-02-22 11:53:03",1,0,{},15,25,2,13,0,13,40,15,25,2,13,0,13,40
107,dublin,"CHARLEVILLE ROAD","Charleville Road",53.3592,-6.28187,0,0,OPEN,"2025-02-22 12:03:09",1,0,{},15,25,2,13,0,13,40,15,25,2,13,0,13,40
107,dublin,"CHARLEVILLE ROAD","Charleville Road",53.3592,-6.28187,0,0,OPEN,"2025-02-22 12:07:13",1,0,{},15,25,2,13,0,13,40,15,25,2,13,0,13,40
107,dublin,"CHARLEVILLE ROAD","Charleville Road",53.3592,-6.28187,0,0,OPEN,"2025-02-22 12:13:14",1,0,{},15,25,2,13,0,13,40,15,25,2,13,0,13,40
107,dublin,"CHARLEVILLE ROAD","Charleville Road",53.3592,-6.28187,0,0,OPEN,"2025-02-22 12:13:49",1,0,{},16,24,3,13,0,13,40,16,24,3,13,0,13,40
107,dublin,"CHARLEVILLE ROAD","Charleville Road",53.3592,-6.28187,0,0,OPEN,"2025-02-22 12:23:22",1,0,{},15,25,2,13,0,13,40,15,25,2,13,0,13,40
107,dublin,"CHARLEVILLE ROAD","Charleville Road",53.3592,-6.28187,0,0,OPEN,"2025-02-22 12:28:23",1,0,{},14,26,1,13,0,13,40,14,26,1,13,0,13,40
107,dublin,"CHARLEVILLE ROAD","Charleville Road",53.3592,-6.28187,0,0,OPEN,"2025-02-22 12:33:29",1,0,{},14,26,1,13,0,13,40,14,26,1,13,0,13,40
107,dublin,"CHARLEVILLE ROAD","Charleville Road",53.3592,-6.28187,0,0,OPEN,"2025-02-22 12:44:34",1,0,{},13,27,1,12,0,12,40,13,27,1,12,0,12,40
107,dublin,"CHARLEVILLE ROAD","Charleville Road",53.3592,-6.28187,0,0,OPEN,"2025-02-22 12:52:27",1,0,{},13,27,1,12,0,12,40,13,27,1,12,0,12,40
107,dublin,"CHARLEVILLE ROAD","Charleville Road",53.3592,-6.28187,0,0,OPEN,"2025-02-22 12:55:46",1,0,{},12,28,0,12,0,12,40,12,28,0,12,0,12,40
107,dublin,"CHARLEVILLE ROAD","Charleville Road",53.3592,-6.28187,0,0,OPEN,"2025-02-22 13:03:48",1,0,{},12,28,0,12,0,12,40,12,28,0,12,0,12,40
107,dublin,"CHARLEVILLE ROAD","Charleville Road",53.3592,-6.28187,0,0,OPEN,"2025-02-22 13:11:25",1,0,{},11,29,0,11,0,11,40,11,29,0,11,0,11,40
107,dublin,"CHARLEVILLE ROAD","Charleville Road",53.3592,-6.28187,0,0,OPEN,"2025-02-22 13:13:56",1,0,{},11,29,0,11,0,11,40,11,29,0,11,0,11,40
107,dublin,"CHARLEVILLE ROAD","Charleville Road",53.3592,-6.28187,0,0,OPEN,"2025-02-22 13:21:05",1,0,{},10,30,0,10,0,10,40,10,30,0,10,0,10,40
107,dublin,"CHARLEVILLE ROAD","Charleville Road",53.3592,-6.28187,0,0,OPEN,"2025-02-22 13:26:25",1,0,{},9,31,0,9,0,9,40,9,31,0,9,0,9,40
107,dublin,"CHARLEVILLE ROAD","Charleville Road",53.3592,-6.28187,0,0,OPEN,"2025-02-22 13:35:12",1,0,{},8,32,0,8,0,8,40,8,32,0,8,0,8,40
107,dublin,"CHARLEVILLE ROAD","Charleville Road",53.3592,-6.28187,0,0,OPEN,"2025-02-22 13:44:19",1,0,{},8,32,0,8,0,8,40,8,32,0,8,0,8,40
107,dublin,"CHARLEVILLE ROAD","Charleville Road",53.3592,-6.28187,0,0,OPEN,"2025-02-22 13:51:14",1,0,{},7,33,0,7,0,7,40,7,33,0,7,0,7,40
107,dublin,"CHARLEVILLE ROAD","Charleville Road",53.3592,-6.28187,0,0,OPEN,"2025-02-22 13:54:26",1,0,{},6,34,0,6,0,6,40,6,34,0,6,0,6,40
107,dublin,"CHARLEVILLE ROAD","Charleville Road",53.3592,-6.28187,0,0,OPEN,"2025-02-22 14:07:15",1,0,{},5,35,0,5,0,5,40,5,35,0,5,0,5,40
107,dublin,"CHARLEVILLE ROAD","Charleville Road",53.3592,-6.28187,0,0,OPEN,"2025-02-22 14:12:38",1,0,{},4,36,0,4,0,4,40,4,36,0,4,0,4,40
107,dublin,"CHARLEVILLE ROAD","Charleville Road",53.3592,-6.28187,0,0,OPEN,"2025-02-22 14:15:31",1,0,{},5,35,0,5,0,5,40,5,35,0,5,0,5,40
107,dublin,"CHARLEVILLE ROAD","Charleville Road",53.3592,-6.28187,0,0,OPEN,"2025-02-22 14:24:44",1,0,{},6,34,1,5,0,5,40,6,34,1,5,0,5,40
107,dublin,"CHARLEVILLE ROAD","Charleville Road",53.3592,-6.28187,0,0,OPEN,"2025-02-22 14:34:49",1,0,{},6,34,1,5,0,5,40,6,34,1,5,0,5,40
107,dublin,"CHARLEVILLE ROAD","Charleville Road",53.3592,-6.28187,0,0,OPEN,"2025-02-22 14:44:54",1,0,{},6,34,1,5,0,5,40,6,34,1,5,0,5,40
107,dublin,"CHARLEVILLE ROAD","Charleville Road",53.3592,-6.28187,0,0,OPEN,"2025-02-22 14:55:00",1,0,{},6,34,1,5,0,5,40,6,34,1,5,0,5,40
107,dublin,"CHARLEVILLE ROAD","Charleville Road",53.3592,-6.28187,0,0,OPEN,"2025-02-22 15:05:05",1,0,{},6,34,1,5,0,5,40,6,34,1,5,0,5,40
107,dublin,"CHARLEVILLE ROAD","Charleville Road",53.3592,-6.28187,0,0,OPEN,"2025-02-22 15:15:10",1,0,{},6,34,1,5,0,5,40,6,34,1,5,0,5,40
107,dublin,"CHARLEVILLE ROAD","Charleville Road",53.3592,-6.28187,0,0,OPEN,"2025-02-22 15:25:16",1,0,{},6,34,1,5,0,5,40,6,34,1,5,0,5,40
107,dublin,"CHARLEVILLE ROAD","Charleville Road",53.3592,-6.28187,0,0,OPEN,"2025-02-22 15:35:21",1,0,{},6,34,1,5,0,5,40,6,34,1,5,0,5,40
107,dublin,"CHARLEVILLE ROAD","Charleville Road",53.3592,-6.28187,0,0,OPEN,"2025-02-22 15:40:39",1,0,{},5,35,1,4,0,4,40,5,35,1,4,0,4,40
107,dublin,"CHARLEVILLE ROAD","Charleville Road",53.3592,-6.28187,0,0,OPEN,"2025-02-22 15:46:30",1,0,{},6,34,1,5,0,5,40,6,34,1,5,0,5,40
107,dublin,"CHARLEVILLE ROAD","Charleville Road",53.3592,-6.28187,0,0,OPEN,"2025-02-22 15:53:03",1,0,{},5,35,0,5,0,5,40,5,35,0,5,0,5,40
107,dublin,"CHARLEVILLE ROAD","Charleville Road",53.3592,-6.28187,0,0,OPEN,"2025-02-22 15:55:37",1,0,{},5,35,0,5,0,5,40,5,35,0,5,0,5,40
107,dublin,"CHARLEVILLE ROAD","Charleville Road",53.3592,-6.28187,0,0,OPEN,"2025-02-22 16:05:42",1,0,{},5,35,0,5,0,5,40,5,35,0,5,0,5,40
107,dublin,"CHARLEVILLE ROAD","Charleville Road",53.3592,-6.28187,0,0,OPEN,"2025-02-22 16:15:47",1,0,{},5,35,0,5,0,5,40,5,35,0,5,0,5,40
107,dublin,"CHARLEVILLE ROAD","Charleville Road",53.3592,-6.28187,0,0,OPEN,"2025-02-22 16:25:53",1,0,{},5,35,0,5,0,5,40,5,35,0,5,0,5,40
107,dublin,"CHARLEVILLE ROAD","Charleville Road",53.3592,-6.28187,0,0,OPEN,"2025-02-22 16:31:33",1,0,{},6,34,1,5,0,5,40,6,34,1,5,0,5,40
107,dublin,"CHARLEVILLE ROAD","Charleville Road",53.3592,-6.28187,0,0,OPEN,"2025-02-22 16:35:59",1,0,{},6,34,1,5,0,5,40,6,34,1,5,0,5,40
107,dublin,"CHARLEVILLE ROAD","Charleville Road",53.3592,-6.28187,0,0,OPEN,"2025-02-22 16:42:39",1,0,{},5,35,0,5,0,5,40,5,35,0,5,0,5,40
107,dublin,"CHARLEVILLE ROAD","Charleville Road",53.3592,-6.28187,0,0,OPEN,"2025-02-22 16:46:04",1,0,{},6,34,0,6,0,6,40,6,34,0,6,0,6,40
107,dublin,"CHARLEVILLE ROAD","Charleville Road",53.3592,-6.28187,0,0,OPEN,"2025-02-22 16:52:14",1,0,{},7,33,0,7,0,7,40,7,33,0,7,0,7,40
107,dublin,"CHARLEVILLE ROAD","Charleville Road",53.3592,-6.28187,0,0,OPEN,"2025-02-22 16:56:12",1,0,{},6,34,0,6,0,6,40,6,34,0,6,0,6,40
107,dublin,"CHARLEVILLE ROAD","Charleville Road",53.3592,-6.28187,0,0,OPEN,"2025-02-22 17:02:13",1,0,{},7,33,1,6,0,6,40,7,33,1,6,0,6,40
107,dublin,"CHARLEVILLE ROAD","Charleville Road",53.3592,-6.28187,0,0,OPEN,"2025-02-22 17:06:17",1,0,{},7,33,1,6,0,6,40,7,33,1,6,0,6,40
107,dublin,"CHARLEVILLE ROAD","Charleville Road",53.3592,-6.28187,0,0,OPEN,"2025-02-22 17:17:27",1,0,{},6,34,0,6,0,6,40,6,34,0,6,0,6,40
107,dublin,"CHARLEVILLE ROAD","Charleville Road",53.3592,-6.28187,0,0,OPEN,"2025-02-22 17:27:04",1,0,{},7,33,1,6,0,6,40,7,33,1,6,0,6,40
107,dublin,"CHARLEVILLE ROAD","Charleville Road",53.3592,-6.28187,0,0,OPEN,"2025-02-22 17:30:18",1,0,{},6,34,0,6,0,6,40,6,34,0,6,0,6,40
107,dublin,"CHARLEVILLE ROAD","Charleville Road",53.3592,-6.28187,0,0,OPEN,"2025-02-22 17:36:35",1,0,{},6,34,0,6,0,6,40,6,34,0,6,0,6,40
107,dublin,"CHARLEVILLE ROAD","Charleville Road",53.3592,-6.28187,0,0,OPEN,"2025-02-22 17:40:16",1,0,{},6,34,1,5,0,5,40,6,34,1,5,0,5,40
107,dublin,"CHARLEVILLE ROAD","Charleville Road",53.3592,-6.28187,0,0,OPEN,"2025-02-22 17:46:44",1,0,{},5,35,0,5,0,5,40,5,35,0,5,0,5,40
107,dublin,"CHARLEVILLE ROAD","Charleville Road",53.3592,-6.28187,0,0,OPEN,"2025-02-22 17:52:29",1,0,{},4,36,0,4,0,4,40,4,36,0,4,0,4,40
107,dublin,"CHARLEVILLE ROAD","Charleville Road",53.3592,-6.28187,0,0,OPEN,"2025-02-22 17:58:19",1,0,{},4,35,0,4,0,4,40,4,35,0,4,0,4,40
107,dublin,"CHARLEVILLE ROAD","Charleville Road",53.3592,-6.28187,0,0,OPEN,"2025-02-22 18:06:57",1,0,{},4,35,0,4,0,4,40,4,35,0,4,0,4,40
107,dublin,"CHARLEVILLE ROAD","Charleville Road",53.3592,-6.28187,0,0,OPEN,"2025-02-22 18:08:45",1,0,{},5,34,0,5,0,5,40,5,34,0,5,0,5,40
107,dublin,"CHARLEVILLE ROAD","Charleville Road",53.3592,-6.28187,0,0,OPEN,"2025-02-22 18:17:04",1,0,{},5,34,0,5,0,5,40,5,34,0,5,0,5,40
107,dublin,"CHARLEVILLE ROAD","Charleville Road",53.3592,-6.28187,0,0,OPEN,"2025-02-22 18:27:36",1,0,{},4,35,0,4,0,4,40,4,35,0,4,0,4,40
107,dublin,"CHARLEVILLE ROAD","Charleville Road",53.3592,-6.28187,0,0,OPEN,"2025-02-22 18:37:16",1,0,{},4,35,0,4,0,4,40,4,35,0,4,0,4,40
107,dublin,"CHARLEVILLE ROAD","Charleville Road",53.3592,-6.28187,0,0,OPEN,"2025-02-22 18:40:55",1,0,{},5,34,1,4,0,4,40,5,34,1,4,0,4,40
107,dublin,"CHARLEVILLE ROAD","Charleville Road",53.3592,-6.28187,0,0,OPEN,"2025-02-22 18:47:22",1,0,{},5,34,1,4,0,4,40,5,34,1,4,0,4,40
107,dublin,"CHARLEVILLE ROAD","Charleville Road",53.3592,-6.28187,0,0,OPEN,"2025-02-22 18:58:57",1,0,{},5,35,1,4,0,4,40,5,35,1,4,0,4,40
107,dublin,"CHARLEVILLE ROAD","Charleville Road",53.3592,-6.28187,0,0,OPEN,"2025-02-22 19:07:37",1,0,{},5,35,1,4,0,4,40,5,35,1,4,0,4,40
107,dublin,"CHARLEVILLE ROAD","Charleville Road",53.3592,-6.28187,0,0,OPEN,"2025-02-22 19:17:43",1,0,{},4,36,1,3,0,3,40,4,36,1,3,0,3,40
107,dublin,"CHARLEVILLE ROAD","Charleville Road",53.3592,-6.28187,0,0,OPEN,"2025-02-22 19:27:49",1,0,{},4,36,1,3,0,3,40,4,36,1,3,0,3,40
107,dublin,"CHARLEVILLE ROAD","Charleville Road",53.3592,-6.28187,0,0,OPEN,"2025-02-22 19:34:10",1,0,{},2,38,0,2,0,2,40,2,38,0,2,0,2,40
107,dublin,"CHARLEVILLE ROAD","Charleville Road",53.3592,-6.28187,0,0,OPEN,"2025-02-22 19:38:47",1,0,{},2,38,0,2,0,2,40,2,38,0,2,0,2,40
107,dublin,"CHARLEVILLE ROAD","Charleville Road",53.3592,-6.28187,0,0,OPEN,"2025-02-22 19:41:51",1,0,{},0,40,0,0,0,0,40,0,40,0,0,0,0,40
107,dublin,"CHARLEVILLE ROAD","Charleville Road",53.3592,-6.28187,0,0,OPEN,"2025-02-22 19:48:05",1,0,{},0,40,0,0,0,0,40,0,40,0,0,0,0,40
107,dublin,"CHARLEVILLE ROAD","Charleville Road",53.3592,-6.28187,0,0,OPEN,"2025-02-22 19:58:11",1,0,{},0,40,0,0,0,0,40,0,40,0,0,0,0,40
107,dublin,"CHARLEVILLE ROAD","Charleville Road",53.3592,-6.28187,0,0,OPEN,"2025-02-22 20:08:16",1,0,{},0,40,0,0,0,0,40,0,40,0,0,0,0,40
107,dublin,"CHARLEVILLE ROAD","Charleville Road",53.3592,-6.28187,0,0,OPEN,"2025-02-22 20:18:22",1,0,{},0,40,0,0,0,0,40,0,40,0,0,0,0,40
107,dublin,"CHARLEVILLE ROAD","Charleville Road",53.3592,-6.28187,0,0,OPEN,"2025-02-22 20:28:27",1,0,{},0,40,0,0,0,0,40,0,40,0,0,0,0,40
107,dublin,"CHARLEVILLE ROAD","Charleville Road",53.3592,-6.28187,0,0,OPEN,"2025-02-22 20:38:32",1,0,{},0,40,0,0,0,0,40,0,40,0,0,0,0,40
107,dublin,"CHARLEVILLE ROAD","Charleville Road",53.3592,-6.28187,0,0,OPEN,"2025-02-22 20:48:37",1,0,{},0,40,0,0,0,0,40,0,40,0,0,0,0,40
107,dublin,"CHARLEVILLE ROAD","Charleville Road",53.3592,-6.28187,0,0,OPEN,"2025-02-22 20:58:42",1,0,{},0,40,0,0,0,0,40,0,40,0,0,0,0,40
107,dublin,"CHARLEVILLE ROAD","Charleville Road",53.3592,-6.28187,0,0,OPEN,"2025-02-22 21:08:47",1,0,{},0,40,0,0,0,0,40,0,40,0,0,0,0,40
107,dublin,"CHARLEVILLE ROAD","Charleville Road",53.3592,-6.28187,0,0,OPEN,"2025-02-22 21:18:52",1,0,{},0,40,0,0,0,0,40,0,40,0,0,0,0,40
107,dublin,"CHARLEVILLE ROAD","Charleville Road",53.3592,-6.28187,0,0,OPEN,"2025-02-22 21:28:57",1,0,{},0,40,0,0,0,0,40,0,40,0,0,0,0,40
107,dublin,"CHARLEVILLE ROAD","Charleville Road",53.3592,-6.28187,0,0,OPEN,"2025-02-22 21:39:03",1,0,{},0,40,0,0,0,0,40,0,40,0,0,0,0,40
107,dublin,"CHARLEVILLE ROAD","Charleville Road",53.3592,-6.28187,0,0,OPEN,"2025-02-22 21:49:08",1,0,{},0,40,0,0,0,0,40,0,40,0,0,0,0,40
107,dublin,"CHARLEVILLE ROAD","Charleville Road",53.3592,-6.28187,0,0,OPEN,"2025-02-22 21:59:13",1,0,{},0,40,0,0,0,0,40,0,40,0,0,0,0,40
107,dublin,"CHARLEVILLE ROAD","Charleville Road",53.3592,-6.28187,0,0,OPEN,"2025-02-22 22:09:18",1,0,{},0,40,0,0,0,0,40,0,40,0,0,0,0,40
108,dublin,"AVONDALE ROAD","Avondale Road",53.3594,-6.27614,0,0,OPEN,"2025-02-22 02:56:07",1,0,{},12,23,4,8,0,8,35,12,23,4,8,0,8,35
108,dublin,"AVONDALE ROAD","Avondale Road",53.3594,-6.27614,0,0,OPEN,"2025-02-22 03:06:10",1,0,{},12,23,4,8,0,8,35,12,23,4,8,0,8,35
108,dublin,"AVONDALE ROAD","Avondale Road",53.3594,-6.27614,0,0,OPEN,"2025-02-22 10:10:47",1,0,{},5,30,1,4,0,4,35,5,30,1,4,0,4,35
108,dublin,"AVONDALE ROAD","Avondale Road",53.3594,-6.27614,0,0,OPEN,"2025-02-22 10:20:51",1,0,{},5,30,1,4,0,4,35,5,30,1,4,0,4,35
108,dublin,"AVONDALE ROAD","Avondale Road",53.3594,-6.27614,0,0,OPEN,"2025-02-22 10:30:55",1,0,{},5,30,1,4,0,4,35,5,30,1,4,0,4,35
108,dublin,"AVONDALE ROAD","Avondale Road",53.3594,-6.27614,0,0,OPEN,"2025-02-22 10:35:53",1,0,{},6,29,1,5,0,5,35,6,29,1,5,0,5,35
108,dublin,"AVONDALE ROAD","Avondale Road",53.3594,-6.27614,0,0,OPEN,"2025-02-22 10:41:01",1,0,{},6,29,1,5,0,5,35,6,29,1,5,0,5,35
108,dublin,"AVONDALE ROAD","Avondale Road",53.3594,-6.27614,0,0,OPEN,"2025-02-22 10:51:09",1,0,{},5,30,1,4,0,4,35,5,30,1,4,0,4,35
108,dublin,"AVONDALE ROAD","Avondale Road",53.3594,-6.27614,0,0,OPEN,"2025-02-22 11:01:10",1,0,{},5,30,1,4,0,4,35,5,30,1,4,0,4,35
108,dublin,"AVONDALE ROAD","Avondale Road",53.3594,-6.27614,0,0,OPEN,"2025-02-22 11:04:03",1,0,{},4,31,1,3,0,3,35,4,31,1,3,0,3,35
108,dublin,"AVONDALE ROAD","Avondale Road",53.3594,-6.27614,0,0,OPEN,"2025-02-22 11:11:17",1,0,{},4,31,1,3,0,3,35,4,31,1,3,0,3,35
108,dublin,"AVONDALE ROAD","Avondale Road",53.3594,-6.27614,0,0,OPEN,"2025-02-22 11:21:20",1,0,{},4,31,1,3,0,3,35,4,31,1,3,0,3,35
108,dublin,"AVONDALE ROAD","Avondale Road",53.3594,-6.27614,0,0,OPEN,"2025-02-22 11:31:24",1,0,{},4,31,1,3,0,3,35,4,31,1,3,0,3,35
108,dublin,"AVONDALE ROAD","Avondale Road",53.3594,-6.27614,0,0,OPEN,"2025-02-22 11:41:28",1,0,{},4,31,1,3,0,3,35,4,31,1,3,0,3,35
108,dublin,"AVONDALE ROAD","Avondale Road",53.3594,-6.27614,0,0,OPEN,"2025-02-22 11:51:33",1,0,{},3,32,0,3,0,3,35,3,32,0,3,0,3,35
108,dublin,"AVONDALE ROAD","Avondale Road",53.3594,-6.27614,0,0,OPEN,"2025-02-22 12:01:38",1,0,{},3,32,1,2,0,2,35,3,32,1,2,0,2,35
108,dublin,"AVONDALE ROAD","Avondale Road",53.3594,-6.27614,0,0,OPEN,"2025-02-22 12:11:42",1,0,{},3,32,1,2,0,2,35,3,32,1,2,0,2,35
108,dublin,"AVONDALE ROAD","Avondale Road",53.3594,-6.27614,0,0,OPEN,"2025-02-22 12:14:05",1,0,{},4,31,2,2,0,2,35,4,31,2,2,0,2,35
108,dublin,"AVONDALE ROAD","Avondale Road",53.3594,-6.27614,0,0,OPEN,"2025-02-22 12:21:46",1,0,{},4,31,2,2,0,2,35,4,31,2,2,0,2,35
108,dublin,"AVONDALE ROAD","Avondale Road",53.3594,-6.27614,0,0,OPEN,"2025-02-22 12:32:30",1,0,{},3,32,1,2,0,2,35,3,32,1,2,0,2,35
108,dublin,"AVONDALE ROAD","Avondale Road",53.3594,-6.27614,0,0,OPEN,"2025-02-22 12:41:59",1,0,{},2,33,1,1,0,1,35,2,33,1,1,0,1,35
108,dublin,"AVONDALE ROAD","Avondale Road",53.3594,-6.27614,0,0,OPEN,"2025-02-22 12:44:59",1,0,{},1,34,1,0,0,0,35,1,34,1,0,0,0,35
108,dublin,"AVONDALE ROAD","Avondale Road",53.3594,-6.27614,0,0,OPEN,"2025-02-22 12:52:07",1,0,{},0,35,0,0,0,0,35,0,35,0,0,0,0,35
108,dublin,"AVONDALE ROAD","Avondale Road",53.3594,-6.27614,0,0,OPEN,"2025-02-22 13:02:10",1,0,{},0,35,0,0,0,0,35,0,35,0,0,0,0,35
108,dublin,"AVONDALE ROAD","Avondale Road",53.3594,-6.27614,0,0,OPEN,"2025-02-22 13:13:15",1,0,{},1,34,0,1,0,1,35,1,34,0,1,0,1,35
108,dublin,"AVONDALE ROAD","Avondale Road",53.3594,-6.27614,0,0,OPEN,"2025-02-22 13:23:27",1,0,{},3,32,1,2,0,2,35,3,32,1,2,0,2,35
108,dublin,"AVONDALE ROAD","Avondale Road",53.3594,-6.27614,0,0,OPEN,"2025-02-22 13:27:59",1,0,{},2,33,1,1,0,1,35,2,33,1,1,0,1,35
108,dublin,"AVONDALE ROAD","Avondale Road",53.3594,-6.27614,0,0,OPEN,"2025-02-22 13:32:23",1,0,{},3,32,1,2,0,2,35,3,32,1,2,0,2,35
108,dublin,"AVONDALE ROAD","Avondale Road",53.3594,-6.27614,0,0,OPEN,"2025-02-22 13:33:40",1,0,{},2,33,0,2,0,2,35,2,33,0,2,0,2,35
108,dublin,"AVONDALE ROAD","Avondale Road",53.3594,-6.27614,0,0,OPEN,"2025-02-22 13:42:42",1,0,{},3,32,0,3,0,3,35,3,32,0,3,0,3,35
108,dublin,"AVONDALE ROAD","Avondale Road",53.3594,-6.27614,0,0,OPEN,"2025-02-22 13:52:33",1,0,{},3,32,0,3,0,3,35,3,32,0,3,0,3,35
108,dublin,"AVONDALE ROAD","Avondale Road",53.3594,-6.27614,0,0,OPEN,"2025-02-22 14:02:38",1,0,{},2,33,0,2,0,2,35,2,33,0,2,0,2,35
108,dublin,"AVONDALE ROAD","Avondale Road",53.3594,-6.27614,0,0,OPEN,"2025-02-22 14:12:43",1,0,{},1,34,0,1,0,1,35,1,34,0,1,0,1,35
108,dublin,"AVONDALE ROAD","Avondale Road",53.3594,-6.27614,0,0,OPEN,"2025-02-22 14:17:51",1,0,{},1,34,0,1,0,1,35,1,34,0,1,0,1,35
108,dublin,"AVONDALE ROAD","Avondale Road",53.3594,-6.27614,0,0,OPEN,"2025-02-22 14:22:47",1,0,{},1,34,0,1,0,1,35,1,34,0,1,0,1,35
108,dublin,"AVONDALE ROAD","Avondale Road",53.3594,-6.27614,0,0,OPEN,"2025-02-22 14:28:25",1,0,{},0,35,0,0,0,0,35,0,35,0,0,0,0,35
108,dublin,"AVONDALE ROAD","Avondale Road",53.3594,-6.27614,0,0,OPEN,"2025-02-22 14:32:51",1,0,{},0,35,0,0,0,0,35,0,35,0,0,0,0,35
108,dublin,"AVONDALE ROAD","Avondale Road",53.3594,-6.27614,0,0,OPEN,"2025-02-22 14:42:55",1,0,{},0,35,0,0,0,0,35,0,35,0,0,0,0,35
108,dublin,"AVONDALE ROAD","Avondale Road",53.3594,-6.27614,0,0,OPEN,"2025-02-22 14:52:58",1,0,{},0,35,0,0,0,0,35,0,35,0,0,0,0,35
108,dublin,"AVONDALE ROAD","Avondale Road",53.3594,-6.27614,0,0,OPEN,"2025-02-22 15:03:02",1,0,{},0,35,0,0,0,0,35,0,35,0,0,0,0,35
108,dublin,"AVONDALE ROAD","Avondale Road",53.3594,-6.27614,0,0,OPEN,"2025-02-22 15:13:05",1,0,{},0,35,0,0,0,0,35,0,35,0,0,0,0,35
108,dublin,"AVONDALE ROAD","Avondale Road",53.3594,-6.27614,0,0,OPEN,"2025-02-22 15:23:09",1,0,{},0,35,0,0,0,0,35,0,35,0,0,0,0,35
108,dublin,"AVONDALE ROAD","Avondale Road",53.3594,-6.27614,0,0,OPEN,"2025-02-22 15:33:13",1,0,{},0,35,0,0,0,0,35,0,35,0,0,0,0,35
108,dublin,"AVONDALE ROAD","Avondale Road",53.3594,-6.27614,0,0,OPEN,"2025-02-22 15:43:18",1,0,{},0,35,0,0,0,0,35,0,35,0,0,0,0,35
108,dublin,"AVONDALE ROAD","Avondale Road",53.3594,-6.27614,0,0,OPEN,"2025-02-22 15:53:21",1,0,{},0,35,0,0,0,0,35,0,35,0,0,0,0,35
108,dublin,"AVONDALE ROAD","Avondale Road",53.3594,-6.27614,0,0,OPEN,"2025-02-22 16:03:25",1,0,{},0,35,0,0,0,0,35,0,35,0,0,0,0,35
108,dublin,"AVONDALE ROAD","Avondale Road",53.3594,-6.27614,0,0,OPEN,"2025-02-22 16:13:29",1,0,{},0,35,0,0,0,0,35,0,35,0,0,0,0,35
108,dublin,"AVONDALE ROAD","Avondale Road",53.3594,-6.27614,0,0,OPEN,"2025-02-22 16:18:23",1,0,{},1,34,1,0,0,0,35,1,34,1,0,0,0,35
108,dublin,"AVONDALE ROAD","Avondale Road",53.3594,-6.27614,0,0,OPEN,"2025-02-22 16:23:32",1,0,{},1,34,1,0,0,0,35,1,34,1,0,0,0,35
108,dublin,"AVONDALE ROAD","Avondale Road",53.3594,-6.27614,0,0,OPEN,"2025-02-22 16:25:59",1,0,{},0,35,0,0,0,0,35,0,35,0,0,0,0,35
108,dublin,"AVONDALE ROAD","Avondale Road",53.3594,-6.27614,0,0,OPEN,"2025-02-22 16:33:37",1,0,{},0,35,0,0,0,0,35,0,35,0,0,0,0,35
108,dublin,"AVONDALE ROAD","Avondale Road",53.3594,-6.27614,0,0,OPEN,"2025-02-22 16:44:49",1,0,{},1,34,1,0,0,0,35,1,34,1,0,0,0,35
108,dublin,"AVONDALE ROAD","Avondale Road",53.3594,-6.27614,0,0,OPEN,"2025-02-22 16:53:20",1,0,{},2,33,2,0,0,0,35,2,33,2,0,0,0,35
108,dublin,"AVONDALE ROAD","Avondale Road",53.3594,-6.27614,0,0,OPEN,"2025-02-22 16:53:45",1,0,{},2,33,2,0,0,0,35,2,33,2,0,0,0,35
108,dublin,"AVONDALE ROAD","Avondale Road",53.3594,-6.27614,0,0,OPEN,"2025-02-22 16:59:47",1,0,{},1,34,1,0,0,0,35,1,34,1,0,0,0,35
108,dublin,"AVONDALE ROAD","Avondale Road",53.3594,-6.27614,0,0,OPEN,"2025-02-22 17:03:50",1,0,{},1,34,1,0,0,0,35,1,34,1,0,0,0,35
108,dublin,"AVONDALE ROAD","Avondale Road",53.3594,-6.27614,0,0,OPEN,"2025-02-22 17:18:25",1,0,{},0,35,0,0,0,0,35,0,35,0,0,0,0,35
108,dublin,"AVONDALE ROAD","Avondale Road",53.3594,-6.27614,0,0,OPEN,"2025-02-22 17:23:58",1,0,{},0,35,0,0,0,0,35,0,35,0,0,0,0,35
108,dublin,"AVONDALE ROAD","Avondale Road",53.3594,-6.27614,0,0,OPEN,"2025-02-22 17:34:01",1,0,{},0,35,0,0,0,0,35,0,35,0,0,0,0,35
108,dublin,"AVONDALE ROAD","Avondale Road",53.3594,-6.27614,0,0,OPEN,"2025-02-22 17:44:05",1,0,{},0,35,0,0,0,0,35,0,35,0,0,0,0,35
108,dublin,"AVONDALE ROAD","Avondale Road",53.3594,-6.27614,0,0,OPEN,"2025-02-22 17:54:09",1,0,{},0,35,0,0,0,0,35,0,35,0,0,0,0,35
108,dublin,"AVONDALE ROAD","Avondale Road",53.3594,-6.27614,0,0,OPEN,"2025-02-22 18:04:12",1,0,{},0,35,0,0,0,0,35,0,35,0,0,0,0,35
108,dublin,"AVONDALE ROAD","Avondale Road",53.3594,-6.27614,0,0,OPEN,"2025-02-22 18:14:16",1,0,{},0,35,0,0,0,0,35,0,35,0,0,0,0,35
108,dublin,"AVONDALE ROAD","Avondale Road",53.3594,-6.27614,0,0,OPEN,"2025-02-22 18:24:55",1,0,{},1,34,1,0,0,0,35,1,34,1,0,0,0,35
108,dublin,"AVONDALE ROAD","Avondale Road",53.3594,-6.27614,0,0,OPEN,"2025-02-22 18:35:04",1,0,{},0,35,0,0,0,0,35,0,35,0,0,0,0,35
108,dublin,"AVONDALE ROAD","Avondale Road",53.3594,-6.27614,0,0,OPEN,"2025-02-22 18:44:28",1,0,{},0,35,0,0,0,0,35,0,35,0,0,0,0,35
108,dublin,"AVONDALE ROAD","Avondale Road",53.3594,-6.27614,0,0,OPEN,"2025-02-22 18:54:32",1,0,{},0,35,0,0,0,0,35,0,35,0,0,0,0,35
108,dublin,"AVONDALE ROAD","Avondale Road",53.3594,-6.27614,0,0,OPEN,"2025-02-22 18:57:58",1,0,{},2,33,2,0,0,0,35,2,33,2,0,0,0,35
108,dublin,"AVONDALE ROAD","Avondale Road",53.3594,-6.27614,0,0,OPEN,"2025-02-22 19:04:37",1,0,{},2,33,2,0,0,0,35,2,33,2,0,0,0,35
108,dublin,"AVONDALE ROAD","Avondale Road",53.3594,-6.27614,0,0,OPEN,"2025-02-22 19:14:40",1,0,{},2,33,2,0,0,0,35,2,33,2,0,0,0,35
108,dublin,"AVONDALE ROAD","Avondale Road",53.3594,-6.27614,0,0,OPEN,"2025-02-22 19:26:18",1,0,{},0,35,0,0,0,0,35,0,35,0,0,0,0,35
108,dublin,"AVONDALE ROAD","Avondale Road",53.3594,-6.27614,0,0,OPEN,"2025-02-22 19:34:49",1,0,{},0,35,0,0,0,0,35,0,35,0,0,0,0,35
108,dublin,"AVONDALE ROAD","Avondale Road",53.3594,-6.27614,0,0,OPEN,"2025-02-22 19:44:53",1,0,{},0,35,0,0,0,0,35,0,35,0,0,0,0,35
108,dublin,"AVONDALE ROAD","Avondale Road",53.3594,-6.27614,0,0,OPEN,"2025-02-22 19:54:57",1,0,{},0,35,0,0,0,0,35,0,35,0,0,0,0,35
108,dublin,"AVONDALE ROAD","Avondale Road",53.3594,-6.27614,0,0,OPEN,"2025-02-22 20:05:00",1,0,{},0,35,0,0,0,0,35,0,35,0,0,0,0,35
108,dublin,"AVONDALE ROAD","Avondale Road",53.3594,-6.27614,0,0,OPEN,"2025-02-22 20:15:04",1,0,{},0,35,0,0,0,0,35,0,35,0,0,0,0,35
108,dublin,"AVONDALE ROAD","Avondale Road",53.3594,-6.27614,0,0,OPEN,"2025-02-22 20:25:07",1,0,{},0,35,0,0,0,0,35,0,35,0,0,0,0,35
108,dublin,"AVONDALE ROAD","Avondale Road",53.3594,-6.27614,0,0,OPEN,"2025-02-22 20:35:11",1,0,{},0,35,0,0,0,0,35,0,35,0,0,0,0,35
108,dublin,"AVONDALE ROAD","Avondale Road",53.3594,-6.27614,0,0,OPEN,"2025-02-22 20:45:15",1,0,{},0,35,0,0,0,0,35,0,35,0,0,0,0,35
108,dublin,"AVONDALE ROAD","Avondale Road",53.3594,-6.27614,0,0,OPEN,"2025-02-22 20:55:19",1,0,{},0,35,0,0,0,0,35,0,35,0,0,0,0,35
108,dublin,"AVONDALE ROAD","Avondale Road",53.3594,-6.27614,0,0,OPEN,"2025-02-22 21:05:22",1,0,{},0,35,0,0,0,0,35,0,35,0,0,0,0,35
108,dublin,"AVONDALE ROAD","Avondale Road",53.3594,-6.27614,0,0,OPEN,"2025-02-22 21:15:26",1,0,{},0,35,0,0,0,0,35,0,35,0,0,0,0,35
108,dublin,"AVONDALE ROAD","Avondale Road",53.3594,-6.27614,0,0,OPEN,"2025-02-22 21:25:28",1,0,{},0,35,0,0,0,0,35,0,35,0,0,0,0,35
108,dublin,"AVONDALE ROAD","Avondale Road",53.3594,-6.27614,0,0,OPEN,"2025-02-22 21:35:31",1,0,{},0,35,0,0,0,0,35,0,35,0,0,0,0,35
108,dublin,"AVONDALE ROAD","Avondale Road",53.3594,-6.27614,0,0,OPEN,"2025-02-22 21:45:35",1,0,{},0,35,0,0,0,0,35,0,35,0,0,0,0,35
108,dublin,"AVONDALE ROAD","Avondale Road",53.3594,-6.27614,0,0,OPEN,"2025-02-22 21:55:38",1,0,{},0,35,0,0,0,0,35,0,35,0,0,0,0,35
108,dublin,"AVONDALE ROAD","Avondale Road",53.3594,-6.27614,0,0,OPEN,"2025-02-22 22:05:42",1,0,{},0,35,0,0,0,0,35,0,35,0,0,0,0,35
108,dublin,"AVONDALE ROAD","Avondale Road",53.3594,-6.27614,0,0,OPEN,"2025-02-22 22:15:45",1,0,{},0,35,0,0,0,0,35,0,35,0,0,0,0,35
109,dublin,"BUCKINGHAM STREET LOWER","Buckingham Street Lower",53.3533,-6.24932,0,0,OPEN,"2025-02-22 02:52:20",1,0,{},24,5,16,8,0,8,29,24,5,16,8,0,8,29
109,dublin,"BUCKINGHAM STREET LOWER","Buckingham Street Lower",53.3533,-6.24932,0,0,OPEN,"2025-02-22 03:12:28",1,0,{},24,5,16,8,0,8,29,24,5,16,8,0,8,29
109,dublin,"BUCKINGHAM STREET LOWER","Buckingham Street Lower",53.3533,-6.24932,0,0,OPEN,"2025-02-22 10:04:45",1,0,{},27,2,15,12,0,12,29,27,2,15,12,0,12,29
109,dublin,"BUCKINGHAM STREET LOWER","Buckingham Street Lower",53.3533,-6.24932,0,0,OPEN,"2025-02-22 10:14:51",1,0,{},27,2,15,12,0,12,29,27,2,15,12,0,12,29
109,dublin,"BUCKINGHAM STREET LOWER","Buckingham Street Lower",53.3533,-6.24932,0,0,OPEN,"2025-02-22 10:22:27",1,0,{},26,3,15,11,0,11,29,26,3,15,11,0,11,29
109,dublin,"BUCKINGHAM STREET LOWER","Buckingham Street Lower",53.3533,-6.24932,0,0,OPEN,"2025-02-22 10:24:58",1,0,{},26,3,15,11,0,11,29,26,3,15,11,0,11,29
109,dublin,"BUCKINGHAM STREET LOWER","Buckingham Street Lower",53.3533,-6.24932,0,0,OPEN,"2025-02-22 10:35:03",1,0,{},27,2,16,11,0,11,29,27,2,16,11,0,11,29
109,dublin,"BUCKINGHAM STREET LOWER","Buckingham Street Lower",53.3533,-6.24932,0,0,OPEN,"2025-02-22 10:45:09",1,0,{},27,2,16,11,0,11,29,27,2,16,11,0,11,29
109,dublin,"BUCKINGHAM STREET LOWER","Buckingham Street Lower",53.3533,-6.24932,0,0,OPEN,"2025-02-22 10:55:14",1,0,{},27,2,16,11,0,11,29,27,2,16,11,0,11,29
109,dublin,"BUCKINGHAM STREET LOWER","Buckingham Street Lower",53.3533,-6.24932,0,0,OPEN,"2025-02-22 11:07:02",1,0,{},25,4,14,11,0,11,29,25,4,14,11,0,11,29
109,dublin,"BUCKINGHAM STREET LOWER","Buckingham Street Lower",53.3533,-6.24932,0,0,OPEN,"2025-02-22 11:15:27",1,0,{},25,4,14,11,0,11,29,25,4,14,11,0,11,29
109,dublin,"BUCKINGHAM STREET LOWER","Buckingham Street Lower",53.3533,-6.24932,0,0,OPEN,"2025-02-22 11:25:32",1,0,{},25,4,14,11,0,11,29,25,4,14,11,0,11,29
109,dublin,"BUCKINGHAM STREET LOWER","Buckingham Street Lower",53.3533,-6.24932,0,0,OPEN,"2025-02-22 11:35:38",1,0,{},25,4,14,11,0,11,29,25,4,14,11,0,11,29
109,dublin,"BUCKINGHAM STREET LOWER","Buckingham Street Lower",53.3533,-6.24932,0,0,OPEN,"2025-02-22 11:45:43",1,0,{},25,4,14,11,0,11,29,25,4,14,11,0,11,29
109,dublin,"BUCKINGHAM STREET LOWER","Buckingham Street Lower",53.3533,-6.24932,0,0,OPEN,"2025-02-22 11:55:48",1,0,{},25,4,14,11,0,11,29,25,4,14,11,0,11,29
109,dublin,"BUCKINGHAM STREET LOWER","Buckingham Street Lower",53.3533,-6.24932,0,0,OPEN,"2025-02-22 12:05:54",1,0,{},25,4,14,11,0,11,29,25,4,14,11,0,11,29
109,dublin,"BUCKINGHAM STREET LOWER","Buckingham Street Lower",53.3533,-6.24932,0,0,OPEN,"2025-02-22 12:16:00",1,0,{},25,4,14,11,0,11,29,25,4,14,11,0,11,29
109,dublin,"BUCKINGHAM STREET LOWER","Buckingham Street Lower",53.3533,-6.24932,0,0,OPEN,"2025-02-22 12:23:27",1,0,{},24,5,13,11,0,11,29,24,5,13,11,0,11,29
109,dublin,"BUCKINGHAM STREET LOWER","Buckingham Street Lower",53.3533,-6.24932,0,0,OPEN,"2025-02-22 12:26:07",1,0,{},24,5,13,11,0,11,29,24,5,13,11,0,11,29
109,dublin,"BUCKINGHAM STREET LOWER","Buckingham Street Lower",53.3533,-6.24932,0,0,OPEN,"2025-02-22 12:36:12",1,0,{},24,5,13,11,0,11,29,24,5,13,11,0,11,29
109,dublin,"BUCKINGHAM STREET LOWER","Buckingham Street Lower",53.3533,-6.24932,0,0,OPEN,"2025-02-22 12:41:16",1,0,{},24,5,13,11,0,11,29,24,5,13,11,0,11,29
109,dublin,"BUCKINGHAM STREET LOWER","Buckingham Street Lower",53.3533,-6.24932,0,0,OPEN,"2025-02-22 12:46:19",1,0,{},24,5,13,11,0,11,29,24,5,13,11,0,11,29
109,dublin,"BUCKINGHAM STREET LOWER","Buckingham Street Lower",53.3533,-6.24932,0,0,OPEN,"2025-02-22 12:56:24",1,0,{},24,5,13,11,0,11,29,24,5,13,11,0,11,29
109,dublin,"BUCKINGHAM STREET LOWER","Buckingham Street Lower",53.3533,-6.24932,0,0,OPEN,"2025-02-22 13:06:29",1,0,{},24,5,13,11,0,11,29,24,5,13,11,0,11,29
109,dublin,"BUCKINGHAM STREET LOWER","Buckingham Street Lower",53.3533,-6.24932,0,0,OPEN,"2025-02-22 13:16:34",1,0,{},24,5,13,11,0,11,29,24,5,13,11,0,11,29
109,dublin,"BUCKINGHAM STREET LOWER","Buckingham Street Lower",53.3533,-6.24932,0,0,OPEN,"2025-02-22 13:26:40",1,0,{},24,5,13,11,0,11,29,24,5,13,11,0,11,29
109,dublin,"BUCKINGHAM STREET LOWER","Buckingham Street Lower",53.3533,-6.24932,0,0,OPEN,"2025-02-22 13:36:46",1,0,{},23,6,12,11,0,11,29,23,6,12,11,0,11,29
109,dublin,"BUCKINGHAM STREET LOWER","Buckingham Street Lower",53.3533,-6.24932,0,0,OPEN,"2025-02-22 13:46:52",1,0,{},23,6,12,11,0,11,29,23,6,12,11,0,11,29
109,dublin,"BUCKINGHAM STREET LOWER","Buckingham Street Lower",53.3533,-6.24932,0,0,OPEN,"2025-02-22 13:56:57",1,0,{},23,6,12,11,0,11,29,23,6,12,11,0,11,29
109,dublin,"BUCKINGHAM STREET LOWER","Buckingham Street Lower",53.3533,-6.24932,0,0,OPEN,"2025-02-22 14:08:29",1,0,{},23,6,12,11,0,11,29,23,6,12,11,0,11,29
109,dublin,"BUCKINGHAM STREET LOWER","Buckingham Street Lower",53.3533,-6.24932,0,0,OPEN,"2025-02-22 14:17:09",1,0,{},23,6,12,11,0,11,29,23,6,12,11,0,11,29
109,dublin,"BUCKINGHAM STREET LOWER","Buckingham Street Lower",53.3533,-6.24932,0,0,OPEN,"2025-02-22 14:27:14",1,0,{},23,6,12,11,0,11,29,23,6,12,11,0,11,29
109,dublin,"BUCKINGHAM STREET LOWER","Buckingham Street Lower",53.3533,-6.24932,0,0,OPEN,"2025-02-22 14:37:19",1,0,{},23,6,12,11,0,11,29,23,6,12,11,0,11,29
109,dublin,"BUCKINGHAM STREET LOWER","Buckingham Street Lower",53.3533,-6.24932,0,0,OPEN,"2025-02-22 14:38:36",1,0,{},24,5,13,11,0,11,29,24,5,13,11,0,11,29
109,dublin,"BUCKINGHAM STREET LOWER","Buckingham Street Lower",53.3533,-6.24932,0,0,OPEN,"2025-02-22 14:47:25",1,0,{},24,5,13,11,0,11,29,24,5,13,11,0,11,29
109,dublin,"BUCKINGHAM STREET LOWER","Buckingham Street Lower",53.3533,-6.24932,0,0,OPEN,"2025-02-22 14:57:31",1,0,{},24,5,13,11,0,11,29,24,5,13,11,0,11,29
109,dublin,"BUCKINGHAM STREET LOWER","Buckingham Street Lower",53.3533,-6.24932,0,0,OPEN,"2025-02-22 15:07:36",1,0,{},24,5,13,11,0,11,29,24,5,13,11,0,11,29
109,dublin,"BUCKINGHAM STREET LOWER","Buckingham Street Lower",53.3533,-6.24932,0,0,OPEN,"2025-02-22 15:17:41",1,0,{},24,5,13,11,0,11,29,24,5,13,11,0,11,29
109,dublin,"BUCKINGHAM STREET LOWER","Buckingham Street Lower",53.3533,-6.24932,0,0,OPEN,"2025-02-22 15:21:28",1,0,{},25,4,14,11,0,11,29,25,4,14,11,0,11,29
109,dublin,"BUCKINGHAM STREET LOWER","Buckingham Street Lower",53.3533,-6.24932,0,0,OPEN,"2025-02-22 15:27:47",1,0,{},25,4,14,11,0,11,29,25,4,14,11,0,11,29
109,dublin,"BUCKINGHAM STREET LOWER","Buckingham Street Lower",53.3533,-6.24932,0,0,OPEN,"2025-02-22 15:32:38",1,0,{},24,5,13,11,0,11,29,24,5,13,11,0,11,29
109,dublin,"BUCKINGHAM STREET LOWER","Buckingham Street Lower",53.3533,-6.24932,0,0,OPEN,"2025-02-22 15:37:56",1,0,{},24,5,13,11,0,11,29,24,5,13,11,0,11,29
109,dublin,"BUCKINGHAM STREET LOWER","Buckingham Street Lower",53.3533,-6.24932,0,0,OPEN,"2025-02-22 15:48:01",1,0,{},24,5,13,11,0,11,29,24,5,13,11,0,11,29
109,dublin,"BUCKINGHAM STREET LOWER","Buckingham Street Lower",53.3533,-6.24932,0,0,OPEN,"2025-02-22 15:58:06",1,0,{},24,5,13,11,0,11,29,24,5,13,11,0,11,29
109,dublin,"BUCKINGHAM STREET LOWER","Buckingham Street Lower",53.3533,-6.24932,0,0,OPEN,"2025-02-22 16:08:12",1,0,{},24,5,13,11,0,11,29,24,5,13,11,0,11,29
109,dublin,"BUCKINGHAM STREET LOWER","Buckingham Street Lower",53.3533,-6.24932,0,0,OPEN,"2025-02-22 16:13:16",1,0,{},26,3,15,11,0,11,29,26,3,15,11,0,11,29
109,dublin,"BUCKINGHAM STREET LOWER","Buckingham Street Lower",53.3533,-6.24932,0,0,OPEN,"2025-02-22 16:18:18",1,0,{},26,3,15,11,0,11,29,26,3,15,11,0,11,29
109,dublin,"BUCKINGHAM STREET LOWER","Buckingham Street Lower",53.3533,-6.24932,0,0,OPEN,"2025-02-22 16:28:24",1,0,{},26,3,15,11,0,11,29,26,3,15,11,0,11,29
109,dublin,"BUCKINGHAM STREET LOWER","Buckingham Street Lower",53.3533,-6.24932,0,0,OPEN,"2025-02-22 16:38:30",1,0,{},25,4,14,11,0,11,29,25,4,14,11,0,11,29
109,dublin,"BUCKINGHAM STREET LOWER","Buckingham Street Lower",53.3533,-6.24932,0,0,OPEN,"2025-02-22 16:48:35",1,0,{},25,4,14,11,0,11,29,25,4,14,11,0,11,29
109,dublin,"BUCKINGHAM STREET LOWER","Buckingham Street Lower",53.3533,-6.24932,0,0,OPEN,"2025-02-22 17:03:15",1,0,{},27,2,16,11,0,11,29,27,2,16,11,0,11,29
109,dublin,"BUCKINGHAM STREET LOWER","Buckingham Street Lower",53.3533,-6.24932,0,0,OPEN,"2025-02-22 17:07:14",1,0,{},26,3,16,10,0,10,29,26,3,16,10,0,10,29
109,dublin,"BUCKINGHAM STREET LOWER","Buckingham Street Lower",53.3533,-6.24932,0,0,OPEN,"2025-02-22 17:08:46",1,0,{},26,3,16,10,0,10,29,26,3,16,10,0,10,29
109,dublin,"BUCKINGHAM STREET LOWER","Buckingham Street Lower",53.3533,-6.24932,0,0,OPEN,"2025-02-22 17:13:38",1,0,{},25,4,16,9,0,9,29,25,4,16,9,0,9,29
109,dublin,"BUCKINGHAM STREET LOWER","Buckingham Street Lower",53.3533,-6.24932,0,0,OPEN,"2025-02-22 17:18:54",1,0,{},25,4,16,9,0,9,29,25,4,16,9,0,9,29
109,dublin,"BUCKINGHAM STREET LOWER","Buckingham Street Lower",53.3533,-6.24932,0,0,OPEN,"2025-02-22 17:28:59",1,0,{},25,4,16,9,0,9,29,25,4,16,9,0,9,29
109,dublin,"BUCKINGHAM STREET LOWER","Buckingham Street Lower",53.3533,-6.24932,0,0,OPEN,"2025-02-22 17:39:04",1,0,{},25,4,16,9,0,9,29,25,4,16,9,0,9,29
109,dublin,"BUCKINGHAM STREET LOWER","Buckingham Street Lower",53.3533,-6.24932,0,0,OPEN,"2025-02-22 17:53:20",1,0,{},24,5,15,9,0,9,29,24,5,15,9,0,9,29
109,dublin,"BUCKINGHAM STREET LOWER","Buckingham Street Lower",53.3533,-6.24932,0,0,OPEN,"2025-02-22 18:03:26",1,0,{},24,5,15,9,0,9,29,24,5,15,9,0,9,29
109,dublin,"BUCKINGHAM STREET LOWER","Buckingham Street Lower",53.3533,-6.24932,0,0,OPEN,"2025-02-22 18:09:23",1,0,{},24,5,15,9,0,9,29,24,5,15,9,0,9,29
109,dublin,"BUCKINGHAM STREET LOWER","Buckingham Street Lower",53.3533,-6.24932,0,0,OPEN,"2025-02-22 18:19:29",1,0,{},24,5,15,9,0,9,29,24,5,15,9,0,9,29
109,dublin,"BUCKINGHAM STREET LOWER","Buckingham Street Lower",53.3533,-6.24932,0,0,OPEN,"2025-02-22 18:29:34",1,0,{},24,5,15,9,0,9,29,24,5,15,9,0,9,29
109,dublin,"BUCKINGHAM STREET LOWER","Buckingham Street Lower",53.3533,-6.24932,0,0,OPEN,"2025-02-22 18:40:43",1,0,{},23,6,14,9,0,9,29,23,6,14,9,0,9,29
109,dublin,"BUCKINGHAM STREET LOWER","Buckingham Street Lower",53.3533,-6.24932,0,0,OPEN,"2025-02-22 18:45:32",1,0,{},22,7,14,8,0,8,29,22,7,14,8,0,8,29
109,dublin,"BUCKINGHAM STREET LOWER","Buckingham Street Lower",53.3533,-6.24932,0,0,OPEN,"2025-02-22 18:49:47",1,0,{},22,7,14,8,0,8,29,22,7,14,8,0,8,29
109,dublin,"BUCKINGHAM STREET LOWER","Buckingham Street Lower",53.3533,-6.24932,0,0,OPEN,"2025-02-22 18:59:53",1,0,{},22,7,14,8,0,8,29,22,7,14,8,0,8,29
109,dublin,"BUCKINGHAM STREET LOWER","Buckingham Street Lower",53.3533,-6.24932,0,0,OPEN,"2025-02-22 19:13:49",1,0,{},22,7,14,8,0,8,29,22,7,14,8,0,8,29
109,dublin,"BUCKINGHAM STREET LOWER","Buckingham Street Lower",53.3533,-6.24932,0,0,OPEN,"2025-02-22 19:20:04",1,0,{},22,7,14,8,0,8,29,22,7,14,8,0,8,29
109,dublin,"BUCKINGHAM STREET LOWER","Buckingham Street Lower",53.3533,-6.24932,0,0,OPEN,"2025-02-22 19:30:09",1,0,{},22,7,14,8,0,8,29,22,7,14,8,0,8,29
109,dublin,"BUCKINGHAM STREET LOWER","Buckingham Street Lower",53.3533,-6.24932,0,0,OPEN,"2025-02-22 19:40:14",1,0,{},22,7,14,8,0,8,29,22,7,14,8,0,8,29
109,dublin,"BUCKINGHAM STREET LOWER","Buckingham Street Lower",53.3533,-6.24932,0,0,OPEN,"2025-02-22 19:50:19",1,0,{},22,7,14,8,0,8,29,22,7,14,8,0,8,29
109,dublin,"BUCKINGHAM STREET LOWER","Buckingham Street Lower",53.3533,-6.24932,0,0,OPEN,"2025-02-22 20:00:25",1,0,{},22,7,14,8,0,8,29,22,7,14,8,0,8,29
109,dublin,"BUCKINGHAM STREET LOWER","Buckingham Street Lower",53.3533,-6.24932,0,0,OPEN,"2025-02-22 20:10:29",1,0,{},22,7,14,8,0,8,29,22,7,14,8,0,8,29
109,dublin,"BUCKINGHAM STREET LOWER","Buckingham Street Lower",53.3533,-6.24932,0,0,OPEN,"2025-02-22 20:20:34",1,0,{},22,7,14,8,0,8,29,22,7,14,8,0,8,29
109,dublin,"BUCKINGHAM STREET LOWER","Buckingham Street Lower",53.3533,-6.24932,0,0,OPEN,"2025-02-22 20:25:37",1,0,{},23,6,15,8,0,8,29,23,6,15,8,0,8,29
109,dublin,"BUCKINGHAM STREET LOWER","Buckingham Street Lower",53.3533,-6.24932,0,0,OPEN,"2025-02-22 20:30:40",1,0,{},23,6,15,8,0,8,29,23,6,15,8,0,8,29
109,dublin,"BUCKINGHAM STREET LOWER","Buckingham Street Lower",53.3533,-6.24932,0,0,OPEN,"2025-02-22 20:40:45",1,0,{},23,6,15,8,0,8,29,23,6,15,8,0,8,29
109,dublin,"BUCKINGHAM STREET LOWER","Buckingham Street Lower",53.3533,-6.24932,0,0,OPEN,"2025-02-22 20:50:50",1,0,{},23,6,15,8,0,8,29,23,6,15,8,0,8,29
109,dublin,"BUCKINGHAM STREET LOWER","Buckingham Street Lower",53.3533,-6.24932,0,0,OPEN,"2025-02-22 21:00:56",1,0,{},23,6,15,8,0,8,29,23,6,15,8,0,8,29
109,dublin,"BUCKINGHAM STREET LOWER","Buckingham Street Lower",53.3533,-6.24932,0,0,OPEN,"2025-02-22 21:11:02",1,0,{},23,6,15,8,0,8,29,23,6,15,8,0,8,29
109,dublin,"BUCKINGHAM STREET LOWER","Buckingham Street Lower",53.3533,-6.24932,0,0,OPEN,"2025-02-22 21:16:53",1,0,{},24,5,16,8,0,8,29,24,5,16,8,0,8,29
109,dublin,"BUCKINGHAM STREET LOWER","Buckingham Street Lower",53.3533,-6.24932,0,0,OPEN,"2025-02-22 21:21:08",1,0,{},24,5,16,8,0,8,29,24,5,16,8,0,8,29
109,dublin,"BUCKINGHAM STREET LOWER","Buckingham Street Lower",53.3533,-6.24932,0,0,OPEN,"2025-02-22 21:25:19",1,0,{},25,4,16,9,0,9,29,25,4,16,9,0,9,29
109,dublin,"BUCKINGHAM STREET LOWER","Buckingham Street Lower",53.3533,-6.24932,0,0,OPEN,"2025-02-22 21:31:14",1,0,{},25,4,16,9,0,9,29,25,4,16,9,0,9,29
109,dublin,"BUCKINGHAM STREET LOWER","Buckingham Street Lower",53.3533,-6.24932,0,0,OPEN,"2025-02-22 21:41:21",1,0,{},24,5,15,9,0,9,29,24,5,15,9,0,9,29
109,dublin,"BUCKINGHAM STREET LOWER","Buckingham Street Lower",53.3533,-6.24932,0,0,OPEN,"2025-02-22 21:51:27",1,0,{},24,5,15,9,0,9,29,24,5,15,9,0,9,29
109,dublin,"BUCKINGHAM STREET LOWER","Buckingham Street Lower",53.3533,-6.24932,0,0,OPEN,"2025-02-22 22:01:32",1,0,{},24,5,15,9,0,9,29,24,5,15,9,0,9,29
109,dublin,"BUCKINGHAM STREET LOWER","Buckingham Street Lower",53.3533,-6.24932,0,0,OPEN,"2025-02-22 22:11:38",1,0,{},24,5,15,9,0,9,29,24,5,15,9,0,9,29
110,dublin,"PHIBSBOROUGH ROAD","Phibsborough Road",53.3563,-6.27372,0,0,OPEN,"2025-02-22 02:59:31",1,0,{},2,38,2,0,0,0,40,2,38,2,0,0,0,40
110,dublin,"PHIBSBOROUGH ROAD","Phibsborough Road",53.3563,-6.27372,0,0,OPEN,"2025-02-22 03:09:35",1,0,{},2,38,2,0,0,0,40,2,38,2,0,0,0,40
110,dublin,"PHIBSBOROUGH ROAD","Phibsborough Road",53.3563,-6.27372,0,0,OPEN,"2025-02-22 10:06:52",1,0,{},19,21,10,9,0,9,40,19,21,10,9,0,9,40
110,dublin,"PHIBSBOROUGH ROAD","Phibsborough Road",53.3563,-6.27372,0,0,OPEN,"2025-02-22 10:16:33",1,0,{},19,21,10,9,0,9,40,19,21,10,9,0,9,40
110,dublin,"PHIBSBOROUGH ROAD","Phibsborough Road",53.3563,-6.27372,0,0,OPEN,"2025-02-22 10:20:26",1,0,{},18,22,10,8,0,8,40,18,22,10,8,0,8,40
110,dublin,"PHIBSBOROUGH ROAD","Phibsborough Road",53.3563,-6.27372,0,0,OPEN,"2025-02-22 10:25:29",1,0,{},18,22,10,8,0,8,40,18,22,10,8,0,8,40
110,dublin,"PHIBSBOROUGH ROAD","Phibsborough Road",53.3563,-6.27372,0,0,OPEN,"2025-02-22 10:35:34",1,0,{},18,22,10,8,0,8,40,18,22,10,8,0,8,40
110,dublin,"PHIBSBOROUGH ROAD","Phibsborough Road",53.3563,-6.27372,0,0,OPEN,"2025-02-22 10:45:38",1,0,{},18,22,10,8,0,8,40,18,22,10,8,0,8,40
110,dublin,"PHIBSBOROUGH ROAD","Phibsborough Road",53.3563,-6.27372,0,0,OPEN,"2025-02-22 10:56:00",1,0,{},20,20,12,8,0,8,40,20,20,12,8,0,8,40
110,dublin,"PHIBSBOROUGH ROAD","Phibsborough Road",53.3563,-6.27372,0,0,OPEN,"2025-02-22 11:05:46",1,0,{},20,20,12,8,0,8,40,20,20,12,8,0,8,40
110,dublin,"PHIBSBOROUGH ROAD","Phibsborough Road",53.3563,-6.27372,0,0,OPEN,"2025-02-22 11:15:49",1,0,{},20,20,12,8,0,8,40,20,20,12,8,0,8,40
110,dublin,"PHIBSBOROUGH ROAD","Phibsborough Road",53.3563,-6.27372,0,0,OPEN,"2025-02-22 11:25:53",1,0,{},20,20,12,8,0,8,40,20,20,12,8,0,8,40
110,dublin,"PHIBSBOROUGH ROAD","Phibsborough Road",53.3563,-6.27372,0,0,OPEN,"2025-02-22 11:35:58",1,0,{},20,20,12,8,0,8,40,20,20,12,8,0,8,40
110,dublin,"PHIBSBOROUGH ROAD","Phibsborough Road",53.3563,-6.27372,0,0,OPEN,"2025-02-22 11:46:02",1,0,{},20,20,12,8,0,8,40,20,20,12,8,0,8,40
110,dublin,"PHIBSBOROUGH ROAD","Phibsborough Road",53.3563,-6.27372,0,0,OPEN,"2025-02-22 11:52:14",1,0,{},20,20,12,8,0,8,40,20,20,12,8,0,8,40
110,dublin,"PHIBSBOROUGH ROAD","Phibsborough Road",53.3563,-6.27372,0,0,OPEN,"2025-02-22 11:56:08",1,0,{},20,20,12,8,0,8,40,20,20,12,8,0,8,40
110,dublin,"PHIBSBOROUGH ROAD","Phibsborough Road",53.3563,-6.27372,0,0,OPEN,"2025-02-22 12:06:13",1,0,{},20,20,12,8,0,8,40,20,20,12,8,0,8,40
110,dublin,"PHIBSBOROUGH ROAD","Phibsborough Road",53.3563,-6.27372,0,0,OPEN,"2025-02-22 12:16:16",1,0,{},20,20,12,8,0,8,40,20,20,12,8,0,8,40
110,dublin,"PHIBSBOROUGH ROAD","Phibsborough Road",53.3563,-6.27372,0,0,OPEN,"2025-02-22 12:26:21",1,0,{},20,20,12,8,0,8,40,20,20,12,8,0,8,40
110,dublin,"PHIBSBOROUGH ROAD","Phibsborough Road",53.3563,-6.27372,0,0,OPEN,"2025-02-22 12:37:22",1,0,{},20,20,12,8,0,8,40,20,20,12,8,0,8,40
110,dublin,"PHIBSBOROUGH ROAD","Phibsborough Road",53.3563,-6.27372,0,0,OPEN,"2025-02-22 12:46:30",1,0,{},20,20,12,8,0,8,40,20,20,12,8,0,8,40
110,dublin,"PHIBSBOROUGH ROAD","Phibsborough Road",53.3563,-6.27372,0,0,OPEN,"2025-02-22 12:56:34",1,0,{},20,20,12,8,0,8,40,20,20,12,8,0,8,40
110,dublin,"PHIBSBOROUGH ROAD","Phibsborough Road",53.3563,-6.27372,0,0,OPEN,"2025-02-22 13:06:41",1,0,{},19,21,11,8,0,8,40,19,21,11,8,0,8,40
110,dublin,"PHIBSBOROUGH ROAD","Phibsborough Road",53.3563,-6.27372,0,0,OPEN,"2025-02-22 13:16:45",1,0,{},19,21,11,8,0,8,40,19,21,11,8,0,8,40
110,dublin,"PHIBSBOROUGH ROAD","Phibsborough Road",53.3563,-6.27372,0,0,OPEN,"2025-02-22 13:26:49",1,0,{},19,21,11,8,0,8,40,19,21,11,8,0,8,40
110,dublin,"PHIBSBOROUGH ROAD","Phibsborough Road",53.3563,-6.27372,0,0,OPEN,"2025-02-22 13:36:53",1,0,{},19,21,11,8,0,8,40,19,21,11,8,0,8,40
110,dublin,"PHIBSBOROUGH ROAD","Phibsborough Road",53.3563,-6.27372,0,0,OPEN,"2025-02-22 13:46:57",1,0,{},19,21,11,8,0,8,40,19,21,11,8,0,8,40
110,dublin,"PHIBSBOROUGH ROAD","Phibsborough Road",53.3563,-6.27372,0,0,OPEN,"2025-02-22 13:52:38",1,0,{},20,20,12,8,0,8,40,20,20,12,8,0,8,40
110,dublin,"PHIBSBOROUGH ROAD","Phibsborough Road",53.3563,-6.27372,0,0,OPEN,"2025-02-22 13:57:42",1,0,{},19,21,11,8,0,8,40,19,21,11,8,0,8,40
110,dublin,"PHIBSBOROUGH ROAD","Phibsborough Road",53.3563,-6.27372,0,0,OPEN,"2025-02-22 14:02:54",1,0,{},19,21,10,9,0,9,40,19,21,10,9,0,9,40
110,dublin,"PHIBSBOROUGH ROAD","Phibsborough Road",53.3563,-6.27372,0,0,OPEN,"2025-02-22 14:07:13",1,0,{},18,22,10,8,0,8,40,18,22,10,8,0,8,40
110,dublin,"PHIBSBOROUGH ROAD","Phibsborough Road",53.3563,-6.27372,0,0,OPEN,"2025-02-22 14:17:19",1,0,{},19,21,10,9,0,9,40,19,21,10,9,0,9,40
110,dublin,"PHIBSBOROUGH ROAD","Phibsborough Road",53.3563,-6.27372,0,0,OPEN,"2025-02-22 14:18:34",1,0,{},20,20,11,9,0,9,40,20,20,11,9,0,9,40
110,dublin,"PHIBSBOROUGH ROAD","Phibsborough Road",53.3563,-6.27372,0,0,OPEN,"2025-02-22 14:27:24",1,0,{},20,20,11,9,0,9,40,20,20,11,9,0,9,40
110,dublin,"PHIBSBOROUGH ROAD","Phibsborough Road",53.3563,-6.27372,0,0,OPEN,"2025-02-22 14:32:27",1,0,{},20,20,11,9,0,9,40,20,20,11,9,0,9,40
110,dublin,"PHIBSBOROUGH ROAD","Phibsborough Road",53.3563,-6.27372,0,0,OPEN,"2025-02-22 14:37:29",1,0,{},20,20,11,9,0,9,40,20,20,11,9,0,9,40
110,dublin,"PHIBSBOROUGH ROAD","Phibsborough Road",53.3563,-6.27372,0,0,OPEN,"2025-02-22 14:47:34",1,0,{},19,21,10,9,0,9,40,19,21,10,9,0,9,40
110,dublin,"PHIBSBOROUGH ROAD","Phibsborough Road",53.3563,-6.27372,0,0,OPEN,"2025-02-22 14:57:38",1,0,{},19,21,10,9,0,9,40,19,21,10,9,0,9,40
110,dublin,"PHIBSBOROUGH ROAD","Phibsborough Road",53.3563,-6.27372,0,0,OPEN,"2025-02-22 15:07:43",1,0,{},20,20,11,9,0,9,40,20,20,11,9,0,9,40
110,dublin,"PHIBSBOROUGH ROAD","Phibsborough Road",53.3563,-6.27372,0,0,OPEN,"2025-02-22 15:17:47",1,0,{},20,20,11,9,0,9,40,20,20,11,9,0,9,40
110,dublin,"PHIBSBOROUGH ROAD","Phibsborough Road",53.3563,-6.27372,0,0,OPEN,"2025-02-22 15:27:51",1,0,{},20,20,11,9,0,9,40,20,20,11,9,0,9,40
110,dublin,"PHIBSBOROUGH ROAD","Phibsborough Road",53.3563,-6.27372,0,0,OPEN,"2025-02-22 15:30:31",1,0,{},18,22,11,7,0,7,40,18,22,11,7,0,7,40
110,dublin,"PHIBSBOROUGH ROAD","Phibsborough Road",53.3563,-6.27372,0,0,OPEN,"2025-02-22 15:37:58",1,0,{},18,22,11,7,0,7,40,18,22,11,7,0,7,40
110,dublin,"PHIBSBOROUGH ROAD","Phibsborough Road",53.3563,-6.27372,0,0,OPEN,"2025-02-22 15:48:02",1,0,{},18,22,11,7,0,7,40,18,22,11,7,0,7,40
110,dublin,"PHIBSBOROUGH ROAD","Phibsborough Road",53.3563,-6.27372,0,0,OPEN,"2025-02-22 15:58:09",1,0,{},16,24,9,7,0,7,40,16,24,9,7,0,7,40
110,dublin,"PHIBSBOROUGH ROAD","Phibsborough Road",53.3563,-6.27372,0,0,OPEN,"2025-02-22 16:08:13",1,0,{},16,24,9,7,0,7,40,16,24,9,7,0,7,40
110,dublin,"PHIBSBOROUGH ROAD","Phibsborough Road",53.3563,-6.27372,0,0,OPEN,"2025-02-22 16:18:17",1,0,{},16,24,9,7,0,7,40,16,24,9,7,0,7,40
110,dublin,"PHIBSBOROUGH ROAD","Phibsborough Road",53.3563,-6.27372,0,0,OPEN,"2025-02-22 16:28:21",1,0,{},16,24,9,7,0,7,40,16,24,9,7,0,7,40
110,dublin,"PHIBSBOROUGH ROAD","Phibsborough Road",53.3563,-6.27372,0,0,OPEN,"2025-02-22 16:38:25",1,0,{},16,24,9,7,0,7,40,16,24,9,7,0,7,40
110,dublin,"PHIBSBOROUGH ROAD","Phibsborough Road",53.3563,-6.27372,0,0,OPEN,"2025-02-22 16:48:32",1,0,{},16,24,10,6,0,6,40,16,24,10,6,0,6,40
110,dublin,"PHIBSBOROUGH ROAD","Phibsborough Road",53.3563,-6.27372,0,0,OPEN,"2025-02-22 16:58:01",1,0,{},15,25,9,6,0,6,40,15,25,9,6,0,6,40
110,dublin,"PHIBSBOROUGH ROAD","Phibsborough Road",53.3563,-6.27372,0,0,OPEN,"2025-02-22 16:58:38",1,0,{},15,25,9,6,0,6,40,15,25,9,6,0,6,40
110,dublin,"PHIBSBOROUGH ROAD","Phibsborough Road",53.3563,-6.27372,0,0,OPEN,"2025-02-22 17:08:01",1,0,{},13,27,8,5,0,5,40,13,27,8,5,0,5,40
110,dublin,"PHIBSBOROUGH ROAD","Phibsborough Road",53.3563,-6.27372,0,0,OPEN,"2025-02-22 17:08:44",1,0,{},13,27,8,5,0,5,40,13,27,8,5,0,5,40
110,dublin,"PHIBSBOROUGH ROAD","Phibsborough Road",53.3563,-6.27372,0,0,OPEN,"2025-02-22 17:18:48",1,0,{},13,27,8,5,0,5,40,13,27,8,5,0,5,40
110,dublin,"PHIBSBOROUGH ROAD","Phibsborough Road",53.3563,-6.27372,0,0,OPEN,"2025-02-22 17:28:04",1,0,{},14,26,9,5,0,5,40,14,26,9,5,0,5,40
110,dublin,"PHIBSBOROUGH ROAD","Phibsborough Road",53.3563,-6.27372,0,0,OPEN,"2025-02-22 17:28:52",1,0,{},14,26,9,5,0,5,40,14,26,9,5,0,5,40
110,dublin,"PHIBSBOROUGH ROAD","Phibsborough Road",53.3563,-6.27372,0,0,OPEN,"2025-02-22 17:37:58",1,0,{},13,27,8,5,0,5,40,13,27,8,5,0,5,40
110,dublin,"PHIBSBOROUGH ROAD","Phibsborough Road",53.3563,-6.27372,0,0,OPEN,"2025-02-22 17:38:58",1,0,{},13,27,8,5,0,5,40,13,27,8,5,0,5,40
110,dublin,"PHIBSBOROUGH ROAD","Phibsborough Road",53.3563,-6.27372,0,0,OPEN,"2025-02-22 17:44:05",1,0,{},12,28,7,5,0,5,40,12,28,7,5,0,5,40
110,dublin,"PHIBSBOROUGH ROAD","Phibsborough Road",53.3563,-6.27372,0,0,OPEN,"2025-02-22 17:49:04",1,0,{},12,28,7,5,0,5,40,12,28,7,5,0,5,40
110,dublin,"PHIBSBOROUGH ROAD","Phibsborough Road",53.3563,-6.27372,0,0,OPEN,"2025-02-22 17:59:08",1,0,{},12,28,7,5,0,5,40,12,28,7,5,0,5,40
110,dublin,"PHIBSBOROUGH ROAD","Phibsborough Road",53.3563,-6.27372,0,0,OPEN,"2025-02-22 18:13:16",1,0,{},12,28,7,5,0,5,40,12,28,7,5,0,5,40
110,dublin,"PHIBSBOROUGH ROAD","Phibsborough Road",53.3563,-6.27372,0,0,OPEN,"2025-02-22 18:19:17",1,0,{},12,28,7,5,0,5,40,12,28,7,5,0,5,40
110,dublin,"PHIBSBOROUGH ROAD","Phibsborough Road",53.3563,-6.27372,0,0,OPEN,"2025-02-22 18:32:07",1,0,{},13,27,7,6,0,6,40,13,27,7,6,0,6,40
110,dublin,"PHIBSBOROUGH ROAD","Phibsborough Road",53.3563,-6.27372,0,0,OPEN,"2025-02-22 18:39:27",1,0,{},13,27,7,6,0,6,40,13,27,7,6,0,6,40
110,dublin,"PHIBSBOROUGH ROAD","Phibsborough Road",53.3563,-6.27372,0,0,OPEN,"2025-02-22 18:49:14",1,0,{},12,28,6,6,0,6,40,12,28,6,6,0,6,40
110,dublin,"PHIBSBOROUGH ROAD","Phibsborough Road",53.3563,-6.27372,0,0,OPEN,"2025-02-22 18:49:34",1,0,{},12,28,6,6,0,6,40,12,28,6,6,0,6,40
110,dublin,"PHIBSBOROUGH ROAD","Phibsborough Road",53.3563,-6.27372,0,0,OPEN,"2025-02-22 18:59:39",1,0,{},12,28,6,6,0,6,40,12,28,6,6,0,6,40
110,dublin,"PHIBSBOROUGH ROAD","Phibsborough Road",53.3563,-6.27372,0,0,OPEN,"2025-02-22 19:09:46",1,0,{},13,27,7,6,0,6,40,13,27,7,6,0,6,40
110,dublin,"PHIBSBOROUGH ROAD","Phibsborough Road",53.3563,-6.27372,0,0,OPEN,"2025-02-22 19:19:50",1,0,{},13,27,7,6,0,6,40,13,27,7,6,0,6,40
110,dublin,"PHIBSBOROUGH ROAD","Phibsborough Road",53.3563,-6.27372,0,0,OPEN,"2025-02-22 19:29:55",1,0,{},13,27,7,6,0,6,40,13,27,7,6,0,6,40
110,dublin,"PHIBSBOROUGH ROAD","Phibsborough Road",53.3563,-6.27372,0,0,OPEN,"2025-02-22 19:39:59",1,0,{},13,27,7,6,0,6,40,13,27,7,6,0,6,40
110,dublin,"PHIBSBOROUGH ROAD","Phibsborough Road",53.3563,-6.27372,0,0,OPEN,"2025-02-22 19:52:12",1,0,{},14,26,8,6,0,6,40,14,26,8,6,0,6,40
110,dublin,"PHIBSBOROUGH ROAD","Phibsborough Road",53.3563,-6.27372,0,0,OPEN,"2025-02-22 20:00:08",1,0,{},14,26,8,6,0,6,40,14,26,8,6,0,6,40
110,dublin,"PHIBSBOROUGH ROAD","Phibsborough Road",53.3563,-6.27372,0,0,OPEN,"2025-02-22 20:10:12",1,0,{},14,26,8,6,0,6,40,14,26,8,6,0,6,40
110,dublin,"PHIBSBOROUGH ROAD","Phibsborough Road",53.3563,-6.27372,0,0,OPEN,"2025-02-22 20:20:16",1,0,{},14,26,8,6,0,6,40,14,26,8,6,0,6,40
110,dublin,"PHIBSBOROUGH ROAD","Phibsborough Road",53.3563,-6.27372,0,0,OPEN,"2025-02-22 20:30:20",1,0,{},14,26,8,6,0,6,40,14,26,8,6,0,6,40
110,dublin,"PHIBSBOROUGH ROAD","Phibsborough Road",53.3563,-6.27372,0,0,OPEN,"2025-02-22 20:40:24",1,0,{},14,26,8,6,0,6,40,14,26,8,6,0,6,40
110,dublin,"PHIBSBOROUGH ROAD","Phibsborough Road",53.3563,-6.27372,0,0,OPEN,"2025-02-22 20:50:28",1,0,{},14,26,8,6,0,6,40,14,26,8,6,0,6,40
110,dublin,"PHIBSBOROUGH ROAD","Phibsborough Road",53.3563,-6.27372,0,0,OPEN,"2025-02-22 20:55:07",1,0,{},15,25,8,7,0,7,40,15,25,8,7,0,7,40
110,dublin,"PHIBSBOROUGH ROAD","Phibsborough Road",53.3563,-6.27372,0,0,OPEN,"2025-02-22 21:00:31",1,0,{},15,25,8,7,0,7,40,15,25,8,7,0,7,40
110,dublin,"PHIBSBOROUGH ROAD","Phibsborough Road",53.3563,-6.27372,0,0,OPEN,"2025-02-22 21:10:35",1,0,{},15,25,8,7,0,7,40,15,25,8,7,0,7,40
110,dublin,"PHIBSBOROUGH ROAD","Phibsborough Road",53.3563,-6.27372,0,0,OPEN,"2025-02-22 21:23:40",1,0,{},14,26,8,6,0,6,40,14,26,8,6,0,6,40
110,dublin,"PHIBSBOROUGH ROAD","Phibsborough Road",53.3563,-6.27372,0,0,OPEN,"2025-02-22 21:30:44",1,0,{},14,26,8,6,0,6,40,14,26,8,6,0,6,40
110,dublin,"PHIBSBOROUGH ROAD","Phibsborough Road",53.3563,-6.27372,0,0,OPEN,"2025-02-22 21:40:48",1,0,{},14,26,8,6,0,6,40,14,26,8,6,0,6,40
110,dublin,"PHIBSBOROUGH ROAD","Phibsborough Road",53.3563,-6.27372,0,0,OPEN,"2025-02-22 21:51:17",1,0,{},15,25,9,6,0,6,40,15,25,9,6,0,6,40
110,dublin,"PHIBSBOROUGH ROAD","Phibsborough Road",53.3563,-6.27372,0,0,OPEN,"2025-02-22 21:54:38",1,0,{},15,25,9,6,0,6,40,15,25,9,6,0,6,40
110,dublin,"PHIBSBOROUGH ROAD","Phibsborough Road",53.3563,-6.27372,0,0,OPEN,"2025-02-22 22:00:56",1,0,{},15,25,9,6,0,6,40,15,25,9,6,0,6,40
110,dublin,"PHIBSBOROUGH ROAD","Phibsborough Road",53.3563,-6.27372,0,0,OPEN,"2025-02-22 22:10:59",1,0,{},15,25,9,6,0,6,40,15,25,9,6,0,6,40
110,dublin,"PHIBSBOROUGH ROAD","Phibsborough Road",53.3563,-6.27372,0,0,OPEN,"2025-02-22 22:17:22",1,0,{},16,24,10,6,0,6,40,16,24,10,6,0,6,40
111,dublin,"MOUNTJOY SQUARE EAST","Mountjoy Square East",53.3567,-6.25636,0,0,OPEN,"2025-02-22 02:58:10",1,0,{},5,35,4,1,0,1,40,5,35,4,1,0,1,40
111,dublin,"MOUNTJOY SQUARE EAST","Mountjoy Square East",53.3567,-6.25636,0,0,OPEN,"2025-02-22 03:08:14",1,0,{},5,35,4,1,0,1,40,5,35,4,1,0,1,40
111,dublin,"MOUNTJOY SQUARE EAST","Mountjoy Square East",53.3567,-6.25636,0,0,OPEN,"2025-02-22 03:15:29",1,0,{},5,35,4,1,0,1,40,5,35,4,1,0,1,40
111,dublin,"MOUNTJOY SQUARE EAST","Mountjoy Square East",53.3567,-6.25636,0,0,OPEN,"2025-02-22 03:16:32",1,0,{},5,35,4,1,0,1,40,5,35,4,1,0,1,40
111,dublin,"MOUNTJOY SQUARE EAST","Mountjoy Square East",53.3567,-6.25636,0,0,OPEN,"2025-02-22 10:08:12",1,0,{},0,40,0,0,0,0,40,0,40,0,0,0,0,40
111,dublin,"MOUNTJOY SQUARE EAST","Mountjoy Square East",53.3567,-6.25636,0,0,OPEN,"2025-02-22 10:18:16",1,0,{},0,40,0,0,0,0,40,0,40,0,0,0,0,40
111,dublin,"MOUNTJOY SQUARE EAST","Mountjoy Square East",53.3567,-6.25636,0,0,OPEN,"2025-02-22 10:28:19",1,0,{},0,40,0,0,0,0,40,0,40,0,0,0,0,40
111,dublin,"MOUNTJOY SQUARE EAST","Mountjoy Square East",53.3567,-6.25636,0,0,OPEN,"2025-02-22 10:38:23",1,0,{},0,40,0,0,0,0,40,0,40,0,0,0,0,40
111,dublin,"MOUNTJOY SQUARE EAST","Mountjoy Square East",53.3567,-6.25636,0,0,OPEN,"2025-02-22 10:48:27",1,0,{},0,40,0,0,0,0,40,0,40,0,0,0,0,40
111,dublin,"MOUNTJOY SQUARE EAST","Mountjoy Square East",53.3567,-6.25636,0,0,OPEN,"2025-02-22 10:58:31",1,0,{},1,39,1,0,0,0,40,1,39,1,0,0,0,40
111,dublin,"MOUNTJOY SQUARE EAST","Mountjoy Square East",53.3567,-6.25636,0,0,OPEN,"2025-02-22 11:07:42",1,0,{},0,40,0,0,0,0,40,0,40,0,0,0,0,40
111,dublin,"MOUNTJOY SQUARE EAST","Mountjoy Square East",53.3567,-6.25636,0,0,OPEN,"2025-02-22 11:08:36",1,0,{},0,40,0,0,0,0,40,0,40,0,0,0,0,40
111,dublin,"MOUNTJOY SQUARE EAST","Mountjoy Square East",53.3567,-6.25636,0,0,OPEN,"2025-02-22 11:18:40",1,0,{},0,40,0,0,0,0,40,0,40,0,0,0,0,40
111,dublin,"MOUNTJOY SQUARE EAST","Mountjoy Square East",53.3567,-6.25636,0,0,OPEN,"2025-02-22 11:28:44",1,0,{},1,39,1,0,0,0,40,1,39,1,0,0,0,40
111,dublin,"MOUNTJOY SQUARE EAST","Mountjoy Square East",53.3567,-6.25636,0,0,OPEN,"2025-02-22 11:41:54",1,0,{},0,40,0,0,0,0,40,0,40,0,0,0,0,40
111,dublin,"MOUNTJOY SQUARE EAST","Mountjoy Square East",53.3567,-6.25636,0,0,OPEN,"2025-02-22 11:46:56",1,0,{},1,39,0,1,0,1,40,1,39,0,1,0,1,40
111,dublin,"MOUNTJOY SQUARE EAST","Mountjoy Square East",53.3567,-6.25636,0,0,OPEN,"2025-02-22 11:48:52",1,0,{},1,39,0,1,0,1,40,1,39,0,1,0,1,40
111,dublin,"MOUNTJOY SQUARE EAST","Mountjoy Square East",53.3567,-6.25636,0,0,OPEN,"2025-02-22 11:54:28",1,0,{},2,38,0,2,0,2,40,2,38,0,2,0,2,40
111,dublin,"MOUNTJOY SQUARE EAST","Mountjoy Square East",53.3567,-6.25636,0,0,OPEN,"2025-02-22 12:01:40",1,0,{},3,37,1,2,0,2,40,3,37,1,2,0,2,40
111,dublin,"MOUNTJOY SQUARE EAST","Mountjoy Square East",53.3567,-6.25636,0,0,OPEN,"2025-02-22 12:09:01",1,0,{},3,37,1,2,0,2,40,3,37,1,2,0,2,40
111,dublin,"MOUNTJOY SQUARE EAST","Mountjoy Square East",53.3567,-6.25636,0,0,OPEN,"2025-02-22 12:19:04",1,0,{},3,37,1,2,0,2,40,3,37,1,2,0,2,40
111,dublin,"MOUNTJOY SQUARE EAST","Mountjoy Square East",53.3567,-6.25636,0,0,OPEN,"2025-02-22 12:27:55",1,0,{},3,37,1,2,0,2,40,3,37,1,2,0,2,40
111,dublin,"MOUNTJOY SQUARE EAST","Mountjoy Square East",53.3567,-6.25636,0,0,OPEN,"2025-02-22 12:29:09",1,0,{},3,37,1,2,0,2,40,3,37,1,2,0,2,40
111,dublin,"MOUNTJOY SQUARE EAST","Mountjoy Square East",53.3567,-6.25636,0,0,OPEN,"2025-02-22 12:36:27",1,0,{},2,38,0,2,0,2,40,2,38,0,2,0,2,40
111,dublin,"MOUNTJOY SQUARE EAST","Mountjoy Square East",53.3567,-6.25636,0,0,OPEN,"2025-02-22 12:39:15",1,0,{},2,38,0,2,0,2,40,2,38,0,2,0,2,40
111,dublin,"MOUNTJOY SQUARE EAST","Mountjoy Square East",53.3567,-6.25636,0,0,OPEN,"2025-02-22 12:49:19",1,0,{},2,38,0,2,0,2,40,2,38,0,2,0,2,40
111,dublin,"MOUNTJOY SQUARE EAST","Mountjoy Square East",53.3567,-6.25636,0,0,OPEN,"2025-02-22 13:02:27",1,0,{},1,39,0,1,0,1,40,1,39,0,1,0,1,40
111,dublin,"MOUNTJOY SQUARE EAST","Mountjoy Square East",53.3567,-6.25636,0,0,OPEN,"2025-02-22 13:06:21",1,0,{},0,40,0,0,0,0,40,0,40,0,0,0,0,40
111,dublin,"MOUNTJOY SQUARE EAST","Mountjoy Square East",53.3567,-6.25636,0,0,OPEN,"2025-02-22 13:09:29",1,0,{},0,40,0,0,0,0,40,0,40,0,0,0,0,40
111,dublin,"MOUNTJOY SQUARE EAST","Mountjoy Square East",53.3567,-6.25636,0,0,OPEN,"2025-02-22 13:19:32",1,0,{},0,40,0,0,0,0,40,0,40,0,0,0,0,40
111,dublin,"MOUNTJOY SQUARE EAST","Mountjoy Square East",53.3567,-6.25636,0,0,OPEN,"2025-02-22 13:29:36",1,0,{},0,40,0,0,0,0,40,0,40,0,0,0,0,40
111,dublin,"MOUNTJOY SQUARE EAST","Mountjoy Square East",53.3567,-6.25636,0,0,OPEN,"2025-02-22 13:41:22",1,0,{},1,39,1,0,0,0,40,1,39,1,0,0,0,40
111,dublin,"MOUNTJOY SQUARE EAST","Mountjoy Square East",53.3567,-6.25636,0,0,OPEN,"2025-02-22 13:48:09",1,0,{},2,38,2,0,0,0,40,2,38,2,0,0,0,40
111,dublin,"MOUNTJOY SQUARE EAST","Mountjoy Square East",53.3567,-6.25636,0,0,OPEN,"2025-02-22 13:49:45",1,0,{},2,38,2,0,0,0,40,2,38,2,0,0,0,40
111,dublin,"MOUNTJOY SQUARE EAST","Mountjoy Square East",53.3567,-6.25636,0,0,OPEN,"2025-02-22 13:59:49",1,0,{},2,38,2,0,0,0,40,2,38,2,0,0,0,40
111,dublin,"MOUNTJOY SQUARE EAST","Mountjoy Square East",53.3567,-6.25636,0,0,OPEN,"2025-02-22 14:09:54",1,0,{},1,39,1,0,0,0,40,1,39,1,0,0,0,40
111,dublin,"MOUNTJOY SQUARE EAST","Mountjoy Square East",53.3567,-6.25636,0,0,OPEN,"2025-02-22 14:19:58",1,0,{},1,39,1,0,0,0,40,1,39,1,0,0,0,40
111,dublin,"MOUNTJOY SQUARE EAST","Mountjoy Square East",53.3567,-6.25636,0,0,OPEN,"2025-02-22 14:30:01",1,0,{},1,39,1,0,0,0,40,1,39,1,0,0,0,40
111,dublin,"MOUNTJOY SQUARE EAST","Mountjoy Square East",53.3567,-6.25636,0,0,OPEN,"2025-02-22 14:40:05",1,0,{},1,39,1,0,0,0,40,1,39,1,0,0,0,40
111,dublin,"MOUNTJOY SQUARE EAST","Mountjoy Square East",53.3567,-6.25636,0,0,OPEN,"2025-02-22 14:50:08",1,0,{},1,39,1,0,0,0,40,1,39,1,0,0,0,40
111,dublin,"MOUNTJOY SQUARE EAST","Mountjoy Square East",53.3567,-6.25636,0,0,OPEN,"2025-02-22 15:00:12",1,0,{},1,39,1,0,0,0,40,1,39,1,0,0,0,40
111,dublin,"MOUNTJOY SQUARE EAST","Mountjoy Square East",53.3567,-6.25636,0,0,OPEN,"2025-02-22 15:03:35",1,0,{},2,38,2,0,0,0,40,2,38,2,0,0,0,40
111,dublin,"MOUNTJOY SQUARE EAST","Mountjoy Square East",53.3567,-6.25636,0,0,OPEN,"2025-02-22 15:10:16",1,0,{},2,38,2,0,0,0,40,2,38,2,0,0,0,40
111,dublin,"MOUNTJOY SQUARE EAST","Mountjoy Square East",53.3567,-6.25636,0,0,OPEN,"2025-02-22 15:20:19",1,0,{},2,38,2,0,0,0,40,2,38,2,0,0,0,40
111,dublin,"MOUNTJOY SQUARE EAST","Mountjoy Square East",53.3567,-6.25636,0,0,OPEN,"2025-02-22 15:30:23",1,0,{},2,38,2,0,0,0,40,2,38,2,0,0,0,40
111,dublin,"MOUNTJOY SQUARE EAST","Mountjoy Square East",53.3567,-6.25636,0,0,OPEN,"2025-02-22 15:40:26",1,0,{},2,38,2,0,0,0,40,2,38,2,0,0,0,40
111,dublin,"MOUNTJOY SQUARE EAST","Mountjoy Square East",53.3567,-6.25636,0,0,OPEN,"2025-02-22 15:46:21",1,0,{},3,37,3,0,0,0,40,3,37,3,0,0,0,40
111,dublin,"MOUNTJOY SQUARE EAST","Mountjoy Square East",53.3567,-6.25636,0,0,OPEN,"2025-02-22 15:50:30",1,0,{},3,37,3,0,0,0,40,3,37,3,0,0,0,40
111,dublin,"MOUNTJOY SQUARE EAST","Mountjoy Square East",53.3567,-6.25636,0,0,OPEN,"2025-02-22 16:00:34",1,0,{},3,37,3,0,0,0,40,3,37,3,0,0,0,40
111,dublin,"MOUNTJOY SQUARE EAST","Mountjoy Square East",53.3567,-6.25636,0,0,OPEN,"2025-02-22 16:11:12",1,0,{},2,38,2,0,0,0,40,2,38,2,0,0,0,40
111,dublin,"MOUNTJOY SQUARE EAST","Mountjoy Square East",53.3567,-6.25636,0,0,OPEN,"2025-02-22 16:20:43",1,0,{},2,38,2,0,0,0,40,2,38,2,0,0,0,40
111,dublin,"MOUNTJOY SQUARE EAST","Mountjoy Square East",53.3567,-6.25636,0,0,OPEN,"2025-02-22 16:30:46",1,0,{},2,38,2,0,0,0,40,2,38,2,0,0,0,40
111,dublin,"MOUNTJOY SQUARE EAST","Mountjoy Square East",53.3567,-6.25636,0,0,OPEN,"2025-02-22 16:40:50",1,0,{},2,38,2,0,0,0,40,2,38,2,0,0,0,40
111,dublin,"MOUNTJOY SQUARE EAST","Mountjoy Square East",53.3567,-6.25636,0,0,OPEN,"2025-02-22 16:47:43",1,0,{},3,37,3,0,0,0,40,3,37,3,0,0,0,40
111,dublin,"MOUNTJOY SQUARE EAST","Mountjoy Square East",53.3567,-6.25636,0,0,OPEN,"2025-02-22 16:50:56",1,0,{},3,37,3,0,0,0,40,3,37,3,0,0,0,40
111,dublin,"MOUNTJOY SQUARE EAST","Mountjoy Square East",53.3567,-6.25636,0,0,OPEN,"2025-02-22 17:00:59",1,0,{},3,37,3,0,0,0,40,3,37,3,0,0,0,40
111,dublin,"MOUNTJOY SQUARE EAST","Mountjoy Square East",53.3567,-6.25636,0,0,OPEN,"2025-02-22 17:11:03",1,0,{},3,37,3,0,0,0,40,3,37,3,0,0,0,40
111,dublin,"MOUNTJOY SQUARE EAST","Mountjoy Square East",53.3567,-6.25636,0,0,OPEN,"2025-02-22 17:21:07",1,0,{},4,36,3,1,0,1,40,4,36,3,1,0,1,40
111,dublin,"MOUNTJOY SQUARE EAST","Mountjoy Square East",53.3567,-6.25636,0,0,OPEN,"2025-02-22 17:31:11",1,0,{},4,36,3,1,0,1,40,4,36,3,1,0,1,40
111,dublin,"MOUNTJOY SQUARE EAST","Mountjoy Square East",53.3567,-6.25636,0,0,OPEN,"2025-02-22 17:41:14",1,0,{},5,35,3,2,0,2,40,5,35,3,2,0,2,40
111,dublin,"MOUNTJOY SQUARE EAST","Mountjoy Square East",53.3567,-6.25636,0,0,OPEN,"2025-02-22 17:47:54",1,0,{},4,36,3,1,0,1,40,4,36,3,1,0,1,40
111,dublin,"MOUNTJOY SQUARE EAST","Mountjoy Square East",53.3567,-6.25636,0,0,OPEN,"2025-02-22 17:51:19",1,0,{},4,36,3,1,0,1,40,4,36,3,1,0,1,40
111,dublin,"MOUNTJOY SQUARE EAST","Mountjoy Square East",53.3567,-6.25636,0,0,OPEN,"2025-02-22 17:56:41",1,0,{},5,35,4,1,0,1,40,5,35,4,1,0,1,40
111,dublin,"MOUNTJOY SQUARE EAST","Mountjoy Square East",53.3567,-6.25636,0,0,OPEN,"2025-02-22 18:02:49",1,0,{},6,34,4,2,0,2,40,6,34,4,2,0,2,40
111,dublin,"MOUNTJOY SQUARE EAST","Mountjoy Square East",53.3567,-6.25636,0,0,OPEN,"2025-02-22 18:12:23",1,0,{},5,35,4,1,0,1,40,5,35,4,1,0,1,40
111,dublin,"MOUNTJOY SQUARE EAST","Mountjoy Square East",53.3567,-6.25636,0,0,OPEN,"2025-02-22 18:16:08",1,0,{},6,34,4,2,0,2,40,6,34,4,2,0,2,40
111,dublin,"MOUNTJOY SQUARE EAST","Mountjoy Square East",53.3567,-6.25636,0,0,OPEN,"2025-02-22 18:22:22",1,0,{},7,33,4,3,0,3,40,7,33,4,3,0,3,40
111,dublin,"MOUNTJOY SQUARE EAST","Mountjoy Square East",53.3567,-6.25636,0,0,OPEN,"2025-02-22 18:26:45",1,0,{},8,32,4,4,0,4,40,8,32,4,4,0,4,40
111,dublin,"MOUNTJOY SQUARE EAST","Mountjoy Square East",53.3567,-6.25636,0,0,OPEN,"2025-02-22 18:31:38",1,0,{},8,32,4,4,0,4,40,8,32,4,4,0,4,40
111,dublin,"MOUNTJOY SQUARE EAST","Mountjoy Square East",53.3567,-6.25636,0,0,OPEN,"2025-02-22 18:43:23",1,0,{},10,30,6,4,0,4,40,10,30,6,4,0,4,40
111,dublin,"MOUNTJOY SQUARE EAST","Mountjoy Square East",53.3567,-6.25636,0,0,OPEN,"2025-02-22 18:46:07",1,0,{},11,29,7,4,0,4,40,11,29,7,4,0,4,40
111,dublin,"MOUNTJOY SQUARE EAST","Mountjoy Square East",53.3567,-6.25636,0,0,OPEN,"2025-02-22 18:51:51",1,0,{},11,29,7,4,0,4,40,11,29,7,4,0,4,40
111,dublin,"MOUNTJOY SQUARE EAST","Mountjoy Square East",53.3567,-6.25636,0,0,OPEN,"2025-02-22 19:01:52",1,0,{},11,29,7,4,0,4,40,11,29,7,4,0,4,40
111,dublin,"MOUNTJOY SQUARE EAST","Mountjoy Square East",53.3567,-6.25636,0,0,OPEN,"2025-02-22 19:05:09",1,0,{},12,28,8,4,0,4,40,12,28,8,4,0,4,40
111,dublin,"MOUNTJOY SQUARE EAST","Mountjoy Square East",53.3567,-6.25636,0,0,OPEN,"2025-02-22 19:11:56",1,0,{},12,28,8,4,0,4,40,12,28,8,4,0,4,40
111,dublin,"MOUNTJOY SQUARE EAST","Mountjoy Square East",53.3567,-6.25636,0,0,OPEN,"2025-02-22 19:23:05",1,0,{},11,29,7,4,0,4,40,11,29,7,4,0,4,40
111,dublin,"MOUNTJOY SQUARE EAST","Mountjoy Square East",53.3567,-6.25636,0,0,OPEN,"2025-02-22 19:32:06",1,0,{},11,29,7,4,0,4,40,11,29,7,4,0,4,40
111,dublin,"MOUNTJOY SQUARE EAST","Mountjoy Square East",53.3567,-6.25636,0,0,OPEN,"2025-02-22 19:42:09",1,0,{},11,29,7,4,0,4,40,11,29,7,4,0,4,40
111,dublin,"MOUNTJOY SQUARE EAST","Mountjoy Square East",53.3567,-6.25636,0,0,OPEN,"2025-02-22 19:49:02",1,0,{},11,29,6,5,0,5,40,11,29,6,5,0,5,40
111,dublin,"MOUNTJOY SQUARE EAST","Mountjoy Square East",53.3567,-6.25636,0,0,OPEN,"2025-02-22 19:52:14",1,0,{},11,29,6,5,0,5,40,11,29,6,5,0,5,40
111,dublin,"MOUNTJOY SQUARE EAST","Mountjoy Square East",53.3567,-6.25636,0,0,OPEN,"2025-02-22 19:55:52",1,0,{},12,28,6,6,0,6,40,12,28,6,6,0,6,40
111,dublin,"MOUNTJOY SQUARE EAST","Mountjoy Square East",53.3567,-6.25636,0,0,OPEN,"2025-02-22 20:02:19",1,0,{},12,28,6,6,0,6,40,12,28,6,6,0,6,40
111,dublin,"MOUNTJOY SQUARE EAST","Mountjoy Square East",53.3567,-6.25636,0,0,OPEN,"2025-02-22 20:12:22",1,0,{},12,28,6,6,0,6,40,12,28,6,6,0,6,40
111,dublin,"MOUNTJOY SQUARE EAST","Mountjoy Square East",53.3567,-6.25636,0,0,OPEN,"2025-02-22 20:22:26",1,0,{},12,28,6,6,0,6,40,12,28,6,6,0,6,40
111,dublin,"MOUNTJOY SQUARE EAST","Mountjoy Square East",53.3567,-6.25636,0,0,OPEN,"2025-02-22 20:32:30",1,0,{},12,28,6,6,0,6,40,12,28,6,6,0,6,40
111,dublin,"MOUNTJOY SQUARE EAST","Mountjoy Square East",53.3567,-6.25636,0,0,OPEN,"2025-02-22 20:42:36",1,0,{},11,29,5,6,0,6,40,11,29,5,6,0,6,40
111,dublin,"MOUNTJOY SQUARE EAST","Mountjoy Square East",53.3567,-6.25636,0,0,OPEN,"2025-02-22 20:44:56",1,0,{},10,30,4,6,0,6,40,10,30,4,6,0,6,40
111,dublin,"MOUNTJOY SQUARE EAST","Mountjoy Square East",53.3567,-6.25636,0,0,OPEN,"2025-02-22 20:52:42",1,0,{},10,30,4,6,0,6,40,10,30,4,6,0,6,40
111,dublin,"MOUNTJOY SQUARE EAST","Mountjoy Square East",53.3567,-6.25636,0,0,OPEN,"2025-02-22 21:02:45",1,0,{},10,30,4,6,0,6,40,10,30,4,6,0,6,40
111,dublin,"MOUNTJOY SQUARE EAST","Mountjoy Square East",53.3567,-6.25636,0,0,OPEN,"2025-02-22 21:12:49",1,0,{},10,30,4,6,0,6,40,10,30,4,6,0,6,40
111,dublin,"MOUNTJOY SQUARE EAST","Mountjoy Square East",53.3567,-6.25636,0,0,OPEN,"2025-02-22 21:22:52",1,0,{},10,30,4,6,0,6,40,10,30,4,6,0,6,40
111,dublin,"MOUNTJOY SQUARE EAST","Mountjoy Square East",53.3567,-6.25636,0,0,OPEN,"2025-02-22 21:32:55",1,0,{},10,30,4,6,0,6,40,10,30,4,6,0,6,40
111,dublin,"MOUNTJOY SQUARE EAST","Mountjoy Square East",53.3567,-6.25636,0,0,OPEN,"2025-02-22 21:42:59",1,0,{},10,30,4,6,0,6,40,10,30,4,6,0,6,40
111,dublin,"MOUNTJOY SQUARE EAST","Mountjoy Square East",53.3567,-6.25636,0,0,OPEN,"2025-02-22 21:53:02",1,0,{},10,30,4,6,0,6,40,10,30,4,6,0,6,40
111,dublin,"MOUNTJOY SQUARE EAST","Mountjoy Square East",53.3567,-6.25636,0,0,OPEN,"2025-02-22 22:03:06",1,0,{},10,30,4,6,0,6,40,10,30,4,6,0,6,40
111,dublin,"MOUNTJOY SQUARE EAST","Mountjoy Square East",53.3567,-6.25636,0,0,OPEN,"2025-02-22 22:13:10",1,0,{},10,30,4,6,0,6,40,10,30,4,6,0,6,40
112,dublin,"NORTH CIRCULAR ROAD (O'CONNELL'S)","North Circular Road (O'Connell's)",53.3578,-6.25156,0,0,OPEN,"2025-02-22 02:54:03",1,0,{},30,0,19,11,0,11,30,30,0,19,11,0,11,30
112,dublin,"NORTH CIRCULAR ROAD (O'CONNELL'S)","North Circular Road (O'Connell's)",53.3578,-6.25156,0,0,OPEN,"2025-02-22 03:14:13",1,0,{},30,0,19,11,0,11,30,30,0,19,11,0,11,30
112,dublin,"NORTH CIRCULAR ROAD (O'CONNELL'S)","North Circular Road (O'Connell's)",53.3578,-6.25156,0,0,OPEN,"2025-02-22 03:16:30",1,0,{},30,0,19,11,0,11,30,30,0,19,11,0,11,30
112,dublin,"NORTH CIRCULAR ROAD (O'CONNELL'S)","North Circular Road (O'Connell's)",53.3578,-6.25156,0,0,OPEN,"2025-02-22 10:11:10",1,0,{},11,19,4,7,0,7,30,11,19,4,7,0,7,30
112,dublin,"NORTH CIRCULAR ROAD (O'CONNELL'S)","North Circular Road (O'Connell's)",53.3578,-6.25156,0,0,OPEN,"2025-02-22 10:21:16",1,0,{},11,19,4,7,0,7,30,11,19,4,7,0,7,30
112,dublin,"NORTH CIRCULAR ROAD (O'CONNELL'S)","North Circular Road (O'Connell's)",53.3578,-6.25156,0,0,OPEN,"2025-02-22 10:26:55",1,0,{},10,20,4,6,0,6,30,10,20,4,6,0,6,30
112,dublin,"NORTH CIRCULAR ROAD (O'CONNELL'S)","North Circular Road (O'Connell's)",53.3578,-6.25156,0,0,OPEN,"2025-02-22 10:31:23",1,0,{},9,21,3,6,0,6,30,9,21,3,6,0,6,30
112,dublin,"NORTH CIRCULAR ROAD (O'CONNELL'S)","North Circular Road (O'Connell's)",53.3578,-6.25156,0,0,OPEN,"2025-02-22 10:41:29",1,0,{},9,21,3,6,0,6,30,9,21,3,6,0,6,30
112,dublin,"NORTH CIRCULAR ROAD (O'CONNELL'S)","North Circular Road (O'Connell's)",53.3578,-6.25156,0,0,OPEN,"2025-02-22 10:47:24",1,0,{},8,22,2,6,0,6,30,8,22,2,6,0,6,30
112,dublin,"NORTH CIRCULAR ROAD (O'CONNELL'S)","North Circular Road (O'Connell's)",53.3578,-6.25156,0,0,OPEN,"2025-02-22 10:51:35",1,0,{},8,22,2,6,0,6,30,8,22,2,6,0,6,30
112,dublin,"NORTH CIRCULAR ROAD (O'CONNELL'S)","North Circular Road (O'Connell's)",53.3578,-6.25156,0,0,OPEN,"2025-02-22 11:02:00",1,0,{},8,22,2,6,0,6,30,8,22,2,6,0,6,30
112,dublin,"NORTH CIRCULAR ROAD (O'CONNELL'S)","North Circular Road (O'Connell's)",53.3578,-6.25156,0,0,OPEN,"2025-02-22 11:08:12",1,0,{},9,21,2,7,0,7,30,9,21,2,7,0,7,30
112,dublin,"NORTH CIRCULAR ROAD (O'CONNELL'S)","North Circular Road (O'Connell's)",53.3578,-6.25156,0,0,OPEN,"2025-02-22 11:11:49",1,0,{},9,21,2,7,0,7,30,9,21,2,7,0,7,30
112,dublin,"NORTH CIRCULAR ROAD (O'CONNELL'S)","North Circular Road (O'Connell's)",53.3578,-6.25156,0,0,OPEN,"2025-02-22 11:21:54",1,0,{},9,21,2,7,0,7,30,9,21,2,7,0,7,30
112,dublin,"NORTH CIRCULAR ROAD (O'CONNELL'S)","North Circular Road (O'Connell's)",53.3578,-6.25156,0,0,OPEN,"2025-02-22 11:25:25",1,0,{},10,20,3,7,0,7,30,10,20,3,7,0,7,30
112,dublin,"NORTH CIRCULAR ROAD (O'CONNELL'S)","North Circular Road (O'Connell's)",53.3578,-6.25156,0,0,OPEN,"2025-02-22 11:32:00",1,0,{},10,20,3,7,0,7,30,10,20,3,7,0,7,30
112,dublin,"NORTH CIRCULAR ROAD (O'CONNELL'S)","North Circular Road (O'Connell's)",53.3578,-6.25156,0,0,OPEN,"2025-02-22 11:42:05",1,0,{},10,20,3,7,0,7,30,10,20,3,7,0,7,30
112,dublin,"NORTH CIRCULAR ROAD (O'CONNELL'S)","North Circular Road (O'Connell's)",53.3578,-6.25156,0,0,OPEN,"2025-02-22 11:44:31",1,0,{},11,19,4,7,0,7,30,11,19,4,7,0,7,30
112,dublin,"NORTH CIRCULAR ROAD (O'CONNELL'S)","North Circular Road (O'Connell's)",53.3578,-6.25156,0,0,OPEN,"2025-02-22 11:52:12",1,0,{},11,19,4,7,0,7,30,11,19,4,7,0,7,30
112,dublin,"NORTH CIRCULAR ROAD (O'CONNELL'S)","North Circular Road (O'Connell's)",53.3578,-6.25156,0,0,OPEN,"2025-02-22 12:02:17",1,0,{},11,19,4,7,0,7,30,11,19,4,7,0,7,30
112,dublin,"NORTH CIRCULAR ROAD (O'CONNELL'S)","North Circular Road (O'Connell's)",53.3578,-6.25156,0,0,OPEN,"2025-02-22 12:12:22",1,0,{},11,19,4,7,0,7,30,11,19,4,7,0,7,30
112,dublin,"NORTH CIRCULAR ROAD (O'CONNELL'S)","North Circular Road (O'Connell's)",53.3578,-6.25156,0,0,OPEN,"2025-02-22 12:16:34",1,0,{},12,18,5,7,0,7,30,12,18,5,7,0,7,30
112,dublin,"NORTH CIRCULAR ROAD (O'CONNELL'S)","North Circular Road (O'Connell's)",53.3578,-6.25156,0,0,OPEN,"2025-02-22 12:22:28",1,0,{},11,19,4,7,0,7,30,11,19,4,7,0,7,30
112,dublin,"NORTH CIRCULAR ROAD (O'CONNELL'S)","North Circular Road (O'Connell's)",53.3578,-6.25156,0,0,OPEN,"2025-02-22 12:32:34",1,0,{},11,19,4,7,0,7,30,11,19,4,7,0,7,30
112,dublin,"NORTH CIRCULAR ROAD (O'CONNELL'S)","North Circular Road (O'Connell's)",53.3578,-6.25156,0,0,OPEN,"2025-02-22 12:35:26",1,0,{},10,20,3,7,0,7,30,10,20,3,7,0,7,30
112,dublin,"NORTH CIRCULAR ROAD (O'CONNELL'S)","North Circular Road (O'Connell's)",53.3578,-6.25156,0,0,OPEN,"2025-02-22 12:42:42",1,0,{},10,20,3,7,0,7,30,10,20,3,7,0,7,30
112,dublin,"NORTH CIRCULAR ROAD (O'CONNELL'S)","North Circular Road (O'Connell's)",53.3578,-6.25156,0,0,OPEN,"2025-02-22 12:52:47",1,0,{},10,20,3,7,0,7,30,10,20,3,7,0,7,30
112,dublin,"NORTH CIRCULAR ROAD (O'CONNELL'S)","North Circular Road (O'Connell's)",53.3578,-6.25156,0,0,OPEN,"2025-02-22 13:02:52",1,0,{},11,19,3,8,0,8,30,11,19,3,8,0,8,30
112,dublin,"NORTH CIRCULAR ROAD (O'CONNELL'S)","North Circular Road (O'Connell's)",53.3578,-6.25156,0,0,OPEN,"2025-02-22 13:07:04",1,0,{},11,19,3,8,0,8,30,11,19,3,8,0,8,30
112,dublin,"NORTH CIRCULAR ROAD (O'CONNELL'S)","North Circular Road (O'Connell's)",53.3578,-6.25156,0,0,OPEN,"2025-02-22 13:12:59",1,0,{},12,18,4,8,0,8,30,12,18,4,8,0,8,30
112,dublin,"NORTH CIRCULAR ROAD (O'CONNELL'S)","North Circular Road (O'Connell's)",53.3578,-6.25156,0,0,OPEN,"2025-02-22 13:23:04",1,0,{},12,18,4,8,0,8,30,12,18,4,8,0,8,30
112,dublin,"NORTH CIRCULAR ROAD (O'CONNELL'S)","North Circular Road (O'Connell's)",53.3578,-6.25156,0,0,OPEN,"2025-02-22 13:33:09",1,0,{},12,18,4,8,0,8,30,12,18,4,8,0,8,30
112,dublin,"NORTH CIRCULAR ROAD (O'CONNELL'S)","North Circular Road (O'Connell's)",53.3578,-6.25156,0,0,OPEN,"2025-02-22 13:37:31",1,0,{},9,21,2,7,0,7,30,9,21,2,7,0,7,30
112,dublin,"NORTH CIRCULAR ROAD (O'CONNELL'S)","North Circular Road (O'Connell's)",53.3578,-6.25156,0,0,OPEN,"2025-02-22 13:43:18",1,0,{},9,21,2,7,0,7,30,9,21,2,7,0,7,30
112,dublin,"NORTH CIRCULAR ROAD (O'CONNELL'S)","North Circular Road (O'Connell's)",53.3578,-6.25156,0,0,OPEN,"2025-02-22 13:53:24",1,0,{},10,20,2,8,0,8,30,10,20,2,8,0,8,30
112,dublin,"NORTH CIRCULAR ROAD (O'CONNELL'S)","North Circular Road (O'Connell's)",53.3578,-6.25156,0,0,OPEN,"2025-02-22 14:03:30",1,0,{},10,20,2,8,0,8,30,10,20,2,8,0,8,30
112,dublin,"NORTH CIRCULAR ROAD (O'CONNELL'S)","North Circular Road (O'Connell's)",53.3578,-6.25156,0,0,OPEN,"2025-02-22 14:13:35",1,0,{},10,20,2,8,0,8,30,10,20,2,8,0,8,30
112,dublin,"NORTH CIRCULAR ROAD (O'CONNELL'S)","North Circular Road (O'Connell's)",53.3578,-6.25156,0,0,OPEN,"2025-02-22 14:26:12",1,0,{},9,21,2,7,0,7,30,9,21,2,7,0,7,30
112,dublin,"NORTH CIRCULAR ROAD (O'CONNELL'S)","North Circular Road (O'Connell's)",53.3578,-6.25156,0,0,OPEN,"2025-02-22 14:33:49",1,0,{},9,21,2,7,0,7,30,9,21,2,7,0,7,30
112,dublin,"NORTH CIRCULAR ROAD (O'CONNELL'S)","North Circular Road (O'Connell's)",53.3578,-6.25156,0,0,OPEN,"2025-02-22 14:39:18",1,0,{},9,21,2,7,0,7,30,9,21,2,7,0,7,30
112,dublin,"NORTH CIRCULAR ROAD (O'CONNELL'S)","North Circular Road (O'Connell's)",53.3578,-6.25156,0,0,OPEN,"2025-02-22 14:43:57",1,0,{},9,21,2,7,0,7,30,9,21,2,7,0,7,30
112,dublin,"NORTH CIRCULAR ROAD (O'CONNELL'S)","North Circular Road (O'Connell's)",53.3578,-6.25156,0,0,OPEN,"2025-02-22 14:53:18",1,0,{},8,22,2,6,0,6,30,8,22,2,6,0,6,30
112,dublin,"NORTH CIRCULAR ROAD (O'CONNELL'S)","North Circular Road (O'Connell's)",53.3578,-6.25156,0,0,OPEN,"2025-02-22 14:54:41",1,0,{},7,23,2,5,0,5,30,7,23,2,5,0,5,30
112,dublin,"NORTH CIRCULAR ROAD (O'CONNELL'S)","North Circular Road (O'Connell's)",53.3578,-6.25156,0,0,OPEN,"2025-02-22 15:04:12",1,0,{},7,23,2,5,0,5,30,7,23,2,5,0,5,30
112,dublin,"NORTH CIRCULAR ROAD (O'CONNELL'S)","North Circular Road (O'Connell's)",53.3578,-6.25156,0,0,OPEN,"2025-02-22 15:18:28",1,0,{},7,23,2,5,0,5,30,7,23,2,5,0,5,30
112,dublin,"NORTH CIRCULAR ROAD (O'CONNELL'S)","North Circular Road (O'Connell's)",53.3578,-6.25156,0,0,OPEN,"2025-02-22 15:22:08",1,0,{},10,20,5,5,0,5,30,10,20,5,5,0,5,30
112,dublin,"NORTH CIRCULAR ROAD (O'CONNELL'S)","North Circular Road (O'Connell's)",53.3578,-6.25156,0,0,OPEN,"2025-02-22 15:28:11",1,0,{},12,18,7,5,0,5,30,12,18,7,5,0,5,30
112,dublin,"NORTH CIRCULAR ROAD (O'CONNELL'S)","North Circular Road (O'Connell's)",53.3578,-6.25156,0,0,OPEN,"2025-02-22 15:32:43",1,0,{},14,16,9,5,0,5,30,14,16,9,5,0,5,30
112,dublin,"NORTH CIRCULAR ROAD (O'CONNELL'S)","North Circular Road (O'Connell's)",53.3578,-6.25156,0,0,OPEN,"2025-02-22 15:34:33",1,0,{},13,17,8,5,0,5,30,13,17,8,5,0,5,30
112,dublin,"NORTH CIRCULAR ROAD (O'CONNELL'S)","North Circular Road (O'Connell's)",53.3578,-6.25156,0,0,OPEN,"2025-02-22 15:40:43",1,0,{},13,17,8,5,0,5,30,13,17,8,5,0,5,30
112,dublin,"NORTH CIRCULAR ROAD (O'CONNELL'S)","North Circular Road (O'Connell's)",53.3578,-6.25156,0,0,OPEN,"2025-02-22 15:46:49",1,0,{},12,18,7,5,0,5,30,12,18,7,5,0,5,30
112,dublin,"NORTH CIRCULAR ROAD (O'CONNELL'S)","North Circular Road (O'Connell's)",53.3578,-6.25156,0,0,OPEN,"2025-02-22 15:54:48",1,0,{},12,18,7,5,0,5,30,12,18,7,5,0,5,30
112,dublin,"NORTH CIRCULAR ROAD (O'CONNELL'S)","North Circular Road (O'Connell's)",53.3578,-6.25156,0,0,OPEN,"2025-02-22 16:04:54",1,0,{},13,17,8,5,0,5,30,13,17,8,5,0,5,30
112,dublin,"NORTH CIRCULAR ROAD (O'CONNELL'S)","North Circular Road (O'Connell's)",53.3578,-6.25156,0,0,OPEN,"2025-02-22 16:17:55",1,0,{},16,14,9,7,0,7,30,16,14,9,7,0,7,30
112,dublin,"NORTH CIRCULAR ROAD (O'CONNELL'S)","North Circular Road (O'Connell's)",53.3578,-6.25156,0,0,OPEN,"2025-02-22 16:18:42",1,0,{},15,15,8,7,0,7,30,15,15,8,7,0,7,30
112,dublin,"NORTH CIRCULAR ROAD (O'CONNELL'S)","North Circular Road (O'Connell's)",53.3578,-6.25156,0,0,OPEN,"2025-02-22 16:25:42",1,0,{},17,13,9,8,0,8,30,17,13,9,8,0,8,30
112,dublin,"NORTH CIRCULAR ROAD (O'CONNELL'S)","North Circular Road (O'Connell's)",53.3578,-6.25156,0,0,OPEN,"2025-02-22 16:37:20",1,0,{},16,14,8,8,0,8,30,16,14,8,8,0,8,30
112,dublin,"NORTH CIRCULAR ROAD (O'CONNELL'S)","North Circular Road (O'Connell's)",53.3578,-6.25156,0,0,OPEN,"2025-02-22 16:43:05",1,0,{},16,14,8,8,0,8,30,16,14,8,8,0,8,30
112,dublin,"NORTH CIRCULAR ROAD (O'CONNELL'S)","North Circular Road (O'Connell's)",53.3578,-6.25156,0,0,OPEN,"2025-02-22 16:45:21",1,0,{},16,14,8,8,0,8,30,16,14,8,8,0,8,30
112,dublin,"NORTH CIRCULAR ROAD (O'CONNELL'S)","North Circular Road (O'Connell's)",53.3578,-6.25156,0,0,OPEN,"2025-02-22 16:52:40",1,0,{},17,13,8,9,0,9,30,17,13,8,9,0,9,30
112,dublin,"NORTH CIRCULAR ROAD (O'CONNELL'S)","North Circular Road (O'Connell's)",53.3578,-6.25156,0,0,OPEN,"2025-02-22 16:55:28",1,0,{},18,12,9,9,0,9,30,18,12,9,9,0,9,30
112,dublin,"NORTH CIRCULAR ROAD (O'CONNELL'S)","North Circular Road (O'Connell's)",53.3578,-6.25156,0,0,OPEN,"2025-02-22 17:01:58",1,0,{},17,13,8,9,0,9,30,17,13,8,9,0,9,30
112,dublin,"NORTH CIRCULAR ROAD (O'CONNELL'S)","North Circular Road (O'Connell's)",53.3578,-6.25156,0,0,OPEN,"2025-02-22 17:08:07",1,0,{},19,11,9,10,0,10,30,19,11,9,10,0,10,30
112,dublin,"NORTH CIRCULAR ROAD (O'CONNELL'S)","North Circular Road (O'Connell's)",53.3578,-6.25156,0,0,OPEN,"2025-02-22 17:10:26",1,0,{},20,10,9,11,0,11,30,20,10,9,11,0,11,30
112,dublin,"NORTH CIRCULAR ROAD (O'CONNELL'S)","North Circular Road (O'Connell's)",53.3578,-6.25156,0,0,OPEN,"2025-02-22 17:15:42",1,0,{},20,10,9,11,0,11,30,20,10,9,11,0,11,30
112,dublin,"NORTH CIRCULAR ROAD (O'CONNELL'S)","North Circular Road (O'Connell's)",53.3578,-6.25156,0,0,OPEN,"2025-02-22 17:27:42",1,0,{},22,8,11,11,0,11,30,22,8,11,11,0,11,30
112,dublin,"NORTH CIRCULAR ROAD (O'CONNELL'S)","North Circular Road (O'Connell's)",53.3578,-6.25156,0,0,OPEN,"2025-02-22 17:32:12",1,0,{},23,7,12,11,0,11,30,23,7,12,11,0,11,30
112,dublin,"NORTH CIRCULAR ROAD (O'CONNELL'S)","North Circular Road (O'Connell's)",53.3578,-6.25156,0,0,OPEN,"2025-02-22 17:35:52",1,0,{},26,4,14,12,0,12,30,26,4,14,12,0,12,30
112,dublin,"NORTH CIRCULAR ROAD (O'CONNELL'S)","North Circular Road (O'Connell's)",53.3578,-6.25156,0,0,OPEN,"2025-02-22 17:45:58",1,0,{},26,4,14,12,0,12,30,26,4,14,12,0,12,30
112,dublin,"NORTH CIRCULAR ROAD (O'CONNELL'S)","North Circular Road (O'Connell's)",53.3578,-6.25156,0,0,OPEN,"2025-02-22 17:51:54",1,0,{},27,3,14,13,0,13,30,27,3,14,13,0,13,30
112,dublin,"NORTH CIRCULAR ROAD (O'CONNELL'S)","North Circular Road (O'Connell's)",53.3578,-6.25156,0,0,OPEN,"2025-02-22 17:56:07",1,0,{},28,2,15,13,0,13,30,28,2,15,13,0,13,30
112,dublin,"NORTH CIRCULAR ROAD (O'CONNELL'S)","North Circular Road (O'Connell's)",53.3578,-6.25156,0,0,OPEN,"2025-02-22 18:06:12",1,0,{},28,2,15,13,0,13,30,28,2,15,13,0,13,30
112,dublin,"NORTH CIRCULAR ROAD (O'CONNELL'S)","North Circular Road (O'Connell's)",53.3578,-6.25156,0,0,OPEN,"2025-02-22 18:12:43",1,0,{},27,3,14,13,0,13,30,27,3,14,13,0,13,30
112,dublin,"NORTH CIRCULAR ROAD (O'CONNELL'S)","North Circular Road (O'Connell's)",53.3578,-6.25156,0,0,OPEN,"2025-02-22 18:18:12",1,0,{},28,2,15,13,0,13,30,28,2,15,13,0,13,30
112,dublin,"NORTH CIRCULAR ROAD (O'CONNELL'S)","North Circular Road (O'Connell's)",53.3578,-6.25156,0,0,OPEN,"2025-02-22 18:19:33",1,0,{},28,2,14,14,0,14,30,28,2,14,14,0,14,30
112,dublin,"NORTH CIRCULAR ROAD (O'CONNELL'S)","North Circular Road (O'Connell's)",53.3578,-6.25156,0,0,OPEN,"2025-02-22 18:26:29",1,0,{},28,2,14,14,0,14,30,28,2,14,14,0,14,30
112,dublin,"NORTH CIRCULAR ROAD (O'CONNELL'S)","North Circular Road (O'Connell's)",53.3578,-6.25156,0,0,OPEN,"2025-02-22 18:32:05",1,0,{},29,1,15,14,0,14,30,29,1,15,14,0,14,30
112,dublin,"NORTH CIRCULAR ROAD (O'CONNELL'S)","North Circular Road (O'Connell's)",53.3578,-6.25156,0,0,OPEN,"2025-02-22 18:37:32",1,0,{},30,0,15,15,0,15,30,30,0,15,15,0,15,30
112,dublin,"NORTH CIRCULAR ROAD (O'CONNELL'S)","North Circular Road (O'Connell's)",53.3578,-6.25156,0,0,OPEN,"2025-02-22 18:49:09",1,0,{},30,0,15,15,0,15,30,30,0,15,15,0,15,30
112,dublin,"NORTH CIRCULAR ROAD (O'CONNELL'S)","North Circular Road (O'Connell's)",53.3578,-6.25156,0,0,OPEN,"2025-02-22 18:56:45",1,0,{},30,0,15,15,0,15,30,30,0,15,15,0,15,30
112,dublin,"NORTH CIRCULAR ROAD (O'CONNELL'S)","North Circular Road (O'Connell's)",53.3578,-6.25156,0,0,OPEN,"2025-02-22 19:04:05",1,0,{},30,0,15,15,0,15,30,30,0,15,15,0,15,30
112,dublin,"NORTH CIRCULAR ROAD (O'CONNELL'S)","North Circular Road (O'Connell's)",53.3578,-6.25156,0,0,OPEN,"2025-02-22 19:08:45",1,0,{},28,2,13,15,0,15,30,28,2,13,15,0,15,30
112,dublin,"NORTH CIRCULAR ROAD (O'CONNELL'S)","North Circular Road (O'Connell's)",53.3578,-6.25156,0,0,OPEN,"2025-02-22 19:17:00",1,0,{},27,3,13,14,0,14,30,27,3,13,14,0,14,30
112,dublin,"NORTH CIRCULAR ROAD (O'CONNELL'S)","North Circular Road (O'Connell's)",53.3578,-6.25156,0,0,OPEN,"2025-02-22 19:22:03",1,0,{},28,2,14,14,0,14,30,28,2,14,14,0,14,30
112,dublin,"NORTH CIRCULAR ROAD (O'CONNELL'S)","North Circular Road (O'Connell's)",53.3578,-6.25156,0,0,OPEN,"2025-02-22 19:27:07",1,0,{},28,2,14,14,0,14,30,28,2,14,14,0,14,30
112,dublin,"NORTH CIRCULAR ROAD (O'CONNELL'S)","North Circular Road (O'Connell's)",53.3578,-6.25156,0,0,OPEN,"2025-02-22 19:34:14",1,0,{},28,2,14,12,0,12,30,28,2,14,12,0,12,30
112,dublin,"NORTH CIRCULAR ROAD (O'CONNELL'S)","North Circular Road (O'Connell's)",53.3578,-6.25156,0,0,OPEN,"2025-02-22 19:38:26",1,0,{},27,1,15,14,0,14,30,27,1,15,14,0,14,30
112,dublin,"NORTH CIRCULAR ROAD (O'CONNELL'S)","North Circular Road (O'Connell's)",53.3578,-6.25156,0,0,OPEN,"2025-02-22 19:40:40",1,0,{},27,1,15,14,0,14,30,27,1,15,14,0,14,30
112,dublin,"NORTH CIRCULAR ROAD (O'CONNELL'S)","North Circular Road (O'Connell's)",53.3578,-6.25156,0,0,OPEN,"2025-02-22 19:47:53",1,0,{},28,2,14,14,0,14,30,28,2,14,14,0,14,30
112,dublin,"NORTH CIRCULAR ROAD (O'CONNELL'S)","North Circular Road (O'Connell's)",53.3578,-6.25156,0,0,OPEN,"2025-02-22 19:53:06",1,0,{},26,4,13,13,0,13,30,26,4,13,13,0,13,30
112,dublin,"NORTH CIRCULAR ROAD (O'CONNELL'S)","North Circular Road (O'Connell's)",53.3578,-6.25156,0,0,OPEN,"2025-02-22 19:57:33",1,0,{},26,4,13,13,0,13,30,26,4,13,13,0,13,30
112,dublin,"NORTH CIRCULAR ROAD (O'CONNELL'S)","North Circular Road (O'Connell's)",53.3578,-6.25156,0,0,OPEN,"2025-02-22 20:02:27",1,0,{},27,3,14,13,0,13,30,27,3,14,13,0,13,30
112,dublin,"NORTH CIRCULAR ROAD (O'CONNELL'S)","North Circular Road (O'Connell's)",53.3578,-6.25156,0,0,OPEN,"2025-02-22 20:07:39",1,0,{},27,3,14,13,0,13,30,27,3,14,13,0,13,30
112,dublin,"NORTH CIRCULAR ROAD (O'CONNELL'S)","North Circular Road (O'Connell's)",53.3578,-6.25156,0,0,OPEN,"2025-02-22 20:17:44",1,0,{},27,3,14,13,0,13,30,27,3,14,13,0,13,30
112,dublin,"NORTH CIRCULAR ROAD (O'CONNELL'S)","North Circular Road (O'Connell's)",53.3578,-6.25156,0,0,OPEN,"2025-02-22 20:21:00",1,0,{},25,5,14,11,0,11,30,25,5,14,11,0,11,30
112,dublin,"NORTH CIRCULAR ROAD (O'CONNELL'S)","North Circular Road (O'Connell's)",53.3578,-6.25156,0,0,OPEN,"2025-02-22 20:27:54",1,0,{},26,4,14,12,0,12,30,26,4,14,12,0,12,30
112,dublin,"NORTH CIRCULAR ROAD (O'CONNELL'S)","North Circular Road (O'Connell's)",53.3578,-6.25156,0,0,OPEN,"2025-02-22 20:33:30",1,0,{},28,2,16,12,0,12,30,28,2,16,12,0,12,30
112,dublin,"NORTH CIRCULAR ROAD (O'CONNELL'S)","North Circular Road (O'Connell's)",53.3578,-6.25156,0,0,OPEN,"2025-02-22 20:38:00",1,0,{},28,2,16,12,0,12,30,28,2,16,12,0,12,30
112,dublin,"NORTH CIRCULAR ROAD (O'CONNELL'S)","North Circular Road (O'Connell's)",53.3578,-6.25156,0,0,OPEN,"2025-02-22 20:48:06",1,0,{},28,2,16,12,0,12,30,28,2,16,12,0,12,30
112,dublin,"NORTH CIRCULAR ROAD (O'CONNELL'S)","North Circular Road (O'Connell's)",53.3578,-6.25156,0,0,OPEN,"2025-02-22 20:58:11",1,0,{},28,2,16,12,0,12,30,28,2,16,12,0,12,30
112,dublin,"NORTH CIRCULAR ROAD (O'CONNELL'S)","North Circular Road (O'Connell's)",53.3578,-6.25156,0,0,OPEN,"2025-02-22 21:04:22",1,0,{},27,3,15,12,0,12,30,27,3,15,12,0,12,30
112,dublin,"NORTH CIRCULAR ROAD (O'CONNELL'S)","North Circular Road (O'Connell's)",53.3578,-6.25156,0,0,OPEN,"2025-02-22 21:08:25",1,0,{},27,3,15,12,0,12,30,27,3,15,12,0,12,30
112,dublin,"NORTH CIRCULAR ROAD (O'CONNELL'S)","North Circular Road (O'Connell's)",53.3578,-6.25156,0,0,OPEN,"2025-02-22 21:18:26",1,0,{},26,4,15,11,0,11,30,26,4,15,11,0,11,30
112,dublin,"NORTH CIRCULAR ROAD (O'CONNELL'S)","North Circular Road (O'Connell's)",53.3578,-6.25156,0,0,OPEN,"2025-02-22 21:24:12",1,0,{},23,7,14,9,0,9,30,23,7,14,9,0,9,30
112,dublin,"NORTH CIRCULAR ROAD (O'CONNELL'S)","North Circular Road (O'Connell's)",53.3578,-6.25156,0,0,OPEN,"2025-02-22 21:28:36",1,0,{},23,7,14,9,0,9,30,23,7,14,9,0,9,30
112,dublin,"NORTH CIRCULAR ROAD (O'CONNELL'S)","North Circular Road (O'Connell's)",53.3578,-6.25156,0,0,OPEN,"2025-02-22 21:33:06",1,0,{},19,11,11,8,0,8,30,19,11,11,8,0,8,30
112,dublin,"NORTH CIRCULAR ROAD (O'CONNELL'S)","North Circular Road (O'Connell's)",53.3578,-6.25156,0,0,OPEN,"2025-02-22 21:38:46",1,0,{},19,11,11,8,0,8,30,19,11,11,8,0,8,30
112,dublin,"NORTH CIRCULAR ROAD (O'CONNELL'S)","North Circular Road (O'Connell's)",53.3578,-6.25156,0,0,OPEN,"2025-02-22 21:48:51",1,0,{},19,11,11,8,0,8,30,19,11,11,8,0,8,30
112,dublin,"NORTH CIRCULAR ROAD (O'CONNELL'S)","North Circular Road (O'Connell's)",53.3578,-6.25156,0,0,OPEN,"2025-02-22 21:50:18",1,0,{},18,12,10,8,0,8,30,18,12,10,8,0,8,30
112,dublin,"NORTH CIRCULAR ROAD (O'CONNELL'S)","North Circular Road (O'Connell's)",53.3578,-6.25156,0,0,OPEN,"2025-02-22 21:59:00",1,0,{},18,12,10,8,0,8,30,18,12,10,8,0,8,30
112,dublin,"NORTH CIRCULAR ROAD (O'CONNELL'S)","North Circular Road (O'Connell's)",53.3578,-6.25156,0,0,OPEN,"2025-02-22 22:09:05",1,0,{},18,12,10,8,0,8,30,18,12,10,8,0,8,30
112,dublin,"NORTH CIRCULAR ROAD (O'CONNELL'S)","North Circular Road (O'Connell's)",53.3578,-6.25156,0,0,OPEN,"2025-02-22 22:13:46",1,0,{},19,11,11,8,0,8,30,19,11,11,8,0,8,30
113,dublin,"MERRION SQUARE SOUTH","Merrion Square South",53.3386,-6.24861,0,0,OPEN,"2025-02-22 03:00:26",1,0,{},1,28,1,0,0,0,40,1,28,1,0,0,0,40
113,dublin,"MERRION SQUARE SOUTH","Merrion Square South",53.3386,-6.24861,0,0,OPEN,"2025-02-22 03:10:31",1,0,{},1,28,1,0,0,0,40,1,28,1,0,0,0,40
113,dublin,"MERRION SQUARE SOUTH","Merrion Square South",53.3386,-6.24861,0,0,OPEN,"2025-02-22 10:10:46",1,0,{},1,28,1,0,0,0,40,1,28,1,0,0,0,40
113,dublin,"MERRION SQUARE SOUTH","Merrion Square South",53.3386,-6.24861,0,0,OPEN,"2025-02-22 10:20:50",1,0,{},1,28,1,0,0,0,40,1,28,1,0,0,0,40
113,dublin,"MERRION SQUARE SOUTH","Merrion Square South",53.3386,-6.24861,0,0,OPEN,"2025-02-22 10:27:27",1,0,{},2,27,1,1,0,1,40,2,27,1,1,0,1,40
113,dublin,"MERRION SQUARE SOUTH","Merrion Square South",53.3386,-6.24861,0,0,OPEN,"2025-02-22 10:30:55",1,0,{},2,27,1,1,0,1,40,2,27,1,1,0,1,40
113,dublin,"MERRION SQUARE SOUTH","Merrion Square South",53.3386,-6.24861,0,0,OPEN,"2025-02-22 10:41:00",1,0,{},2,27,1,1,0,1,40,2,27,1,1,0,1,40
113,dublin,"MERRION SQUARE SOUTH","Merrion Square South",53.3386,-6.24861,0,0,OPEN,"2025-02-22 10:51:04",1,0,{},2,27,1,1,0,1,40,2,27,1,1,0,1,40
113,dublin,"MERRION SQUARE SOUTH","Merrion Square South",53.3386,-6.24861,0,0,OPEN,"2025-02-22 11:01:08",1,0,{},2,27,1,1,0,1,40,2,27,1,1,0,1,40
113,dublin,"MERRION SQUARE SOUTH","Merrion Square South",53.3386,-6.24861,0,0,OPEN,"2025-02-22 11:11:12",1,0,{},2,27,1,1,0,1,40,2,27,1,1,0,1,40
113,dublin,"MERRION SQUARE SOUTH","Merrion Square South",53.3386,-6.24861,0,0,OPEN,"2025-02-22 11:16:50",1,0,{},3,26,2,1,0,1,40,3,26,2,1,0,1,40
113,dublin,"MERRION SQUARE SOUTH","Merrion Square South",53.3386,-6.24861,0,0,OPEN,"2025-02-22 11:21:17",1,0,{},3,26,2,1,0,1,40,3,26,2,1,0,1,40
113,dublin,"MERRION SQUARE SOUTH","Merrion Square South",53.3386,-6.24861,0,0,OPEN,"2025-02-22 11:31:21",1,0,{},3,26,2,1,0,1,40,3,26,2,1,0,1,40
113,dublin,"MERRION SQUARE SOUTH","Merrion Square South",53.3386,-6.24861,0,0,OPEN,"2025-02-22 11:41:25",1,0,{},3,26,2,1,0,1,40,3,26,2,1,0,1,40
113,dublin,"MERRION SQUARE SOUTH","Merrion Square South",53.3386,-6.24861,0,0,OPEN,"2025-02-22 11:51:30",1,0,{},3,26,2,1,0,1,40,3,26,2,1,0,1,40
113,dublin,"MERRION SQUARE SOUTH","Merrion Square South",53.3386,-6.24861,0,0,OPEN,"2025-02-22 12:01:33",1,0,{},3,26,2,1,0,1,40,3,26,2,1,0,1,40
113,dublin,"MERRION SQUARE SOUTH","Merrion Square South",53.3386,-6.24861,0,0,OPEN,"2025-02-22 12:11:37",1,0,{},3,26,2,1,0,1,40,3,26,2,1,0,1,40
113,dublin,"MERRION SQUARE SOUTH","Merrion Square South",53.3386,-6.24861,0,0,OPEN,"2025-02-22 12:21:41",1,0,{},3,26,2,1,0,1,40,3,26,2,1,0,1,40
113,dublin,"MERRION SQUARE SOUTH","Merrion Square South",53.3386,-6.24861,0,0,OPEN,"2025-02-22 12:27:31",1,0,{},3,26,2,1,0,1,40,3,26,2,1,0,1,40
113,dublin,"MERRION SQUARE SOUTH","Merrion Square South",53.3386,-6.24861,0,0,OPEN,"2025-02-22 12:31:46",1,0,{},3,26,2,1,0,1,40,3,26,2,1,0,1,40
113,dublin,"MERRION SQUARE SOUTH","Merrion Square South",53.3386,-6.24861,0,0,OPEN,"2025-02-22 12:41:50",1,0,{},3,26,2,1,0,1,40,3,26,2,1,0,1,40
113,dublin,"MERRION SQUARE SOUTH","Merrion Square South",53.3386,-6.24861,0,0,OPEN,"2025-02-22 12:51:55",1,0,{},3,26,2,1,0,1,40,3,26,2,1,0,1,40
113,dublin,"MERRION SQUARE SOUTH","Merrion Square South",53.3386,-6.24861,0,0,OPEN,"2025-02-22 13:01:59",1,0,{},3,26,2,1,0,1,40,3,26,2,1,0,1,40
113,dublin,"MERRION SQUARE SOUTH","Merrion Square South",53.3386,-6.24861,0,0,OPEN,"2025-02-22 13:12:03",1,0,{},3,26,2,1,0,1,40,3,26,2,1,0,1,40
113,dublin,"MERRION SQUARE SOUTH","Merrion Square South",53.3386,-6.24861,0,0,OPEN,"2025-02-22 13:22:07",1,0,{},3,26,2,1,0,1,40,3,26,2,1,0,1,40
113,dublin,"MERRION SQUARE SOUTH","Merrion Square South",53.3386,-6.24861,0,0,OPEN,"2025-02-22 13:32:11",1,0,{},3,26,2,1,0,1,40,3,26,2,1,0,1,40
113,dublin,"MERRION SQUARE SOUTH","Merrion Square South",53.3386,-6.24861,0,0,OPEN,"2025-02-22 13:42:16",1,0,{},3,26,2,1,0,1,40,3,26,2,1,0,1,40
113,dublin,"MERRION SQUARE SOUTH","Merrion Square South",53.3386,-6.24861,0,0,OPEN,"2025-02-22 13:52:19",1,0,{},3,26,2,1,0,1,40,3,26,2,1,0,1,40
113,dublin,"MERRION SQUARE SOUTH","Merrion Square South",53.3386,-6.24861,0,0,OPEN,"2025-02-22 14:02:23",1,0,{},3,26,2,1,0,1,40,3,26,2,1,0,1,40
113,dublin,"MERRION SQUARE SOUTH","Merrion Square South",53.3386,-6.24861,0,0,OPEN,"2025-02-22 14:12:30",1,0,{},4,25,3,1,0,1,40,4,25,3,1,0,1,40
113,dublin,"MERRION SQUARE SOUTH","Merrion Square South",53.3386,-6.24861,0,0,OPEN,"2025-02-22 14:22:32",1,0,{},4,25,3,1,0,1,40,4,25,3,1,0,1,40
113,dublin,"MERRION SQUARE SOUTH","Merrion Square South",53.3386,-6.24861,0,0,OPEN,"2025-02-22 14:32:36",1,0,{},4,25,3,1,0,1,40,4,25,3,1,0,1,40
113,dublin,"MERRION SQUARE SOUTH","Merrion Square South",53.3386,-6.24861,0,0,OPEN,"2025-02-22 14:42:41",1,0,{},4,25,3,1,0,1,40,4,25,3,1,0,1,40
113,dublin,"MERRION SQUARE SOUTH","Merrion Square South",53.3386,-6.24861,0,0,OPEN,"2025-02-22 14:52:45",1,0,{},4,25,3,1,0,1,40,4,25,3,1,0,1,40
113,dublin,"MERRION SQUARE SOUTH","Merrion Square South",53.3386,-6.24861,0,0,OPEN,"2025-02-22 15:02:49",1,0,{},4,25,3,1,0,1,40,4,25,3,1,0,1,40
113,dublin,"MERRION SQUARE SOUTH","Merrion Square South",53.3386,-6.24861,0,0,OPEN,"2025-02-22 15:12:53",1,0,{},4,25,3,1,0,1,40,4,25,3,1,0,1,40
113,dublin,"MERRION SQUARE SOUTH","Merrion Square South",53.3386,-6.24861,0,0,OPEN,"2025-02-22 15:22:57",1,0,{},4,25,3,1,0,1,40,4,25,3,1,0,1,40
113,dublin,"MERRION SQUARE SOUTH","Merrion Square South",53.3386,-6.24861,0,0,OPEN,"2025-02-22 15:33:01",1,0,{},4,25,3,1,0,1,40,4,25,3,1,0,1,40
113,dublin,"MERRION SQUARE SOUTH","Merrion Square South",53.3386,-6.24861,0,0,OPEN,"2025-02-22 15:43:06",1,0,{},4,25,3,1,0,1,40,4,25,3,1,0,1,40
113,dublin,"MERRION SQUARE SOUTH","Merrion Square South",53.3386,-6.24861,0,0,OPEN,"2025-02-22 15:53:10",1,0,{},4,25,3,1,0,1,40,4,25,3,1,0,1,40
113,dublin,"MERRION SQUARE SOUTH","Merrion Square South",53.3386,-6.24861,0,0,OPEN,"2025-02-22 16:03:14",1,0,{},4,25,3,1,0,1,40,4,25,3,1,0,1,40
113,dublin,"MERRION SQUARE SOUTH","Merrion Square South",53.3386,-6.24861,0,0,OPEN,"2025-02-22 16:13:19",1,0,{},4,25,3,1,0,1,40,4,25,3,1,0,1,40
113,dublin,"MERRION SQUARE SOUTH","Merrion Square South",53.3386,-6.24861,0,0,OPEN,"2025-02-22 16:23:23",1,0,{},4,25,3,1,0,1,40,4,25,3,1,0,1,40
113,dublin,"MERRION SQUARE SOUTH","Merrion Square South",53.3386,-6.24861,0,0,OPEN,"2025-02-22 16:27:23",1,0,{},4,25,3,1,0,1,40,4,25,3,1,0,1,40
113,dublin,"MERRION SQUARE SOUTH","Merrion Square South",53.3386,-6.24861,0,0,OPEN,"2025-02-22 16:33:28",1,0,{},4,25,3,1,0,1,40,4,25,3,1,0,1,40
113,dublin,"MERRION SQUARE SOUTH","Merrion Square South",53.3386,-6.24861,0,0,OPEN,"2025-02-22 16:43:32",1,0,{},4,25,3,1,0,1,40,4,25,3,1,0,1,40
113,dublin,"MERRION SQUARE SOUTH","Merrion Square South",53.3386,-6.24861,0,0,OPEN,"2025-02-22 16:49:15",1,0,{},5,24,4,1,0,1,40,5,24,4,1,0,1,40
113,dublin,"MERRION SQUARE SOUTH","Merrion Square South",53.3386,-6.24861,0,0,OPEN,"2025-02-22 16:53:36",1,0,{},5,24,4,1,0,1,40,5,24,4,1,0,1,40
113,dublin,"MERRION SQUARE SOUTH","Merrion Square South",53.3386,-6.24861,0,0,OPEN,"2025-02-22 17:03:41",1,0,{},5,24,4,1,0,1,40,5,24,4,1,0,1,40
113,dublin,"MERRION SQUARE SOUTH","Merrion Square South",53.3386,-6.24861,0,0,OPEN,"2025-02-22 17:13:45",1,0,{},5,24,4,1,0,1,40,5,24,4,1,0,1,40
113,dublin,"MERRION SQUARE SOUTH","Merrion Square South",53.3386,-6.24861,0,0,OPEN,"2025-02-22 17:25:08",1,0,{},4,25,4,0,0,0,40,4,25,4,0,0,0,40
113,dublin,"MERRION SQUARE SOUTH","Merrion Square South",53.3386,-6.24861,0,0,OPEN,"2025-02-22 17:33:55",1,0,{},4,25,4,0,0,0,40,4,25,4,0,0,0,40
113,dublin,"MERRION SQUARE SOUTH","Merrion Square South",53.3386,-6.24861,0,0,OPEN,"2025-02-22 17:43:59",1,0,{},4,25,4,0,0,0,40,4,25,4,0,0,0,40
113,dublin,"MERRION SQUARE SOUTH","Merrion Square South",53.3386,-6.24861,0,0,OPEN,"2025-02-22 17:54:03",1,0,{},4,25,4,0,0,0,40,4,25,4,0,0,0,40
113,dublin,"MERRION SQUARE SOUTH","Merrion Square South",53.3386,-6.24861,0,0,OPEN,"2025-02-22 18:04:06",1,0,{},4,25,4,0,0,0,40,4,25,4,0,0,0,40
113,dublin,"MERRION SQUARE SOUTH","Merrion Square South",53.3386,-6.24861,0,0,OPEN,"2025-02-22 18:14:10",1,0,{},4,25,4,0,0,0,40,4,25,4,0,0,0,40
113,dublin,"MERRION SQUARE SOUTH","Merrion Square South",53.3386,-6.24861,0,0,OPEN,"2025-02-22 18:24:14",1,0,{},4,25,4,0,0,0,40,4,25,4,0,0,0,40
113,dublin,"MERRION SQUARE SOUTH","Merrion Square South",53.3386,-6.24861,0,0,OPEN,"2025-02-22 18:34:18",1,0,{},4,25,4,0,0,0,40,4,25,4,0,0,0,40
113,dublin,"MERRION SQUARE SOUTH","Merrion Square South",53.3386,-6.24861,0,0,OPEN,"2025-02-22 18:44:23",1,0,{},4,25,4,0,0,0,40,4,25,4,0,0,0,40
113,dublin,"MERRION SQUARE SOUTH","Merrion Square South",53.3386,-6.24861,0,0,OPEN,"2025-02-22 18:54:27",1,0,{},4,25,4,0,0,0,40,4,25,4,0,0,0,40
113,dublin,"MERRION SQUARE SOUTH","Merrion Square South",53.3386,-6.24861,0,0,OPEN,"2025-02-22 19:04:31",1,0,{},4,25,4,0,0,0,40,4,25,4,0,0,0,40
113,dublin,"MERRION SQUARE SOUTH","Merrion Square South",53.3386,-6.24861,0,0,OPEN,"2025-02-22 19:14:38",1,0,{},4,25,4,0,0,0,40,4,25,4,0,0,0,40
113,dublin,"MERRION SQUARE SOUTH","Merrion Square South",53.3386,-6.24861,0,0,OPEN,"2025-02-22 19:24:43",1,0,{},4,25,4,0,0,0,40,4,25,4,0,0,0,40
113,dublin,"MERRION SQUARE SOUTH","Merrion Square South",53.3386,-6.24861,0,0,OPEN,"2025-02-22 19:34:47",1,0,{},4,25,4,0,0,0,40,4,25,4,0,0,0,40
113,dublin,"MERRION SQUARE SOUTH","Merrion Square South",53.3386,-6.24861,0,0,OPEN,"2025-02-22 19:44:51",1,0,{},4,25,4,0,0,0,40,4,25,4,0,0,0,40
113,dublin,"MERRION SQUARE SOUTH","Merrion Square South",53.3386,-6.24861,0,0,OPEN,"2025-02-22 19:54:55",1,0,{},4,25,4,0,0,0,40,4,25,4,0,0,0,40
113,dublin,"MERRION SQUARE SOUTH","Merrion Square South",53.3386,-6.24861,0,0,OPEN,"2025-02-22 20:04:59",1,0,{},4,25,4,0,0,0,40,4,25,4,0,0,0,40
113,dublin,"MERRION SQUARE SOUTH","Merrion Square South",53.3386,-6.24861,0,0,OPEN,"2025-02-22 20:15:02",1,0,{},4,25,4,0,0,0,40,4,25,4,0,0,0,40
113,dublin,"MERRION SQUARE SOUTH","Merrion Square South",53.3386,-6.24861,0,0,OPEN,"2025-02-22 20:25:06",1,0,{},4,25,4,0,0,0,40,4,25,4,0,0,0,40
113,dublin,"MERRION SQUARE SOUTH","Merrion Square South",53.3386,-6.24861,0,0,OPEN,"2025-02-22 20:35:10",1,0,{},4,25,4,0,0,0,40,4,25,4,0,0,0,40
113,dublin,"MERRION SQUARE SOUTH","Merrion Square South",53.3386,-6.24861,0,0,OPEN,"2025-02-22 20:45:15",1,0,{},4,25,4,0,0,0,40,4,25,4,0,0,0,40
113,dublin,"MERRION SQUARE SOUTH","Merrion Square South",53.3386,-6.24861,0,0,OPEN,"2025-02-22 20:55:19",1,0,{},4,25,4,0,0,0,40,4,25,4,0,0,0,40
113,dublin,"MERRION SQUARE SOUTH","Merrion Square South",53.3386,-6.24861,0,0,OPEN,"2025-02-22 21:05:23",1,0,{},4,25,4,0,0,0,40,4,25,4,0,0,0,40
113,dublin,"MERRION SQUARE SOUTH","Merrion Square South",53.3386,-6.24861,0,0,OPEN,"2025-02-22 21:15:27",1,0,{},4,25,4,0,0,0,40,4,25,4,0,0,0,40
113,dublin,"MERRION SQUARE SOUTH","Merrion Square South",53.3386,-6.24861,0,0,OPEN,"2025-02-22 21:25:31",1,0,{},4,25,4,0,0,0,40,4,25,4,0,0,0,40
113,dublin,"MERRION SQUARE SOUTH","Merrion Square South",53.3386,-6.24861,0,0,OPEN,"2025-02-22 21:35:35",1,0,{},4,25,4,0,0,0,40,4,25,4,0,0,0,40
113,dublin,"MERRION SQUARE SOUTH","Merrion Square South",53.3386,-6.24861,0,0,OPEN,"2025-02-22 21:45:40",1,0,{},4,25,4,0,0,0,40,4,25,4,0,0,0,40
113,dublin,"MERRION SQUARE SOUTH","Merrion Square South",53.3386,-6.24861,0,0,OPEN,"2025-02-22 21:55:43",1,0,{},4,25,4,0,0,0,40,4,25,4,0,0,0,40
113,dublin,"MERRION SQUARE SOUTH","Merrion Square South",53.3386,-6.24861,0,0,OPEN,"2025-02-22 22:05:46",1,0,{},4,25,4,0,0,0,40,4,25,4,0,0,0,40
113,dublin,"MERRION SQUARE SOUTH","Merrion Square South",53.3386,-6.24861,0,0,OPEN,"2025-02-22 22:15:49",1,0,{},4,25,4,0,0,0,40,4,25,4,0,0,0,40
114,dublin,"WILTON TERRACE (PARK)","Wilton Terrace (Park)",53.3337,-6.24834,0,0,OPEN,"2025-02-22 02:52:49",1,0,{},0,40,0,0,0,0,40,0,40,0,0,0,0,40
114,dublin,"WILTON TERRACE (PARK)","Wilton Terrace (Park)",53.3337,-6.24834,0,0,OPEN,"2025-02-22 03:13:00",1,0,{},0,40,0,0,0,0,40,0,40,0,0,0,0,40
114,dublin,"WILTON TERRACE (PARK)","Wilton Terrace (Park)",53.3337,-6.24834,0,0,OPEN,"2025-02-22 10:04:11",1,0,{},3,37,1,2,0,2,40,3,37,1,2,0,2,40
114,dublin,"WILTON TERRACE (PARK)","Wilton Terrace (Park)",53.3337,-6.24834,0,0,OPEN,"2025-02-22 10:14:17",1,0,{},3,37,1,2,0,2,40,3,37,1,2,0,2,40
114,dublin,"WILTON TERRACE (PARK)","Wilton Terrace (Park)",53.3337,-6.24834,0,0,OPEN,"2025-02-22 10:19:26",1,0,{},2,38,0,2,0,2,40,2,38,0,2,0,2,40
114,dublin,"WILTON TERRACE (PARK)","Wilton Terrace (Park)",53.3337,-6.24834,0,0,OPEN,"2025-02-22 10:24:24",1,0,{},2,38,0,2,0,2,40,2,38,0,2,0,2,40
114,dublin,"WILTON TERRACE (PARK)","Wilton Terrace (Park)",53.3337,-6.24834,0,0,OPEN,"2025-02-22 10:34:29",1,0,{},2,38,0,2,0,2,40,2,38,0,2,0,2,40
114,dublin,"WILTON TERRACE (PARK)","Wilton Terrace (Park)",53.3337,-6.24834,0,0,OPEN,"2025-02-22 10:47:33",1,0,{},1,39,0,1,0,1,40,1,39,0,1,0,1,40
114,dublin,"WILTON TERRACE (PARK)","Wilton Terrace (Park)",53.3337,-6.24834,0,0,OPEN,"2025-02-22 10:54:41",1,0,{},1,39,0,1,0,1,40,1,39,0,1,0,1,40
114,dublin,"WILTON TERRACE (PARK)","Wilton Terrace (Park)",53.3337,-6.24834,0,0,OPEN,"2025-02-22 11:04:47",1,0,{},1,39,0,1,0,1,40,1,39,0,1,0,1,40
114,dublin,"WILTON TERRACE (PARK)","Wilton Terrace (Park)",53.3337,-6.24834,0,0,OPEN,"2025-02-22 11:12:11",1,0,{},2,38,1,1,0,1,40,2,38,1,1,0,1,40
114,dublin,"WILTON TERRACE (PARK)","Wilton Terrace (Park)",53.3337,-6.24834,0,0,OPEN,"2025-02-22 11:14:54",1,0,{},2,38,1,1,0,1,40,2,38,1,1,0,1,40
114,dublin,"WILTON TERRACE (PARK)","Wilton Terrace (Park)",53.3337,-6.24834,0,0,OPEN,"2025-02-22 11:24:59",1,0,{},2,38,1,1,0,1,40,2,38,1,1,0,1,40
114,dublin,"WILTON TERRACE (PARK)","Wilton Terrace (Park)",53.3337,-6.24834,0,0,OPEN,"2025-02-22 11:35:04",1,0,{},2,38,1,1,0,1,40,2,38,1,1,0,1,40
114,dublin,"WILTON TERRACE (PARK)","Wilton Terrace (Park)",53.3337,-6.24834,0,0,OPEN,"2025-02-22 11:45:09",1,0,{},2,38,1,1,0,1,40,2,38,1,1,0,1,40
114,dublin,"WILTON TERRACE (PARK)","Wilton Terrace (Park)",53.3337,-6.24834,0,0,OPEN,"2025-02-22 11:55:15",1,0,{},2,38,1,1,0,1,40,2,38,1,1,0,1,40
114,dublin,"WILTON TERRACE (PARK)","Wilton Terrace (Park)",53.3337,-6.24834,0,0,OPEN,"2025-02-22 12:05:20",1,0,{},2,38,1,1,0,1,40,2,38,1,1,0,1,40
114,dublin,"WILTON TERRACE (PARK)","Wilton Terrace (Park)",53.3337,-6.24834,0,0,OPEN,"2025-02-22 12:15:26",1,0,{},2,38,1,1,0,1,40,2,38,1,1,0,1,40
114,dublin,"WILTON TERRACE (PARK)","Wilton Terrace (Park)",53.3337,-6.24834,0,0,OPEN,"2025-02-22 12:25:31",1,0,{},2,38,1,1,0,1,40,2,38,1,1,0,1,40
114,dublin,"WILTON TERRACE (PARK)","Wilton Terrace (Park)",53.3337,-6.24834,0,0,OPEN,"2025-02-22 12:35:37",1,0,{},2,38,1,1,0,1,40,2,38,1,1,0,1,40
114,dublin,"WILTON TERRACE (PARK)","Wilton Terrace (Park)",53.3337,-6.24834,0,0,OPEN,"2025-02-22 12:45:42",1,0,{},2,38,1,1,0,1,40,2,38,1,1,0,1,40
114,dublin,"WILTON TERRACE (PARK)","Wilton Terrace (Park)",53.3337,-6.24834,0,0,OPEN,"2025-02-22 12:55:47",1,0,{},2,38,1,1,0,1,40,2,38,1,1,0,1,40
114,dublin,"WILTON TERRACE (PARK)","Wilton Terrace (Park)",53.3337,-6.24834,0,0,OPEN,"2025-02-22 13:07:12",1,0,{},3,37,2,1,0,1,40,3,37,2,1,0,1,40
114,dublin,"WILTON TERRACE (PARK)","Wilton Terrace (Park)",53.3337,-6.24834,0,0,OPEN,"2025-02-22 13:15:59",1,0,{},3,37,2,1,0,1,40,3,37,2,1,0,1,40
114,dublin,"WILTON TERRACE (PARK)","Wilton Terrace (Park)",53.3337,-6.24834,0,0,OPEN,"2025-02-22 13:26:04",1,0,{},3,37,2,1,0,1,40,3,37,2,1,0,1,40
114,dublin,"WILTON TERRACE (PARK)","Wilton Terrace (Park)",53.3337,-6.24834,0,0,OPEN,"2025-02-22 13:36:10",1,0,{},3,37,2,1,0,1,40,3,37,2,1,0,1,40
114,dublin,"WILTON TERRACE (PARK)","Wilton Terrace (Park)",53.3337,-6.24834,0,0,OPEN,"2025-02-22 13:43:11",1,0,{},1,39,0,1,0,1,40,1,39,0,1,0,1,40
114,dublin,"WILTON TERRACE (PARK)","Wilton Terrace (Park)",53.3337,-6.24834,0,0,OPEN,"2025-02-22 13:46:18",1,0,{},1,39,0,1,0,1,40,1,39,0,1,0,1,40
114,dublin,"WILTON TERRACE (PARK)","Wilton Terrace (Park)",53.3337,-6.24834,0,0,OPEN,"2025-02-22 13:56:24",1,0,{},1,39,0,1,0,1,40,1,39,0,1,0,1,40
114,dublin,"WILTON TERRACE (PARK)","Wilton Terrace (Park)",53.3337,-6.24834,0,0,OPEN,"2025-02-22 14:06:29",1,0,{},1,39,0,1,0,1,40,1,39,0,1,0,1,40
114,dublin,"WILTON TERRACE (PARK)","Wilton Terrace (Park)",53.3337,-6.24834,0,0,OPEN,"2025-02-22 14:16:35",1,0,{},1,39,0,1,0,1,40,1,39,0,1,0,1,40
114,dublin,"WILTON TERRACE (PARK)","Wilton Terrace (Park)",53.3337,-6.24834,0,0,OPEN,"2025-02-22 14:21:15",1,0,{},0,40,0,0,0,0,40,0,40,0,0,0,0,40
114,dublin,"WILTON TERRACE (PARK)","Wilton Terrace (Park)",53.3337,-6.24834,0,0,OPEN,"2025-02-22 14:26:41",1,0,{},0,40,0,0,0,0,40,0,40,0,0,0,0,40
114,dublin,"WILTON TERRACE (PARK)","Wilton Terrace (Park)",53.3337,-6.24834,0,0,OPEN,"2025-02-22 14:36:46",1,0,{},0,40,0,0,0,0,40,0,40,0,0,0,0,40
114,dublin,"WILTON TERRACE (PARK)","Wilton Terrace (Park)",53.3337,-6.24834,0,0,OPEN,"2025-02-22 14:46:51",1,0,{},0,40,0,0,0,0,40,0,40,0,0,0,0,40
114,dublin,"WILTON TERRACE (PARK)","Wilton Terrace (Park)",53.3337,-6.24834,0,0,OPEN,"2025-02-22 14:56:57",1,0,{},0,40,0,0,0,0,40,0,40,0,0,0,0,40
114,dublin,"WILTON TERRACE (PARK)","Wilton Terrace (Park)",53.3337,-6.24834,0,0,OPEN,"2025-02-22 15:07:02",1,0,{},0,40,0,0,0,0,40,0,40,0,0,0,0,40
114,dublin,"WILTON TERRACE (PARK)","Wilton Terrace (Park)",53.3337,-6.24834,0,0,OPEN,"2025-02-22 15:17:08",1,0,{},0,40,0,0,0,0,40,0,40,0,0,0,0,40
114,dublin,"WILTON TERRACE (PARK)","Wilton Terrace (Park)",53.3337,-6.24834,0,0,OPEN,"2025-02-22 15:27:13",1,0,{},0,40,0,0,0,0,40,0,40,0,0,0,0,40
114,dublin,"WILTON TERRACE (PARK)","Wilton Terrace (Park)",53.3337,-6.24834,0,0,OPEN,"2025-02-22 15:37:18",1,0,{},0,40,0,0,0,0,40,0,40,0,0,0,0,40
114,dublin,"WILTON TERRACE (PARK)","Wilton Terrace (Park)",53.3337,-6.24834,0,0,OPEN,"2025-02-22 15:47:24",1,0,{},0,40,0,0,0,0,40,0,40,0,0,0,0,40
114,dublin,"WILTON TERRACE (PARK)","Wilton Terrace (Park)",53.3337,-6.24834,0,0,OPEN,"2025-02-22 15:57:29",1,0,{},0,40,0,0,0,0,40,0,40,0,0,0,0,40
114,dublin,"WILTON TERRACE (PARK)","Wilton Terrace (Park)",53.3337,-6.24834,0,0,OPEN,"2025-02-22 16:07:35",1,0,{},0,40,0,0,0,0,40,0,40,0,0,0,0,40
114,dublin,"WILTON TERRACE (PARK)","Wilton Terrace (Park)",53.3337,-6.24834,0,0,OPEN,"2025-02-22 16:17:41",1,0,{},0,40,0,0,0,0,40,0,40,0,0,0,0,40
114,dublin,"WILTON TERRACE (PARK)","Wilton Terrace (Park)",53.3337,-6.24834,0,0,OPEN,"2025-02-22 16:27:46",1,0,{},0,40,0,0,0,0,40,0,40,0,0,0,0,40
114,dublin,"WILTON TERRACE (PARK)","Wilton Terrace (Park)",53.3337,-6.24834,0,0,OPEN,"2025-02-22 16:37:52",1,0,{},0,40,0,0,0,0,40,0,40,0,0,0,0,40
114,dublin,"WILTON TERRACE (PARK)","Wilton Terrace (Park)",53.3337,-6.24834,0,0,OPEN,"2025-02-22 16:47:57",1,0,{},0,40,0,0,0,0,40,0,40,0,0,0,0,40
114,dublin,"WILTON TERRACE (PARK)","Wilton Terrace (Park)",53.3337,-6.24834,0,0,OPEN,"2025-02-22 16:58:02",1,0,{},0,40,0,0,0,0,40,0,40,0,0,0,0,40
114,dublin,"WILTON TERRACE (PARK)","Wilton Terrace (Park)",53.3337,-6.24834,0,0,OPEN,"2025-02-22 17:08:08",1,0,{},0,40,0,0,0,0,40,0,40,0,0,0,0,40
114,dublin,"WILTON TERRACE (PARK)","Wilton Terrace (Park)",53.3337,-6.24834,0,0,OPEN,"2025-02-22 17:18:13",1,0,{},0,40,0,0,0,0,40,0,40,0,0,0,0,40
114,dublin,"WILTON TERRACE (PARK)","Wilton Terrace (Park)",53.3337,-6.24834,0,0,OPEN,"2025-02-22 17:28:19",1,0,{},0,40,0,0,0,0,40,0,40,0,0,0,0,40
114,dublin,"WILTON TERRACE (PARK)","Wilton Terrace (Park)",53.3337,-6.24834,0,0,OPEN,"2025-02-22 17:38:24",1,0,{},0,40,0,0,0,0,40,0,40,0,0,0,0,40
114,dublin,"WILTON TERRACE (PARK)","Wilton Terrace (Park)",53.3337,-6.24834,0,0,OPEN,"2025-02-22 17:48:30",1,0,{},0,40,0,0,0,0,40,0,40,0,0,0,0,40
114,dublin,"WILTON TERRACE (PARK)","Wilton Terrace (Park)",53.3337,-6.24834,0,0,OPEN,"2025-02-22 17:58:35",1,0,{},0,40,0,0,0,0,40,0,40,0,0,0,0,40
114,dublin,"WILTON TERRACE (PARK)","Wilton Terrace (Park)",53.3337,-6.24834,0,0,OPEN,"2025-02-22 18:08:40",1,0,{},0,40,0,0,0,0,40,0,40,0,0,0,0,40
114,dublin,"WILTON TERRACE (PARK)","Wilton Terrace (Park)",53.3337,-6.24834,0,0,OPEN,"2025-02-22 18:18:45",1,0,{},0,40,0,0,0,0,40,0,40,0,0,0,0,40
114,dublin,"WILTON TERRACE (PARK)","Wilton Terrace (Park)",53.3337,-6.24834,0,0,OPEN,"2025-02-22 18:28:51",1,0,{},0,40,0,0,0,0,40,0,40,0,0,0,0,40
114,dublin,"WILTON TERRACE (PARK)","Wilton Terrace (Park)",53.3337,-6.24834,0,0,OPEN,"2025-02-22 18:38:56",1,0,{},0,40,0,0,0,0,40,0,40,0,0,0,0,40
114,dublin,"WILTON TERRACE (PARK)","Wilton Terrace (Park)",53.3337,-6.24834,0,0,OPEN,"2025-02-22 18:49:01",1,0,{},0,40,0,0,0,0,40,0,40,0,0,0,0,40
114,dublin,"WILTON TERRACE (PARK)","Wilton Terrace (Park)",53.3337,-6.24834,0,0,OPEN,"2025-02-22 18:59:07",1,0,{},0,40,0,0,0,0,40,0,40,0,0,0,0,40
114,dublin,"WILTON TERRACE (PARK)","Wilton Terrace (Park)",53.3337,-6.24834,0,0,OPEN,"2025-02-22 19:09:12",1,0,{},0,40,0,0,0,0,40,0,40,0,0,0,0,40
114,dublin,"WILTON TERRACE (PARK)","Wilton Terrace (Park)",53.3337,-6.24834,0,0,OPEN,"2025-02-22 19:19:17",1,0,{},0,40,0,0,0,0,40,0,40,0,0,0,0,40
114,dublin,"WILTON TERRACE (PARK)","Wilton Terrace (Park)",53.3337,-6.24834,0,0,OPEN,"2025-02-22 19:29:23",1,0,{},0,40,0,0,0,0,40,0,40,0,0,0,0,40
114,dublin,"WILTON TERRACE (PARK)","Wilton Terrace (Park)",53.3337,-6.24834,0,0,OPEN,"2025-02-22 19:39:28",1,0,{},0,40,0,0,0,0,40,0,40,0,0,0,0,40
114,dublin,"WILTON TERRACE (PARK)","Wilton Terrace (Park)",53.3337,-6.24834,0,0,OPEN,"2025-02-22 19:49:33",1,0,{},0,40,0,0,0,0,40,0,40,0,0,0,0,40
114,dublin,"WILTON TERRACE (PARK)","Wilton Terrace (Park)",53.3337,-6.24834,0,0,OPEN,"2025-02-22 19:59:39",1,0,{},0,40,0,0,0,0,40,0,40,0,0,0,0,40
114,dublin,"WILTON TERRACE (PARK)","Wilton Terrace (Park)",53.3337,-6.24834,0,0,OPEN,"2025-02-22 20:09:44",1,0,{},0,40,0,0,0,0,40,0,40,0,0,0,0,40
114,dublin,"WILTON TERRACE (PARK)","Wilton Terrace (Park)",53.3337,-6.24834,0,0,OPEN,"2025-02-22 20:19:49",1,0,{},0,40,0,0,0,0,40,0,40,0,0,0,0,40
114,dublin,"WILTON TERRACE (PARK)","Wilton Terrace (Park)",53.3337,-6.24834,0,0,OPEN,"2025-02-22 20:29:55",1,0,{},0,40,0,0,0,0,40,0,40,0,0,0,0,40
114,dublin,"WILTON TERRACE (PARK)","Wilton Terrace (Park)",53.3337,-6.24834,0,0,OPEN,"2025-02-22 20:37:27",1,0,{},2,38,0,2,0,2,40,2,38,0,2,0,2,40
114,dublin,"WILTON TERRACE (PARK)","Wilton Terrace (Park)",53.3337,-6.24834,0,0,OPEN,"2025-02-22 20:40:03",1,0,{},2,38,0,2,0,2,40,2,38,0,2,0,2,40
114,dublin,"WILTON TERRACE (PARK)","Wilton Terrace (Park)",53.3337,-6.24834,0,0,OPEN,"2025-02-22 20:50:08",1,0,{},2,38,0,2,0,2,40,2,38,0,2,0,2,40
114,dublin,"WILTON TERRACE (PARK)","Wilton Terrace (Park)",53.3337,-6.24834,0,0,OPEN,"2025-02-22 21:00:13",1,0,{},2,38,0,2,0,2,40,2,38,0,2,0,2,40
114,dublin,"WILTON TERRACE (PARK)","Wilton Terrace (Park)",53.3337,-6.24834,0,0,OPEN,"2025-02-22 21:10:19",1,0,{},2,38,0,2,0,2,40,2,38,0,2,0,2,40
114,dublin,"WILTON TERRACE (PARK)","Wilton Terrace (Park)",53.3337,-6.24834,0,0,OPEN,"2025-02-22 21:20:24",1,0,{},2,38,0,2,0,2,40,2,38,0,2,0,2,40
114,dublin,"WILTON TERRACE (PARK)","Wilton Terrace (Park)",53.3337,-6.24834,0,0,OPEN,"2025-02-22 21:30:30",1,0,{},2,38,0,2,0,2,40,2,38,0,2,0,2,40
114,dublin,"WILTON TERRACE (PARK)","Wilton Terrace (Park)",53.3337,-6.24834,0,0,OPEN,"2025-02-22 21:40:35",1,0,{},2,38,0,2,0,2,40,2,38,0,2,0,2,40
114,dublin,"WILTON TERRACE (PARK)","Wilton Terrace (Park)",53.3337,-6.24834,0,0,OPEN,"2025-02-22 21:50:40",1,0,{},2,38,0,2,0,2,40,2,38,0,2,0,2,40
114,dublin,"WILTON TERRACE (PARK)","Wilton Terrace (Park)",53.3337,-6.24834,0,0,OPEN,"2025-02-22 22:00:45",1,0,{},2,38,0,2,0,2,40,2,38,0,2,0,2,40
114,dublin,"WILTON TERRACE (PARK)","Wilton Terrace (Park)",53.3337,-6.24834,0,0,OPEN,"2025-02-22 22:10:50",1,0,{},2,38,0,2,0,2,40,2,38,0,2,0,2,40
115,dublin,"KILLARNEY STREET","Killarney Street",53.3548,-6.24758,0,0,OPEN,"2025-02-22 02:52:04",1,0,{},29,1,17,12,0,12,30,29,1,17,12,0,12,30
115,dublin,"KILLARNEY STREET","Killarney Street",53.3548,-6.24758,0,0,OPEN,"2025-02-22 03:12:11",1,0,{},29,1,17,12,0,12,30,29,1,17,12,0,12,30
115,dublin,"KILLARNEY STREET","Killarney Street",53.3548,-6.24758,0,0,OPEN,"2025-02-22 10:13:12",1,0,{},25,5,16,9,0,9,30,25,5,16,9,0,9,30
115,dublin,"KILLARNEY STREET","Killarney Street",53.3548,-6.24758,0,0,OPEN,"2025-02-22 10:23:29",1,0,{},24,6,15,9,0,9,30,24,6,15,9,0,9,30
115,dublin,"KILLARNEY STREET","Killarney Street",53.3548,-6.24758,0,0,OPEN,"2025-02-22 10:23:45",1,0,{},23,7,14,9,0,9,30,23,7,14,9,0,9,30
115,dublin,"KILLARNEY STREET","Killarney Street",53.3548,-6.24758,0,0,OPEN,"2025-02-22 10:33:23",1,0,{},23,7,14,9,0,9,30,23,7,14,9,0,9,30
115,dublin,"KILLARNEY STREET","Killarney Street",53.3548,-6.24758,0,0,OPEN,"2025-02-22 10:37:01",1,0,{},26,4,15,11,0,11,30,26,4,15,11,0,11,30
115,dublin,"KILLARNEY STREET","Killarney Street",53.3548,-6.24758,0,0,OPEN,"2025-02-22 10:43:27",1,0,{},25,5,14,11,0,11,30,25,5,14,11,0,11,30
115,dublin,"KILLARNEY STREET","Killarney Street",53.3548,-6.24758,0,0,OPEN,"2025-02-22 10:53:31",1,0,{},25,5,14,11,0,11,30,25,5,14,11,0,11,30
115,dublin,"KILLARNEY STREET","Killarney Street",53.3548,-6.24758,0,0,OPEN,"2025-02-22 10:55:46",1,0,{},24,6,14,10,0,10,30,24,6,14,10,0,10,30
115,dublin,"KILLARNEY STREET","Killarney Street",53.3548,-6.24758,0,0,OPEN,"2025-02-22 11:08:10",1,0,{},25,5,15,10,0,10,30,25,5,15,10,0,10,30
115,dublin,"KILLARNEY STREET","Killarney Street",53.3548,-6.24758,0,0,OPEN,"2025-02-22 11:12:52",1,0,{},25,5,16,9,0,9,30,25,5,16,9,0,9,30
115,dublin,"KILLARNEY STREET","Killarney Street",53.3548,-6.24758,0,0,OPEN,"2025-02-22 11:13:43",1,0,{},25,5,16,9,0,9,30,25,5,16,9,0,9,30
115,dublin,"KILLARNEY STREET","Killarney Street",53.3548,-6.24758,0,0,OPEN,"2025-02-22 11:23:25",1,0,{},23,7,15,8,0,8,30,23,7,15,8,0,8,30
115,dublin,"KILLARNEY STREET","Killarney Street",53.3548,-6.24758,0,0,OPEN,"2025-02-22 11:23:51",1,0,{},23,7,15,8,0,8,30,23,7,15,8,0,8,30
115,dublin,"KILLARNEY STREET","Killarney Street",53.3548,-6.24758,0,0,OPEN,"2025-02-22 11:36:20",1,0,{},24,6,16,8,0,8,30,24,6,16,8,0,8,30
115,dublin,"KILLARNEY STREET","Killarney Street",53.3548,-6.24758,0,0,OPEN,"2025-02-22 11:44:00",1,0,{},24,6,16,8,0,8,30,24,6,16,8,0,8,30
115,dublin,"KILLARNEY STREET","Killarney Street",53.3548,-6.24758,0,0,OPEN,"2025-02-22 11:53:31",1,0,{},23,7,15,8,0,8,30,23,7,15,8,0,8,30
115,dublin,"KILLARNEY STREET","Killarney Street",53.3548,-6.24758,0,0,OPEN,"2025-02-22 11:54:05",1,0,{},23,7,15,8,0,8,30,23,7,15,8,0,8,30
115,dublin,"KILLARNEY STREET","Killarney Street",53.3548,-6.24758,0,0,OPEN,"2025-02-22 12:01:21",1,0,{},22,8,15,7,0,7,30,22,8,15,7,0,7,30
115,dublin,"KILLARNEY STREET","Killarney Street",53.3548,-6.24758,0,0,OPEN,"2025-02-22 12:04:12",1,0,{},22,8,15,7,0,7,30,22,8,15,7,0,7,30
115,dublin,"KILLARNEY STREET","Killarney Street",53.3548,-6.24758,0,0,OPEN,"2025-02-22 12:08:58",1,0,{},23,7,16,7,0,7,30,23,7,16,7,0,7,30
115,dublin,"KILLARNEY STREET","Killarney Street",53.3548,-6.24758,0,0,OPEN,"2025-02-22 12:14:17",1,0,{},23,7,16,7,0,7,30,23,7,16,7,0,7,30
115,dublin,"KILLARNEY STREET","Killarney Street",53.3548,-6.24758,0,0,OPEN,"2025-02-22 12:27:17",1,0,{},23,7,15,8,0,8,30,23,7,15,8,0,8,30
115,dublin,"KILLARNEY STREET","Killarney Street",53.3548,-6.24758,0,0,OPEN,"2025-02-22 12:33:01",1,0,{},22,8,15,7,0,7,30,22,8,15,7,0,7,30
115,dublin,"KILLARNEY STREET","Killarney Street",53.3548,-6.24758,0,0,OPEN,"2025-02-22 12:38:10",1,0,{},19,11,13,6,0,6,30,19,11,13,6,0,6,30
115,dublin,"KILLARNEY STREET","Killarney Street",53.3548,-6.24758,0,0,OPEN,"2025-02-22 12:42:40",1,0,{},19,11,13,6,0,6,30,19,11,13,6,0,6,30
115,dublin,"KILLARNEY STREET","Killarney Street",53.3548,-6.24758,0,0,OPEN,"2025-02-22 12:44:39",1,0,{},19,11,13,6,0,6,30,19,11,13,6,0,6,30
115,dublin,"KILLARNEY STREET","Killarney Street",53.3548,-6.24758,0,0,OPEN,"2025-02-22 12:54:43",1,0,{},20,10,13,7,0,7,30,20,10,13,7,0,7,30
115,dublin,"KILLARNEY STREET","Killarney Street",53.3548,-6.24758,0,0,OPEN,"2025-02-22 13:02:28",1,0,{},21,9,14,7,0,7,30,21,9,14,7,0,7,30
115,dublin,"KILLARNEY STREET","Killarney Street",53.3548,-6.24758,0,0,OPEN,"2025-02-22 13:04:48",1,0,{},21,9,14,7,0,7,30,21,9,14,7,0,7,30
115,dublin,"KILLARNEY STREET","Killarney Street",53.3548,-6.24758,0,0,OPEN,"2025-02-22 13:14:53",1,0,{},21,9,14,7,0,7,30,21,9,14,7,0,7,30
115,dublin,"KILLARNEY STREET","Killarney Street",53.3548,-6.24758,0,0,OPEN,"2025-02-22 13:25:52",1,0,{},21,9,14,7,0,7,30,21,9,14,7,0,7,30
115,dublin,"KILLARNEY STREET","Killarney Street",53.3548,-6.24758,0,0,OPEN,"2025-02-22 13:35:01",1,0,{},21,9,14,7,0,7,30,21,9,14,7,0,7,30
115,dublin,"KILLARNEY STREET","Killarney Street",53.3548,-6.24758,0,0,OPEN,"2025-02-22 13:42:04",1,0,{},21,9,14,7,0,7,30,21,9,14,7,0,7,30
115,dublin,"KILLARNEY STREET","Killarney Street",53.3548,-6.24758,0,0,OPEN,"2025-02-22 13:45:05",1,0,{},21,9,14,7,0,7,30,21,9,14,7,0,7,30
115,dublin,"KILLARNEY STREET","Killarney Street",53.3548,-6.24758,0,0,OPEN,"2025-02-22 13:57:56",1,0,{},22,8,14,8,0,8,30,22,8,14,8,0,8,30
115,dublin,"KILLARNEY STREET","Killarney Street",53.3548,-6.24758,0,0,OPEN,"2025-02-22 14:05:14",1,0,{},22,8,14,8,0,8,30,22,8,14,8,0,8,30
115,dublin,"KILLARNEY STREET","Killarney Street",53.3548,-6.24758,0,0,OPEN,"2025-02-22 14:11:12",1,0,{},21,9,13,8,0,8,30,21,9,13,8,0,8,30
115,dublin,"KILLARNEY STREET","Killarney Street",53.3548,-6.24758,0,0,OPEN,"2025-02-22 14:17:56",1,0,{},20,10,12,8,0,8,30,20,10,12,8,0,8,30
115,dublin,"KILLARNEY STREET","Killarney Street",53.3548,-6.24758,0,0,OPEN,"2025-02-22 14:18:53",1,0,{},19,11,12,7,0,7,30,19,11,12,7,0,7,30
115,dublin,"KILLARNEY STREET","Killarney Street",53.3548,-6.24758,0,0,OPEN,"2025-02-22 14:25:29",1,0,{},20,10,13,7,0,7,30,20,10,13,7,0,7,30
115,dublin,"KILLARNEY STREET","Killarney Street",53.3548,-6.24758,0,0,OPEN,"2025-02-22 14:35:33",1,0,{},20,10,13,7,0,7,30,20,10,13,7,0,7,30
115,dublin,"KILLARNEY STREET","Killarney Street",53.3548,-6.24758,0,0,OPEN,"2025-02-22 14:45:37",1,0,{},20,10,13,7,0,7,30,20,10,13,7,0,7,30
115,dublin,"KILLARNEY STREET","Killarney Street",53.3548,-6.24758,0,0,OPEN,"2025-02-22 14:51:31",1,0,{},19,11,12,7,0,7,30,19,11,12,7,0,7,30
115,dublin,"KILLARNEY STREET","Killarney Street",53.3548,-6.24758,0,0,OPEN,"2025-02-22 14:58:24",1,0,{},18,12,11,7,0,7,30,18,12,11,7,0,7,30
115,dublin,"KILLARNEY STREET","Killarney Street",53.3548,-6.24758,0,0,OPEN,"2025-02-22 15:05:49",1,0,{},18,12,11,7,0,7,30,18,12,11,7,0,7,30
115,dublin,"KILLARNEY STREET","Killarney Street",53.3548,-6.24758,0,0,OPEN,"2025-02-22 15:13:20",1,0,{},18,12,11,7,0,7,30,18,12,11,7,0,7,30
115,dublin,"KILLARNEY STREET","Killarney Street",53.3548,-6.24758,0,0,OPEN,"2025-02-22 15:15:55",1,0,{},19,11,11,8,0,8,30,19,11,11,8,0,8,30
115,dublin,"KILLARNEY STREET","Killarney Street",53.3548,-6.24758,0,0,OPEN,"2025-02-22 15:26:00",1,0,{},20,10,12,8,0,8,30,20,10,12,8,0,8,30
115,dublin,"KILLARNEY STREET","Killarney Street",53.3548,-6.24758,0,0,OPEN,"2025-02-22 15:36:04",1,0,{},20,10,12,8,0,8,30,20,10,12,8,0,8,30
115,dublin,"KILLARNEY STREET","Killarney Street",53.3548,-6.24758,0,0,OPEN,"2025-02-22 15:40:46",1,0,{},21,9,13,8,0,8,30,21,9,13,8,0,8,30
115,dublin,"KILLARNEY STREET","Killarney Street",53.3548,-6.24758,0,0,OPEN,"2025-02-22 15:46:08",1,0,{},21,9,13,8,0,8,30,21,9,13,8,0,8,30
115,dublin,"KILLARNEY STREET","Killarney Street",53.3548,-6.24758,0,0,OPEN,"2025-02-22 15:56:13",1,0,{},21,9,13,8,0,8,30,21,9,13,8,0,8,30
115,dublin,"KILLARNEY STREET","Killarney Street",53.3548,-6.24758,0,0,OPEN,"2025-02-22 16:00:08",1,0,{},20,10,12,8,0,8,30,20,10,12,8,0,8,30
115,dublin,"KILLARNEY STREET","Killarney Street",53.3548,-6.24758,0,0,OPEN,"2025-02-22 16:07:24",1,0,{},21,9,12,9,0,9,30,21,9,12,9,0,9,30
115,dublin,"KILLARNEY STREET","Killarney Street",53.3548,-6.24758,0,0,OPEN,"2025-02-22 16:10:06",1,0,{},22,8,13,9,0,9,30,22,8,13,9,0,9,30
115,dublin,"KILLARNEY STREET","Killarney Street",53.3548,-6.24758,0,0,OPEN,"2025-02-22 16:16:23",1,0,{},22,8,13,9,0,9,30,22,8,13,9,0,9,30
115,dublin,"KILLARNEY STREET","Killarney Street",53.3548,-6.24758,0,0,OPEN,"2025-02-22 16:26:29",1,0,{},21,9,12,9,0,9,30,21,9,12,9,0,9,30
115,dublin,"KILLARNEY STREET","Killarney Street",53.3548,-6.24758,0,0,OPEN,"2025-02-22 16:31:09",1,0,{},22,8,13,9,0,9,30,22,8,13,9,0,9,30
115,dublin,"KILLARNEY STREET","Killarney Street",53.3548,-6.24758,0,0,OPEN,"2025-02-22 16:36:34",1,0,{},21,9,12,9,0,9,30,21,9,12,9,0,9,30
115,dublin,"KILLARNEY STREET","Killarney Street",53.3548,-6.24758,0,0,OPEN,"2025-02-22 16:46:42",1,0,{},19,11,11,8,0,8,30,19,11,11,8,0,8,30
115,dublin,"KILLARNEY STREET","Killarney Street",53.3548,-6.24758,0,0,OPEN,"2025-02-22 16:53:12",1,0,{},20,10,12,8,0,8,30,20,10,12,8,0,8,30
115,dublin,"KILLARNEY STREET","Killarney Street",53.3548,-6.24758,0,0,OPEN,"2025-02-22 16:56:47",1,0,{},20,10,12,8,0,8,30,20,10,12,8,0,8,30
115,dublin,"KILLARNEY STREET","Killarney Street",53.3548,-6.24758,0,0,OPEN,"2025-02-22 17:00:55",1,0,{},21,9,13,8,0,8,30,21,9,13,8,0,8,30
115,dublin,"KILLARNEY STREET","Killarney Street",53.3548,-6.24758,0,0,OPEN,"2025-02-22 17:07:45",1,0,{},22,8,14,8,0,8,30,22,8,14,8,0,8,30
115,dublin,"KILLARNEY STREET","Killarney Street",53.3548,-6.24758,0,0,OPEN,"2025-02-22 17:16:58",1,0,{},22,8,14,8,0,8,30,22,8,14,8,0,8,30
115,dublin,"KILLARNEY STREET","Killarney Street",53.3548,-6.24758,0,0,OPEN,"2025-02-22 17:20:58",1,0,{},21,9,13,8,0,8,30,21,9,13,8,0,8,30
115,dublin,"KILLARNEY STREET","Killarney Street",53.3548,-6.24758,0,0,OPEN,"2025-02-22 17:27:06",1,0,{},20,10,12,8,0,8,30,20,10,12,8,0,8,30
115,dublin,"KILLARNEY STREET","Killarney Street",53.3548,-6.24758,0,0,OPEN,"2025-02-22 17:33:06",1,0,{},20,10,12,8,0,8,30,20,10,12,8,0,8,30
115,dublin,"KILLARNEY STREET","Killarney Street",53.3548,-6.24758,0,0,OPEN,"2025-02-22 17:37:12",1,0,{},20,10,12,8,0,8,30,20,10,12,8,0,8,30
115,dublin,"KILLARNEY STREET","Killarney Street",53.3548,-6.24758,0,0,OPEN,"2025-02-22 17:47:15",1,0,{},20,10,12,8,0,8,30,20,10,12,8,0,8,30
115,dublin,"KILLARNEY STREET","Killarney Street",53.3548,-6.24758,0,0,OPEN,"2025-02-22 17:57:21",1,0,{},20,10,12,8,0,8,30,20,10,12,8,0,8,30
115,dublin,"KILLARNEY STREET","Killarney Street",53.3548,-6.24758,0,0,OPEN,"2025-02-22 18:03:15",1,0,{},21,9,12,9,0,9,30,21,9,12,9,0,9,30
115,dublin,"KILLARNEY STREET","Killarney Street",53.3548,-6.24758,0,0,OPEN,"2025-02-22 18:07:27",1,0,{},21,9,12,9,0,9,30,21,9,12,9,0,9,30
115,dublin,"KILLARNEY STREET","Killarney Street",53.3548,-6.24758,0,0,OPEN,"2025-02-22 18:11:12",1,0,{},20,10,11,9,0,9,30,20,10,11,9,0,9,30
115,dublin,"KILLARNEY STREET","Killarney Street",53.3548,-6.24758,0,0,OPEN,"2025-02-22 18:17:33",1,0,{},22,8,13,9,0,9,30,22,8,13,9,0,9,30
115,dublin,"KILLARNEY STREET","Killarney Street",53.3548,-6.24758,0,0,OPEN,"2025-02-22 18:22:39",1,0,{},23,7,14,9,0,9,30,23,7,14,9,0,9,30
115,dublin,"KILLARNEY STREET","Killarney Street",53.3548,-6.24758,0,0,OPEN,"2025-02-22 18:27:38",1,0,{},23,7,14,9,0,9,30,23,7,14,9,0,9,30
115,dublin,"KILLARNEY STREET","Killarney Street",53.3548,-6.24758,0,0,OPEN,"2025-02-22 18:37:42",1,0,{},23,7,14,9,0,9,30,23,7,14,9,0,9,30
115,dublin,"KILLARNEY STREET","Killarney Street",53.3548,-6.24758,0,0,OPEN,"2025-02-22 18:47:48",1,0,{},22,8,14,8,0,8,30,22,8,14,8,0,8,30
115,dublin,"KILLARNEY STREET","Killarney Street",53.3548,-6.24758,0,0,OPEN,"2025-02-22 18:58:03",1,0,{},22,8,15,7,0,7,30,22,8,15,7,0,7,30
115,dublin,"KILLARNEY STREET","Killarney Street",53.3548,-6.24758,0,0,OPEN,"2025-02-22 19:08:01",1,0,{},22,8,15,7,0,7,30,22,8,15,7,0,7,30
115,dublin,"KILLARNEY STREET","Killarney Street",53.3548,-6.24758,0,0,OPEN,"2025-02-22 19:10:07",1,0,{},21,9,14,7,0,7,30,21,9,14,7,0,7,30
115,dublin,"KILLARNEY STREET","Killarney Street",53.3548,-6.24758,0,0,OPEN,"2025-02-22 19:18:12",1,0,{},23,7,15,8,0,8,30,23,7,15,8,0,8,30
115,dublin,"KILLARNEY STREET","Killarney Street",53.3548,-6.24758,0,0,OPEN,"2025-02-22 19:28:34",1,0,{},23,7,14,9,0,9,30,23,7,14,9,0,9,30
115,dublin,"KILLARNEY STREET","Killarney Street",53.3548,-6.24758,0,0,OPEN,"2025-02-22 19:38:19",1,0,{},24,6,15,9,0,9,30,24,6,15,9,0,9,30
115,dublin,"KILLARNEY STREET","Killarney Street",53.3548,-6.24758,0,0,OPEN,"2025-02-22 19:48:22",1,0,{},24,6,15,9,0,9,30,24,6,15,9,0,9,30
115,dublin,"KILLARNEY STREET","Killarney Street",53.3548,-6.24758,0,0,OPEN,"2025-02-22 19:58:27",1,0,{},24,6,15,9,0,9,30,24,6,15,9,0,9,30
115,dublin,"KILLARNEY STREET","Killarney Street",53.3548,-6.24758,0,0,OPEN,"2025-02-22 20:08:31",1,0,{},24,6,15,9,0,9,30,24,6,15,9,0,9,30
115,dublin,"KILLARNEY STREET","Killarney Street",53.3548,-6.24758,0,0,OPEN,"2025-02-22 20:12:12",1,0,{},25,5,16,9,0,9,30,25,5,16,9,0,9,30
115,dublin,"KILLARNEY STREET","Killarney Street",53.3548,-6.24758,0,0,OPEN,"2025-02-22 20:18:36",1,0,{},25,5,16,9,0,9,30,25,5,16,9,0,9,30
115,dublin,"KILLARNEY STREET","Killarney Street",53.3548,-6.24758,0,0,OPEN,"2025-02-22 20:28:40",1,0,{},25,5,16,9,0,9,30,25,5,16,9,0,9,30
115,dublin,"KILLARNEY STREET","Killarney Street",53.3548,-6.24758,0,0,OPEN,"2025-02-22 20:34:22",1,0,{},27,3,16,11,0,11,30,27,3,16,11,0,11,30
115,dublin,"KILLARNEY STREET","Killarney Street",53.3548,-6.24758,0,0,OPEN,"2025-02-22 20:38:45",1,0,{},28,2,17,11,0,11,30,28,2,17,11,0,11,30
115,dublin,"KILLARNEY STREET","Killarney Street",53.3548,-6.24758,0,0,OPEN,"2025-02-22 20:41:09",1,0,{},26,4,15,11,0,11,30,26,4,15,11,0,11,30
115,dublin,"KILLARNEY STREET","Killarney Street",53.3548,-6.24758,0,0,OPEN,"2025-02-22 20:48:51",1,0,{},26,4,15,11,0,11,30,26,4,15,11,0,11,30
115,dublin,"KILLARNEY STREET","Killarney Street",53.3548,-6.24758,0,0,OPEN,"2025-02-22 20:58:56",1,0,{},26,4,15,11,0,11,30,26,4,15,11,0,11,30
115,dublin,"KILLARNEY STREET","Killarney Street",53.3548,-6.24758,0,0,OPEN,"2025-02-22 21:09:00",1,0,{},26,4,15,11,0,11,30,26,4,15,11,0,11,30
115,dublin,"KILLARNEY STREET","Killarney Street",53.3548,-6.24758,0,0,OPEN,"2025-02-22 21:19:08",1,0,{},25,5,15,10,0,10,30,25,5,15,10,0,10,30
115,dublin,"KILLARNEY STREET","Killarney Street",53.3548,-6.24758,0,0,OPEN,"2025-02-22 21:29:14",1,0,{},23,7,15,8,0,8,30,23,7,15,8,0,8,30
115,dublin,"KILLARNEY STREET","Killarney Street",53.3548,-6.24758,0,0,OPEN,"2025-02-22 21:31:48",1,0,{},22,8,14,8,0,8,30,22,8,14,8,0,8,30
115,dublin,"KILLARNEY STREET","Killarney Street",53.3548,-6.24758,0,0,OPEN,"2025-02-22 21:39:20",1,0,{},22,8,14,8,0,8,30,22,8,14,8,0,8,30
115,dublin,"KILLARNEY STREET","Killarney Street",53.3548,-6.24758,0,0,OPEN,"2025-02-22 21:49:24",1,0,{},22,8,14,8,0,8,30,22,8,14,8,0,8,30
115,dublin,"KILLARNEY STREET","Killarney Street",53.3548,-6.24758,0,0,OPEN,"2025-02-22 21:59:29",1,0,{},22,8,14,8,0,8,30,22,8,14,8,0,8,30
115,dublin,"KILLARNEY STREET","Killarney Street",53.3548,-6.24758,0,0,OPEN,"2025-02-22 22:09:33",1,0,{},22,8,14,8,0,8,30,22,8,14,8,0,8,30
116,dublin,BROADSTONE,Broadstone,53.3547,-6.27231,0,0,OPEN,"2025-02-22 02:53:42",1,0,{},23,7,12,11,0,11,30,23,7,12,11,0,11,30
116,dublin,BROADSTONE,Broadstone,53.3547,-6.27231,0,0,OPEN,"2025-02-22 03:13:48",1,0,{},23,7,12,11,0,11,30,23,7,12,11,0,11,30
116,dublin,BROADSTONE,Broadstone,53.3547,-6.27231,0,0,OPEN,"2025-02-22 03:16:26",1,0,{},23,7,12,11,0,11,30,23,7,12,11,0,11,30
116,dublin,BROADSTONE,Broadstone,53.3547,-6.27231,0,0,OPEN,"2025-02-22 10:10:17",1,0,{},21,9,10,11,0,11,30,21,9,10,11,0,11,30
116,dublin,BROADSTONE,Broadstone,53.3547,-6.27231,0,0,OPEN,"2025-02-22 10:14:15",1,0,{},22,8,11,11,0,11,30,22,8,11,11,0,11,30
116,dublin,BROADSTONE,Broadstone,53.3547,-6.27231,0,0,OPEN,"2025-02-22 10:20:22",1,0,{},22,8,11,11,0,11,30,22,8,11,11,0,11,30
116,dublin,BROADSTONE,Broadstone,53.3547,-6.27231,0,0,OPEN,"2025-02-22 10:30:27",1,0,{},22,8,11,11,0,11,30,22,8,11,11,0,11,30
116,dublin,BROADSTONE,Broadstone,53.3547,-6.27231,0,0,OPEN,"2025-02-22 10:40:33",1,0,{},22,8,11,11,0,11,30,22,8,11,11,0,11,30
116,dublin,BROADSTONE,Broadstone,53.3547,-6.27231,0,0,OPEN,"2025-02-22 10:50:38",1,0,{},22,8,11,11,0,11,30,22,8,11,11,0,11,30
116,dublin,BROADSTONE,Broadstone,53.3547,-6.27231,0,0,OPEN,"2025-02-22 11:00:43",1,0,{},22,8,11,11,0,11,30,22,8,11,11,0,11,30
116,dublin,BROADSTONE,Broadstone,53.3547,-6.27231,0,0,OPEN,"2025-02-22 11:10:49",1,0,{},22,8,11,11,0,11,30,22,8,11,11,0,11,30
116,dublin,BROADSTONE,Broadstone,53.3547,-6.27231,0,0,OPEN,"2025-02-22 11:20:55",1,0,{},22,8,11,11,0,11,30,22,8,11,11,0,11,30
116,dublin,BROADSTONE,Broadstone,53.3547,-6.27231,0,0,OPEN,"2025-02-22 11:31:00",1,0,{},22,8,11,11,0,11,30,22,8,11,11,0,11,30
116,dublin,BROADSTONE,Broadstone,53.3547,-6.27231,0,0,OPEN,"2025-02-22 11:41:05",1,0,{},22,8,11,11,0,11,30,22,8,11,11,0,11,30
116,dublin,BROADSTONE,Broadstone,53.3547,-6.27231,0,0,OPEN,"2025-02-22 11:51:10",1,0,{},22,8,11,11,0,11,30,22,8,11,11,0,11,30
116,dublin,BROADSTONE,Broadstone,53.3547,-6.27231,0,0,OPEN,"2025-02-22 11:55:21",1,0,{},22,8,11,11,0,11,30,22,8,11,11,0,11,30
116,dublin,BROADSTONE,Broadstone,53.3547,-6.27231,0,0,OPEN,"2025-02-22 12:01:16",1,0,{},22,8,11,11,0,11,30,22,8,11,11,0,11,30
116,dublin,BROADSTONE,Broadstone,53.3547,-6.27231,0,0,OPEN,"2025-02-22 12:11:21",1,0,{},22,8,11,11,0,11,30,22,8,11,11,0,11,30
116,dublin,BROADSTONE,Broadstone,53.3547,-6.27231,0,0,OPEN,"2025-02-22 12:21:27",1,0,{},22,8,11,11,0,11,30,22,8,11,11,0,11,30
116,dublin,BROADSTONE,Broadstone,53.3547,-6.27231,0,0,OPEN,"2025-02-22 12:31:32",1,0,{},22,8,11,11,0,11,30,22,8,11,11,0,11,30
116,dublin,BROADSTONE,Broadstone,53.3547,-6.27231,0,0,OPEN,"2025-02-22 12:41:40",1,0,{},21,9,10,11,0,11,30,21,9,10,11,0,11,30
116,dublin,BROADSTONE,Broadstone,53.3547,-6.27231,0,0,OPEN,"2025-02-22 12:46:23",1,0,{},21,9,10,11,0,11,30,21,9,10,11,0,11,30
116,dublin,BROADSTONE,Broadstone,53.3547,-6.27231,0,0,OPEN,"2025-02-22 12:51:47",1,0,{},20,10,10,10,0,10,30,20,10,10,10,0,10,30
116,dublin,BROADSTONE,Broadstone,53.3547,-6.27231,0,0,OPEN,"2025-02-22 13:01:52",1,0,{},20,10,10,10,0,10,30,20,10,10,10,0,10,30
116,dublin,BROADSTONE,Broadstone,53.3547,-6.27231,0,0,OPEN,"2025-02-22 13:06:21",1,0,{},20,10,10,10,0,10,30,20,10,10,10,0,10,30
116,dublin,BROADSTONE,Broadstone,53.3547,-6.27231,0,0,OPEN,"2025-02-22 13:11:58",1,0,{},20,10,10,10,0,10,30,20,10,10,10,0,10,30
116,dublin,BROADSTONE,Broadstone,53.3547,-6.27231,0,0,OPEN,"2025-02-22 13:22:03",1,0,{},20,10,10,10,0,10,30,20,10,10,10,0,10,30
116,dublin,BROADSTONE,Broadstone,53.3547,-6.27231,0,0,OPEN,"2025-02-22 13:32:09",1,0,{},20,10,10,10,0,10,30,20,10,10,10,0,10,30
116,dublin,BROADSTONE,Broadstone,53.3547,-6.27231,0,0,OPEN,"2025-02-22 13:42:21",1,0,{},19,11,9,10,0,10,30,19,11,9,10,0,10,30
116,dublin,BROADSTONE,Broadstone,53.3547,-6.27231,0,0,OPEN,"2025-02-22 13:52:21",1,0,{},18,12,9,9,0,9,30,18,12,9,9,0,9,30
116,dublin,BROADSTONE,Broadstone,53.3547,-6.27231,0,0,OPEN,"2025-02-22 14:02:43",1,0,{},19,11,10,9,0,9,30,19,11,10,9,0,9,30
116,dublin,BROADSTONE,Broadstone,53.3547,-6.27231,0,0,OPEN,"2025-02-22 14:05:52",1,0,{},19,11,10,9,0,9,30,19,11,10,9,0,9,30
116,dublin,BROADSTONE,Broadstone,53.3547,-6.27231,0,0,OPEN,"2025-02-22 14:12:32",1,0,{},19,11,10,9,0,9,30,19,11,10,9,0,9,30
116,dublin,BROADSTONE,Broadstone,53.3547,-6.27231,0,0,OPEN,"2025-02-22 14:18:23",1,0,{},18,12,9,9,0,9,30,18,12,9,9,0,9,30
116,dublin,BROADSTONE,Broadstone,53.3547,-6.27231,0,0,OPEN,"2025-02-22 14:22:39",1,0,{},18,12,9,9,0,9,30,18,12,9,9,0,9,30
116,dublin,BROADSTONE,Broadstone,53.3547,-6.27231,0,0,OPEN,"2025-02-22 14:26:25",1,0,{},19,11,10,9,0,9,30,19,11,10,9,0,9,30
116,dublin,BROADSTONE,Broadstone,53.3547,-6.27231,0,0,OPEN,"2025-02-22 14:32:46",1,0,{},19,11,10,9,0,9,30,19,11,10,9,0,9,30
116,dublin,BROADSTONE,Broadstone,53.3547,-6.27231,0,0,OPEN,"2025-02-22 14:42:51",1,0,{},19,11,10,9,0,9,30,19,11,10,9,0,9,30
116,dublin,BROADSTONE,Broadstone,53.3547,-6.27231,0,0,OPEN,"2025-02-22 14:52:57",1,0,{},19,11,10,9,0,9,30,19,11,10,9,0,9,30
116,dublin,BROADSTONE,Broadstone,53.3547,-6.27231,0,0,OPEN,"2025-02-22 15:03:02",1,0,{},19,11,10,9,0,9,30,19,11,10,9,0,9,30
116,dublin,BROADSTONE,Broadstone,53.3547,-6.27231,0,0,OPEN,"2025-02-22 15:13:11",1,0,{},18,12,9,9,0,9,30,18,12,9,9,0,9,30
116,dublin,BROADSTONE,Broadstone,53.3547,-6.27231,0,0,OPEN,"2025-02-22 15:23:16",1,0,{},18,12,9,9,0,9,30,18,12,9,9,0,9,30
116,dublin,BROADSTONE,Broadstone,53.3547,-6.27231,0,0,OPEN,"2025-02-22 15:33:22",1,0,{},18,12,9,9,0,9,30,18,12,9,9,0,9,30
116,dublin,BROADSTONE,Broadstone,53.3547,-6.27231,0,0,OPEN,"2025-02-22 15:43:27",1,0,{},18,12,9,9,0,9,30,18,12,9,9,0,9,30
116,dublin,BROADSTONE,Broadstone,53.3547,-6.27231,0,0,OPEN,"2025-02-22 15:53:33",1,0,{},18,12,9,9,0,9,30,18,12,9,9,0,9,30
116,dublin,BROADSTONE,Broadstone,53.3547,-6.27231,0,0,OPEN,"2025-02-22 16:03:38",1,0,{},18,12,9,9,0,9,30,18,12,9,9,0,9,30
116,dublin,BROADSTONE,Broadstone,53.3547,-6.27231,0,0,OPEN,"2025-02-22 16:09:09",1,0,{},19,11,10,9,0,9,30,19,11,10,9,0,9,30
116,dublin,BROADSTONE,Broadstone,53.3547,-6.27231,0,0,OPEN,"2025-02-22 16:13:44",1,0,{},19,11,10,9,0,9,30,19,11,10,9,0,9,30
116,dublin,BROADSTONE,Broadstone,53.3547,-6.27231,0,0,OPEN,"2025-02-22 16:23:49",1,0,{},19,11,10,9,0,9,30,19,11,10,9,0,9,30
116,dublin,BROADSTONE,Broadstone,53.3547,-6.27231,0,0,OPEN,"2025-02-22 16:33:55",1,0,{},19,11,10,9,0,9,30,19,11,10,9,0,9,30
116,dublin,BROADSTONE,Broadstone,53.3547,-6.27231,0,0,OPEN,"2025-02-22 16:44:01",1,0,{},19,11,10,9,0,9,30,19,11,10,9,0,9,30
116,dublin,BROADSTONE,Broadstone,53.3547,-6.27231,0,0,OPEN,"2025-02-22 16:54:06",1,0,{},19,11,10,9,0,9,30,19,11,10,9,0,9,30
116,dublin,BROADSTONE,Broadstone,53.3547,-6.27231,0,0,OPEN,"2025-02-22 17:04:12",1,0,{},19,11,10,9,0,9,30,19,11,10,9,0,9,30
116,dublin,BROADSTONE,Broadstone,53.3547,-6.27231,0,0,OPEN,"2025-02-22 17:10:55",1,0,{},19,11,10,9,0,9,30,19,11,10,9,0,9,30
116,dublin,BROADSTONE,Broadstone,53.3547,-6.27231,0,0,OPEN,"2025-02-22 17:14:17",1,0,{},19,11,10,9,0,9,30,19,11,10,9,0,9,30
116,dublin,BROADSTONE,Broadstone,53.3547,-6.27231,0,0,OPEN,"2025-02-22 17:24:23",1,0,{},19,11,10,9,0,9,30,19,11,10,9,0,9,30
116,dublin,BROADSTONE,Broadstone,53.3547,-6.27231,0,0,OPEN,"2025-02-22 17:34:29",1,0,{},19,11,10,9,0,9,30,19,11,10,9,0,9,30
116,dublin,BROADSTONE,Broadstone,53.3547,-6.27231,0,0,OPEN,"2025-02-22 17:44:34",1,0,{},19,11,10,9,0,9,30,19,11,10,9,0,9,30
116,dublin,BROADSTONE,Broadstone,53.3547,-6.27231,0,0,OPEN,"2025-02-22 17:54:39",1,0,{},19,11,10,9,0,9,30,19,11,10,9,0,9,30
116,dublin,BROADSTONE,Broadstone,53.3547,-6.27231,0,0,OPEN,"2025-02-22 18:04:45",1,0,{},19,11,10,9,0,9,30,19,11,10,9,0,9,30
116,dublin,BROADSTONE,Broadstone,53.3547,-6.27231,0,0,OPEN,"2025-02-22 18:14:50",1,0,{},19,11,10,9,0,9,30,19,11,10,9,0,9,30
116,dublin,BROADSTONE,Broadstone,53.3547,-6.27231,0,0,OPEN,"2025-02-22 18:24:55",1,0,{},19,11,10,9,0,9,30,19,11,10,9,0,9,30
116,dublin,BROADSTONE,Broadstone,53.3547,-6.27231,0,0,OPEN,"2025-02-22 18:35:01",1,0,{},19,11,10,9,0,9,30,19,11,10,9,0,9,30
116,dublin,BROADSTONE,Broadstone,53.3547,-6.27231,0,0,OPEN,"2025-02-22 18:45:06",1,0,{},19,11,10,9,0,9,30,19,11,10,9,0,9,30
116,dublin,BROADSTONE,Broadstone,53.3547,-6.27231,0,0,OPEN,"2025-02-22 18:55:11",1,0,{},19,11,10,9,0,9,30,19,11,10,9,0,9,30
116,dublin,BROADSTONE,Broadstone,53.3547,-6.27231,0,0,OPEN,"2025-02-22 19:05:17",1,0,{},19,11,10,9,0,9,30,19,11,10,9,0,9,30
116,dublin,BROADSTONE,Broadstone,53.3547,-6.27231,0,0,OPEN,"2025-02-22 19:15:23",1,0,{},19,11,10,9,0,9,30,19,11,10,9,0,9,30
116,dublin,BROADSTONE,Broadstone,53.3547,-6.27231,0,0,OPEN,"2025-02-22 19:25:28",1,0,{},19,11,10,9,0,9,30,19,11,10,9,0,9,30
116,dublin,BROADSTONE,Broadstone,53.3547,-6.27231,0,0,OPEN,"2025-02-22 19:35:34",1,0,{},19,11,10,9,0,9,30,19,11,10,9,0,9,30
116,dublin,BROADSTONE,Broadstone,53.3547,-6.27231,0,0,OPEN,"2025-02-22 19:45:56",1,0,{},19,11,10,9,0,9,30,19,11,10,9,0,9,30
116,dublin,BROADSTONE,Broadstone,53.3547,-6.27231,0,0,OPEN,"2025-02-22 19:58:49",1,0,{},18,12,9,9,0,9,30,18,12,9,9,0,9,30
116,dublin,BROADSTONE,Broadstone,53.3547,-6.27231,0,0,OPEN,"2025-02-22 20:05:52",1,0,{},18,12,9,9,0,9,30,18,12,9,9,0,9,30
116,dublin,BROADSTONE,Broadstone,53.3547,-6.27231,0,0,OPEN,"2025-02-22 20:15:57",1,0,{},18,12,9,9,0,9,30,18,12,9,9,0,9,30
116,dublin,BROADSTONE,Broadstone,53.3547,-6.27231,0,0,OPEN,"2025-02-22 20:24:12",1,0,{},19,11,10,9,0,9,30,19,11,10,9,0,9,30
116,dublin,BROADSTONE,Broadstone,53.3547,-6.27231,0,0,OPEN,"2025-02-22 20:26:03",1,0,{},19,11,10,9,0,9,30,19,11,10,9,0,9,30
116,dublin,BROADSTONE,Broadstone,53.3547,-6.27231,0,0,OPEN,"2025-02-22 20:36:08",1,0,{},19,11,10,9,0,9,30,19,11,10,9,0,9,30
116,dublin,BROADSTONE,Broadstone,53.3547,-6.27231,0,0,OPEN,"2025-02-22 20:46:13",1,0,{},19,11,10,9,0,9,30,19,11,10,9,0,9,30
116,dublin,BROADSTONE,Broadstone,53.3547,-6.27231,0,0,OPEN,"2025-02-22 20:52:30",1,0,{},19,11,10,9,0,9,30,19,11,10,9,0,9,30
116,dublin,BROADSTONE,Broadstone,53.3547,-6.27231,0,0,OPEN,"2025-02-22 20:56:19",1,0,{},19,11,10,9,0,9,30,19,11,10,9,0,9,30
116,dublin,BROADSTONE,Broadstone,53.3547,-6.27231,0,0,OPEN,"2025-02-22 20:59:43",1,0,{},20,10,11,9,0,9,30,20,10,11,9,0,9,30
116,dublin,BROADSTONE,Broadstone,53.3547,-6.27231,0,0,OPEN,"2025-02-22 21:06:25",1,0,{},20,10,11,9,0,9,30,20,10,11,9,0,9,30
116,dublin,BROADSTONE,Broadstone,53.3547,-6.27231,0,0,OPEN,"2025-02-22 21:16:30",1,0,{},20,10,11,9,0,9,30,20,10,11,9,0,9,30
116,dublin,BROADSTONE,Broadstone,53.3547,-6.27231,0,0,OPEN,"2025-02-22 21:26:35",1,0,{},20,10,11,9,0,9,30,20,10,11,9,0,9,30
116,dublin,BROADSTONE,Broadstone,53.3547,-6.27231,0,0,OPEN,"2025-02-22 21:36:40",1,0,{},20,10,11,9,0,9,30,20,10,11,9,0,9,30
116,dublin,BROADSTONE,Broadstone,53.3547,-6.27231,0,0,OPEN,"2025-02-22 21:46:45",1,0,{},20,10,11,9,0,9,30,20,10,11,9,0,9,30
116,dublin,BROADSTONE,Broadstone,53.3547,-6.27231,0,0,OPEN,"2025-02-22 21:56:50",1,0,{},20,10,11,9,0,9,30,20,10,11,9,0,9,30
116,dublin,BROADSTONE,Broadstone,53.3547,-6.27231,0,0,OPEN,"2025-02-22 22:06:56",1,0,{},20,10,11,9,0,9,30,20,10,11,9,0,9,30
116,dublin,BROADSTONE,Broadstone,53.3547,-6.27231,0,0,OPEN,"2025-02-22 22:17:01",1,0,{},20,10,11,9,0,9,30,20,10,11,9,0,9,30
117,dublin,"HANOVER QUAY EAST","Hanover Quay East",53.3437,-6.23175,0,0,OPEN,"2025-02-22 02:55:49",1,0,{},2,38,1,1,0,1,40,2,38,1,1,0,1,40
117,dublin,"HANOVER QUAY EAST","Hanover Quay East",53.3437,-6.23175,0,0,OPEN,"2025-02-22 03:05:53",1,0,{},2,38,1,1,0,1,40,2,38,1,1,0,1,40
117,dublin,"HANOVER QUAY EAST","Hanover Quay East",53.3437,-6.23175,0,0,OPEN,"2025-02-22 10:09:38",1,0,{},2,38,1,1,0,1,40,2,38,1,1,0,1,40
117,dublin,"HANOVER QUAY EAST","Hanover Quay East",53.3437,-6.23175,0,0,OPEN,"2025-02-22 10:19:41",1,0,{},2,38,1,1,0,1,40,2,38,1,1,0,1,40
117,dublin,"HANOVER QUAY EAST","Hanover Quay East",53.3437,-6.23175,0,0,OPEN,"2025-02-22 10:29:44",1,0,{},2,38,1,1,0,1,40,2,38,1,1,0,1,40
117,dublin,"HANOVER QUAY EAST","Hanover Quay East",53.3437,-6.23175,0,0,OPEN,"2025-02-22 10:39:47",1,0,{},2,38,1,1,0,1,40,2,38,1,1,0,1,40
117,dublin,"HANOVER QUAY EAST","Hanover Quay East",53.3437,-6.23175,0,0,OPEN,"2025-02-22 10:49:50",1,0,{},2,38,1,1,0,1,40,2,38,1,1,0,1,40
117,dublin,"HANOVER QUAY EAST","Hanover Quay East",53.3437,-6.23175,0,0,OPEN,"2025-02-22 10:59:53",1,0,{},2,38,1,1,0,1,40,2,38,1,1,0,1,40
117,dublin,"HANOVER QUAY EAST","Hanover Quay East",53.3437,-6.23175,0,0,OPEN,"2025-02-22 11:09:56",1,0,{},2,38,1,1,0,1,40,2,38,1,1,0,1,40
117,dublin,"HANOVER QUAY EAST","Hanover Quay East",53.3437,-6.23175,0,0,OPEN,"2025-02-22 11:20:00",1,0,{},2,38,1,1,0,1,40,2,38,1,1,0,1,40
117,dublin,"HANOVER QUAY EAST","Hanover Quay East",53.3437,-6.23175,0,0,OPEN,"2025-02-22 11:30:03",1,0,{},2,38,1,1,0,1,40,2,38,1,1,0,1,40
117,dublin,"HANOVER QUAY EAST","Hanover Quay East",53.3437,-6.23175,0,0,OPEN,"2025-02-22 11:40:06",1,0,{},2,38,1,1,0,1,40,2,38,1,1,0,1,40
117,dublin,"HANOVER QUAY EAST","Hanover Quay East",53.3437,-6.23175,0,0,OPEN,"2025-02-22 11:50:09",1,0,{},2,38,1,1,0,1,40,2,38,1,1,0,1,40
117,dublin,"HANOVER QUAY EAST","Hanover Quay East",53.3437,-6.23175,0,0,OPEN,"2025-02-22 12:00:13",1,0,{},2,38,1,1,0,1,40,2,38,1,1,0,1,40
117,dublin,"HANOVER QUAY EAST","Hanover Quay East",53.3437,-6.23175,0,0,OPEN,"2025-02-22 12:10:16",1,0,{},2,38,1,1,0,1,40,2,38,1,1,0,1,40
117,dublin,"HANOVER QUAY EAST","Hanover Quay East",53.3437,-6.23175,0,0,OPEN,"2025-02-22 12:20:19",1,0,{},2,38,1,1,0,1,40,2,38,1,1,0,1,40
117,dublin,"HANOVER QUAY EAST","Hanover Quay East",53.3437,-6.23175,0,0,OPEN,"2025-02-22 12:30:21",1,0,{},2,38,1,1,0,1,40,2,38,1,1,0,1,40
117,dublin,"HANOVER QUAY EAST","Hanover Quay East",53.3437,-6.23175,0,0,OPEN,"2025-02-22 12:34:09",1,0,{},1,39,0,1,0,1,40,1,39,0,1,0,1,40
117,dublin,"HANOVER QUAY EAST","Hanover Quay East",53.3437,-6.23175,0,0,OPEN,"2025-02-22 12:40:27",1,0,{},1,39,0,1,0,1,40,1,39,0,1,0,1,40
117,dublin,"HANOVER QUAY EAST","Hanover Quay East",53.3437,-6.23175,0,0,OPEN,"2025-02-22 12:50:30",1,0,{},1,39,0,1,0,1,40,1,39,0,1,0,1,40
117,dublin,"HANOVER QUAY EAST","Hanover Quay East",53.3437,-6.23175,0,0,OPEN,"2025-02-22 13:01:45",1,0,{},2,38,1,1,0,1,40,2,38,1,1,0,1,40
117,dublin,"HANOVER QUAY EAST","Hanover Quay East",53.3437,-6.23175,0,0,OPEN,"2025-02-22 13:10:37",1,0,{},2,38,1,1,0,1,40,2,38,1,1,0,1,40
117,dublin,"HANOVER QUAY EAST","Hanover Quay East",53.3437,-6.23175,0,0,OPEN,"2025-02-22 13:20:40",1,0,{},2,38,1,1,0,1,40,2,38,1,1,0,1,40
117,dublin,"HANOVER QUAY EAST","Hanover Quay East",53.3437,-6.23175,0,0,OPEN,"2025-02-22 13:30:43",1,0,{},2,38,1,1,0,1,40,2,38,1,1,0,1,40
117,dublin,"HANOVER QUAY EAST","Hanover Quay East",53.3437,-6.23175,0,0,OPEN,"2025-02-22 13:36:25",1,0,{},3,37,2,1,0,1,40,3,37,2,1,0,1,40
117,dublin,"HANOVER QUAY EAST","Hanover Quay East",53.3437,-6.23175,0,0,OPEN,"2025-02-22 13:40:47",1,0,{},3,37,2,1,0,1,40,3,37,2,1,0,1,40
117,dublin,"HANOVER QUAY EAST","Hanover Quay East",53.3437,-6.23175,0,0,OPEN,"2025-02-22 13:50:55",1,0,{},2,38,1,1,0,1,40,2,38,1,1,0,1,40
117,dublin,"HANOVER QUAY EAST","Hanover Quay East",53.3437,-6.23175,0,0,OPEN,"2025-02-22 14:00:56",1,0,{},2,38,1,1,0,1,40,2,38,1,1,0,1,40
117,dublin,"HANOVER QUAY EAST","Hanover Quay East",53.3437,-6.23175,0,0,OPEN,"2025-02-22 14:10:58",1,0,{},2,38,1,1,0,1,40,2,38,1,1,0,1,40
117,dublin,"HANOVER QUAY EAST","Hanover Quay East",53.3437,-6.23175,0,0,OPEN,"2025-02-22 14:21:01",1,0,{},2,38,1,1,0,1,40,2,38,1,1,0,1,40
117,dublin,"HANOVER QUAY EAST","Hanover Quay East",53.3437,-6.23175,0,0,OPEN,"2025-02-22 14:31:04",1,0,{},2,38,1,1,0,1,40,2,38,1,1,0,1,40
117,dublin,"HANOVER QUAY EAST","Hanover Quay East",53.3437,-6.23175,0,0,OPEN,"2025-02-22 14:41:07",1,0,{},2,38,1,1,0,1,40,2,38,1,1,0,1,40
117,dublin,"HANOVER QUAY EAST","Hanover Quay East",53.3437,-6.23175,0,0,OPEN,"2025-02-22 14:47:06",1,0,{},4,36,3,1,0,1,40,4,36,3,1,0,1,40
117,dublin,"HANOVER QUAY EAST","Hanover Quay East",53.3437,-6.23175,0,0,OPEN,"2025-02-22 14:51:11",1,0,{},4,36,3,1,0,1,40,4,36,3,1,0,1,40
117,dublin,"HANOVER QUAY EAST","Hanover Quay East",53.3437,-6.23175,0,0,OPEN,"2025-02-22 15:03:31",1,0,{},2,38,1,1,0,1,40,2,38,1,1,0,1,40
117,dublin,"HANOVER QUAY EAST","Hanover Quay East",53.3437,-6.23175,0,0,OPEN,"2025-02-22 15:05:54",1,0,{},2,38,1,1,0,1,40,2,38,1,1,0,1,40
117,dublin,"HANOVER QUAY EAST","Hanover Quay East",53.3437,-6.23175,0,0,OPEN,"2025-02-22 15:11:20",1,0,{},2,38,1,1,0,1,40,2,38,1,1,0,1,40
117,dublin,"HANOVER QUAY EAST","Hanover Quay East",53.3437,-6.23175,0,0,OPEN,"2025-02-22 15:21:24",1,0,{},2,38,1,1,0,1,40,2,38,1,1,0,1,40
117,dublin,"HANOVER QUAY EAST","Hanover Quay East",53.3437,-6.23175,0,0,OPEN,"2025-02-22 15:31:27",1,0,{},2,38,1,1,0,1,40,2,38,1,1,0,1,40
117,dublin,"HANOVER QUAY EAST","Hanover Quay East",53.3437,-6.23175,0,0,OPEN,"2025-02-22 15:41:30",1,0,{},2,38,1,1,0,1,40,2,38,1,1,0,1,40
117,dublin,"HANOVER QUAY EAST","Hanover Quay East",53.3437,-6.23175,0,0,OPEN,"2025-02-22 15:51:33",1,0,{},2,38,1,1,0,1,40,2,38,1,1,0,1,40
117,dublin,"HANOVER QUAY EAST","Hanover Quay East",53.3437,-6.23175,0,0,OPEN,"2025-02-22 16:01:36",1,0,{},2,38,1,1,0,1,40,2,38,1,1,0,1,40
117,dublin,"HANOVER QUAY EAST","Hanover Quay East",53.3437,-6.23175,0,0,OPEN,"2025-02-22 16:11:38",1,0,{},2,38,1,1,0,1,40,2,38,1,1,0,1,40
117,dublin,"HANOVER QUAY EAST","Hanover Quay East",53.3437,-6.23175,0,0,OPEN,"2025-02-22 16:21:41",1,0,{},2,38,1,1,0,1,40,2,38,1,1,0,1,40
117,dublin,"HANOVER QUAY EAST","Hanover Quay East",53.3437,-6.23175,0,0,OPEN,"2025-02-22 16:31:45",1,0,{},2,38,1,1,0,1,40,2,38,1,1,0,1,40
117,dublin,"HANOVER QUAY EAST","Hanover Quay East",53.3437,-6.23175,0,0,OPEN,"2025-02-22 16:41:48",1,0,{},2,38,1,1,0,1,40,2,38,1,1,0,1,40
117,dublin,"HANOVER QUAY EAST","Hanover Quay East",53.3437,-6.23175,0,0,OPEN,"2025-02-22 16:51:51",1,0,{},2,38,1,1,0,1,40,2,38,1,1,0,1,40
117,dublin,"HANOVER QUAY EAST","Hanover Quay East",53.3437,-6.23175,0,0,OPEN,"2025-02-22 17:01:55",1,0,{},2,38,1,1,0,1,40,2,38,1,1,0,1,40
117,dublin,"HANOVER QUAY EAST","Hanover Quay East",53.3437,-6.23175,0,0,OPEN,"2025-02-22 17:11:58",1,0,{},2,38,1,1,0,1,40,2,38,1,1,0,1,40
117,dublin,"HANOVER QUAY EAST","Hanover Quay East",53.3437,-6.23175,0,0,OPEN,"2025-02-22 17:15:34",1,0,{},3,37,1,2,0,2,40,3,37,1,2,0,2,40
117,dublin,"HANOVER QUAY EAST","Hanover Quay East",53.3437,-6.23175,0,0,OPEN,"2025-02-22 17:22:02",1,0,{},3,37,1,2,0,2,40,3,37,1,2,0,2,40
117,dublin,"HANOVER QUAY EAST","Hanover Quay East",53.3437,-6.23175,0,0,OPEN,"2025-02-22 17:32:05",1,0,{},3,37,1,2,0,2,40,3,37,1,2,0,2,40
117,dublin,"HANOVER QUAY EAST","Hanover Quay East",53.3437,-6.23175,0,0,OPEN,"2025-02-22 17:42:08",1,0,{},3,37,1,2,0,2,40,3,37,1,2,0,2,40
117,dublin,"HANOVER QUAY EAST","Hanover Quay East",53.3437,-6.23175,0,0,OPEN,"2025-02-22 17:52:11",1,0,{},3,37,1,2,0,2,40,3,37,1,2,0,2,40
117,dublin,"HANOVER QUAY EAST","Hanover Quay East",53.3437,-6.23175,0,0,OPEN,"2025-02-22 18:02:14",1,0,{},3,37,1,2,0,2,40,3,37,1,2,0,2,40
117,dublin,"HANOVER QUAY EAST","Hanover Quay East",53.3437,-6.23175,0,0,OPEN,"2025-02-22 18:12:17",1,0,{},3,37,1,2,0,2,40,3,37,1,2,0,2,40
117,dublin,"HANOVER QUAY EAST","Hanover Quay East",53.3437,-6.23175,0,0,OPEN,"2025-02-22 18:15:04",1,0,{},1,39,0,1,0,1,40,1,39,0,1,0,1,40
117,dublin,"HANOVER QUAY EAST","Hanover Quay East",53.3437,-6.23175,0,0,OPEN,"2025-02-22 18:22:24",1,0,{},1,39,0,1,0,1,40,1,39,0,1,0,1,40
117,dublin,"HANOVER QUAY EAST","Hanover Quay East",53.3437,-6.23175,0,0,OPEN,"2025-02-22 18:32:28",1,0,{},2,38,1,1,0,1,40,2,38,1,1,0,1,40
117,dublin,"HANOVER QUAY EAST","Hanover Quay East",53.3437,-6.23175,0,0,OPEN,"2025-02-22 18:42:31",1,0,{},2,38,1,1,0,1,40,2,38,1,1,0,1,40
117,dublin,"HANOVER QUAY EAST","Hanover Quay East",53.3437,-6.23175,0,0,OPEN,"2025-02-22 18:52:34",1,0,{},2,38,1,1,0,1,40,2,38,1,1,0,1,40
117,dublin,"HANOVER QUAY EAST","Hanover Quay East",53.3437,-6.23175,0,0,OPEN,"2025-02-22 19:02:37",1,0,{},2,38,1,1,0,1,40,2,38,1,1,0,1,40
117,dublin,"HANOVER QUAY EAST","Hanover Quay East",53.3437,-6.23175,0,0,OPEN,"2025-02-22 19:12:42",1,0,{},2,38,1,1,0,1,40,2,38,1,1,0,1,40
117,dublin,"HANOVER QUAY EAST","Hanover Quay East",53.3437,-6.23175,0,0,OPEN,"2025-02-22 19:22:46",1,0,{},2,38,1,1,0,1,40,2,38,1,1,0,1,40
117,dublin,"HANOVER QUAY EAST","Hanover Quay East",53.3437,-6.23175,0,0,OPEN,"2025-02-22 19:29:05",1,0,{},3,37,2,1,0,1,40,3,37,2,1,0,1,40
117,dublin,"HANOVER QUAY EAST","Hanover Quay East",53.3437,-6.23175,0,0,OPEN,"2025-02-22 19:32:49",1,0,{},3,37,2,1,0,1,40,3,37,2,1,0,1,40
117,dublin,"HANOVER QUAY EAST","Hanover Quay East",53.3437,-6.23175,0,0,OPEN,"2025-02-22 19:42:53",1,0,{},3,37,2,1,0,1,40,3,37,2,1,0,1,40
117,dublin,"HANOVER QUAY EAST","Hanover Quay East",53.3437,-6.23175,0,0,OPEN,"2025-02-22 19:52:56",1,0,{},3,37,2,1,0,1,40,3,37,2,1,0,1,40
117,dublin,"HANOVER QUAY EAST","Hanover Quay East",53.3437,-6.23175,0,0,OPEN,"2025-02-22 20:02:59",1,0,{},3,37,2,1,0,1,40,3,37,2,1,0,1,40
117,dublin,"HANOVER QUAY EAST","Hanover Quay East",53.3437,-6.23175,0,0,OPEN,"2025-02-22 20:13:03",1,0,{},3,37,2,1,0,1,40,3,37,2,1,0,1,40
117,dublin,"HANOVER QUAY EAST","Hanover Quay East",53.3437,-6.23175,0,0,OPEN,"2025-02-22 20:23:06",1,0,{},3,37,2,1,0,1,40,3,37,2,1,0,1,40
117,dublin,"HANOVER QUAY EAST","Hanover Quay East",53.3437,-6.23175,0,0,OPEN,"2025-02-22 20:33:09",1,0,{},3,37,2,1,0,1,40,3,37,2,1,0,1,40
117,dublin,"HANOVER QUAY EAST","Hanover Quay East",53.3437,-6.23175,0,0,OPEN,"2025-02-22 20:43:12",1,0,{},3,37,2,1,0,1,40,3,37,2,1,0,1,40
117,dublin,"HANOVER QUAY EAST","Hanover Quay East",53.3437,-6.23175,0,0,OPEN,"2025-02-22 20:53:15",1,0,{},3,37,2,1,0,1,40,3,37,2,1,0,1,40
117,dublin,"HANOVER QUAY EAST","Hanover Quay East",53.3437,-6.23175,0,0,OPEN,"2025-02-22 21:03:18",1,0,{},3,37,2,1,0,1,40,3,37,2,1,0,1,40
117,dublin,"HANOVER QUAY EAST","Hanover Quay East",53.3437,-6.23175,0,0,OPEN,"2025-02-22 21:13:21",1,0,{},3,37,2,1,0,1,40,3,37,2,1,0,1,40
117,dublin,"HANOVER QUAY EAST","Hanover Quay East",53.3437,-6.23175,0,0,OPEN,"2025-02-22 21:23:23",1,0,{},3,37,2,1,0,1,40,3,37,2,1,0,1,40
117,dublin,"HANOVER QUAY EAST","Hanover Quay East",53.3437,-6.23175,0,0,OPEN,"2025-02-22 21:33:26",1,0,{},3,37,2,1,0,1,40,3,37,2,1,0,1,40
117,dublin,"HANOVER QUAY EAST","Hanover Quay East",53.3437,-6.23175,0,0,OPEN,"2025-02-22 21:43:29",1,0,{},3,37,2,1,0,1,40,3,37,2,1,0,1,40
117,dublin,"HANOVER QUAY EAST","Hanover Quay East",53.3437,-6.23175,0,0,OPEN,"2025-02-22 21:53:32",1,0,{},3,37,2,1,0,1,40,3,37,2,1,0,1,40
117,dublin,"HANOVER QUAY EAST","Hanover Quay East",53.3437,-6.23175,0,0,OPEN,"2025-02-22 22:03:35",1,0,{},3,37,2,1,0,1,40,3,37,2,1,0,1,40
117,dublin,"HANOVER QUAY EAST","Hanover Quay East",53.3437,-6.23175,0,0,OPEN,"2025-02-22 22:13:39",1,0,{},3,37,2,1,0,1,40,3,37,2,1,0,1,40
